index;x;y;z
0;-0.138018;0.116872;-0.017982
1;0.191325;-0.037674;0.159643
2;0.071344;0.026709;0.026258
3;-0.077669;-0.005059;-0.087394
4;-0.044556;0.008903;-0.094371
5;0.023292;-0.018689;0.011985
6;-0.006431;-0.013408;0.089131
7;-0.049599;0.032295;0.002762
8;-0.035908;-0.022330;-0.056080
9;0.016022;-0.011355;-0.023837
10;0.014457;0.010480;0.036351
11;-0.082730;-0.018879;0.087569
12;-0.138042;-0.008380;0.045565
13;-0.061207;-0.036180;0.035908
14;0.069347;0.019516;0.016723
15;0.151865;-0.006397;-0.012021
16;0.099800;0.008100;-0.024776
17;0.036939;0.002975;-0.002219
18;0.040430;0.005743;-0.013579
19;0.031829;-0.022277;-0.005700
20;0.001847;0.004865;-0.007584
21;-0.020446;-0.003852;0.001147
22;-0.032465;0.010709;-0.002524
23;-0.001824;-0.017506;0.000683
24;0.011893;-0.004086;0.007260
25;0.020110;-0.020720;0.014415
26;0.008304;0.008280;-0.006519
27;-0.019596;0.009066;-0.017230
28;-0.042211;-0.002801;-0.013473
29;-0.015297;-0.009480;0.011667
30;0.026555;-0.018526;0.021654
31;0.002407;-0.005732;0.009245
32;-0.010573;0.008068;-0.002282
33;-0.006487;0.007530;-0.018616
34;-0.001855;-0.005493;-0.010244
35;0.007051;-0.019652;0.001821
36;-0.012046;0.003702;-0.000315
37;-0.039314;-0.001762;-0.024013
38;-0.067588;-0.016432;0.008045
39;-0.029443;-0.019493;0.049933
40;-0.159422;-0.156203;0.108661
41;-0.280196;-0.056785;0.133570
42;-0.304511;-0.044678;0.173650
43;0.043607;-0.093599;0.156853
44;0.203020;0.064870;-0.044070
45;-0.036276;0.219998;-0.092808
46;0.023833;0.020097;0.046835
47;0.232416;0.062433;-0.023423
48;0.053604;-0.091555;-0.060579
49;0.050239;0.070155;-0.182127
50;0.189074;0.110748;-0.082502
51;0.330676;0.124393;-0.062902
52;0.299827;0.119614;-0.160760
53;0.280375;0.111975;-0.070951
54;-0.412189;-0.802362;0.253206
55;0.087285;0.308738;-0.227137
56;0.170210;0.025282;0.079852
57;0.339660;-0.007883;0.109245
58;-0.095286;0.113908;0.005906
59;-0.318285;-0.086126;0.070927
60;0.107412;-0.041004;-0.088443
61;0.264097;-0.039518;0.219741
62;0.199141;0.009288;-0.009195
63;-0.032500;-0.010078;-0.014107
64;-0.118262;0.012086;0.037247
65;-0.104513;0.008104;-0.002056
66;-0.097830;-0.038152;0.035440
67;0.093794;0.002639;0.026163
68;0.019614;-0.032667;0.037845
69;-0.130773;-0.068575;0.059707
70;-0.263265;-0.099573;0.061502
71;-0.300939;-0.248842;0.034804
72;-0.462834;-0.149013;-0.108000
73;-0.553390;-0.263360;-0.164070
74;-0.345024;-0.219821;-0.014519
75;-0.165657;-0.013204;0.148187
76;0.135146;-0.165061;0.151068
77;-0.055692;-0.006110;0.055764
78;-0.314397;0.157364;0.010530
79;-0.241346;0.259268;-0.082638
80;0.163187;-0.097158;0.055614
81;0.314226;0.077060;0.018621
82;0.207084;0.040762;-0.034223
83;0.329467;0.018547;0.060254
84;0.397034;-0.002571;-0.000834
85;0.397546;0.041044;0.105067
86;0.457928;0.132529;0.159352
87;0.307069;-0.475425;0.153093
88;0.173681;0.010887;-0.118301
89;0.338869;0.038594;-0.281124
90;-0.057745;-0.043940;0.120250
91;0.173007;0.149322;0.140203
92;-0.104020;-0.143670;0.017485
93;-0.019315;-0.039075;0.035994
94;0.183935;-0.001459;0.036427
95;0.090694;-0.045668;0.021618
96;-0.148827;0.068615;0.020761
97;-0.019207;0.012773;0.009705
98;0.069010;0.002347;0.000934
99;-0.090841;-0.024985;-0.004917
100;-0.243898;-0.054142;-0.006183
101;-0.075895;-0.127846;0.022581
102;-0.104748;-0.101835;0.022973
103;-0.382400;-0.293641;-0.005110
104;-0.576787;-0.427630;-0.109880
105;-0.739077;-0.363988;-0.324136
106;-0.731294;-0.390388;-0.149669
107;-0.459446;-0.224861;0.186301
108;0.127078;-0.285649;0.205899
109;0.163023;0.128729;0.046227
110;0.064878;0.170698;0.186030
111;-0.234034;0.477609;-0.186587
112;-0.087604;0.317244;-0.095571
113;0.131906;-0.028839;-0.174037
114;0.422432;-0.071741;0.060318
115;0.699836;-0.165690;0.198450
116;0.640146;0.024698;0.016201
117;0.593541;0.019804;0.119290
118;0.230668;-0.627709;-0.114847
119;-0.152720;-0.140397;-0.004146
120;0.459546;0.317027;-0.246338
121;0.187389;-0.141027;0.310522
122;0.401328;0.090262;0.148916
123;0.026596;-0.153643;-0.149987
124;-0.107110;-0.024713;0.090794
125;-0.079120;0.144565;-0.002178
126;-0.045058;-0.085928;-0.002691
127;-0.136493;0.008825;-0.017002
128;-0.043735;-0.035038;0.035223
129;-0.173517;-0.162896;-0.015106
130;-0.354012;-0.241254;0.004591
131;-0.587612;-0.268863;0.004820
132;-0.669289;-0.575083;-0.026256
133;-0.639212;-0.405477;-0.247082
134;-0.620742;-0.207011;-0.019030
135;-0.159840;-0.175331;0.170506
136;0.049758;-0.049798;0.081464
137;0.139974;0.240950;0.042007
138;0.169646;0.366248;0.113722
139;0.112325;0.600103;-0.154283
140;0.057627;0.373314;-0.180977
141;0.216467;-0.089689;-0.273714
142;0.345939;-0.410610;0.104108
143;0.588830;-0.118922;0.062418
144;0.546352;-0.083949;0.185949
145;0.121488;-0.492250;-0.098332
146;-0.314044;-0.132885;0.066447
147;0.670072;0.267108;-0.349931
148;0.177649;-0.054556;0.305075
149;0.506067;0.064290;0.171474
150;-0.018809;-0.062807;-0.017139
151;-0.007075;-0.171611;0.016671
152;-0.008674;0.091668;0.047882
153;-0.062840;0.006123;0.032896
154;-0.269560;0.026938;-0.004782
155;-0.133723;-0.024450;-0.006791
156;-0.164643;-0.071858;-0.033215
157;-0.285368;-0.176917;0.027514
158;-0.362174;-0.253944;0.008988
159;-0.465993;-0.555916;-0.021375
160;-0.712556;-0.459247;-0.276844
161;-0.827244;-0.327784;0.002821
162;-0.266565;-0.208721;0.243367
163;-0.120809;-0.170352;0.143562
164;0.168082;0.255568;0.032382
165;0.116146;0.201372;0.225042
166;-0.102607;0.529361;-0.093780
167;-0.068155;0.320031;-0.037297
168;0.358785;-0.005798;-0.132537
169;0.684408;-0.150398;0.255023
170;0.677320;-0.118558;0.046054
171;0.365781;-0.085660;-0.010384
172;0.530208;-0.144612;-0.066862
173;-0.132197;-0.528251;0.157873
174;0.049469;0.137878;-0.080146
175;0.608566;0.219783;-0.307241
176;0.477452;-0.158460;0.483752
177;0.045894;0.021586;-0.007576
178;-0.194140;-0.122723;-0.038473
179;-0.035025;0.074466;0.050077
180;0.040032;0.034620;-0.002828
181;-0.087700;-0.053681;-0.011262
182;-0.076936;0.025118;-0.002366
183;-0.161741;-0.086305;-0.000806
184;-0.435599;-0.137850;0.064427
185;-0.538481;-0.405285;0.005660
186;-0.569540;-0.601407;-0.069504
187;-0.847642;-0.698124;-0.360600
188;-0.883504;-0.386815;0.090025
189;-0.129590;-0.174041;0.390294
190;-0.030515;0.006322;0.091980
191;0.281312;0.303018;0.110942
192;0.071516;0.231465;0.133880
193;-0.100677;0.590144;-0.140635
194;-0.028210;0.222480;-0.074495
195;0.283390;-0.056548;-0.043861
196;0.628932;-0.315577;0.366903
197;0.637301;0.088645;0.029978
198;0.319674;-0.194227;0.194492
199;0.621485;0.067342;-0.024896
200;-0.089709;-1.023749;-0.264679
201;-0.155662;0.097746;-0.027688
202;0.930409;0.281630;-0.058862
203;0.526946;-0.090024;0.577692
204;0.148253;-0.070150;-0.006768
205;-0.342650;-0.190861;-0.084458
206;-0.041239;0.077263;0.028514
207;0.053358;0.024351;0.047839
208;-0.020959;-0.006683;0.005313
209;-0.069755;-0.083494;-0.019081
210;-0.136786;-0.100142;0.020266
211;-0.405524;-0.159961;-0.021375
212;-0.527038;-0.284722;-0.087369
213;-0.619842;-0.512966;-0.040531
214;-0.855178;-0.746098;-0.292704
215;-0.848933;-0.428370;-0.098272
216;-0.225885;-0.258671;0.182509
217;0.033627;-0.196426;0.162145
218;0.194504;0.225655;-0.127907
219;0.007676;0.212082;0.140176
220;-0.067826;0.459712;-0.074799
221;-0.079983;0.537585;-0.065282
222;0.377053;0.078055;-0.096015
223;0.586883;-0.185183;0.188317
224;0.811777;-0.163002;0.157288
225;0.455995;-0.130309;-0.045755
226;0.473975;-0.087730;0.014469
227;-0.238599;-0.865302;-0.400936
228;-0.274945;0.099295;-0.044077
229;0.844881;0.291278;-0.102778
230;0.243025;0.002331;0.362408
231;0.360296;0.005975;0.097056
232;-0.291894;-0.107254;-0.045897
233;-0.017906;-0.045693;-0.025385
234;0.169767;0.051660;0.046332
235;0.046221;0.021292;-0.032133
236;-0.166300;-0.038864;-0.023197
237;-0.074050;-0.023571;0.049916
238;-0.109372;-0.149873;0.050503
239;-0.504657;-0.260316;-0.008076
240;-0.698845;-0.443441;-0.024746
241;-0.734648;-1.025182;0.062854
242;-1.373060;-0.557562;-0.099170
243;-0.436308;-0.200580;0.004748
244;-0.080069;-0.246257;0.210638
245;0.089222;0.160139;-0.086980
246;0.158964;0.250301;0.051145
247;0.107742;0.526420;-0.102609
248;0.039160;0.577956;-0.094584
249;0.373472;0.255365;-0.233343
250;0.539476;-0.242081;0.166681
251;0.489822;-0.261725;0.072210
252;0.182209;-0.199211;0.027887
253;0.801151;-0.078114;0.123813
254;0.483566;0.099248;-0.039359
255;-0.685336;-0.421295;0.023839
256;0.648744;0.464176;-0.019854
257;0.428192;-0.042361;0.090065
258;0.543264;0.009571;0.066577
259;-0.303607;-0.124338;-0.082236
260;-0.155748;0.019196;0.031475
261;0.161997;0.053762;0.035627
262;0.130523;-0.003870;0.035507
263;-0.220500;-0.083350;-0.016916
264;-0.104538;-0.070523;0.000354
265;-0.187437;-0.166770;-0.076971
266;-0.727254;-0.304806;-0.066294
267;-0.553738;-0.377330;-0.038085
268;-0.349408;-0.608941;0.036018
269;-1.287023;-0.816500;0.005504
270;-0.789649;-0.263192;0.085510
271;-0.128314;-0.270260;0.069393
272;0.107870;-0.036099;0.063215
273;0.381220;0.327568;0.055689
274;0.193436;0.367382;0.050911
275;0.110157;0.690300;-0.138926
276;-0.071378;0.506522;-0.232973
277;0.220136;-0.220146;-0.163642
278;0.661389;-0.490801;0.434903
279;0.936625;-0.113728;0.139046
280;0.464707;-0.071710;0.160998
281;0.299736;-0.282520;-0.039603
282;-0.771308;-0.132361;-0.136910
283;0.484010;0.423922;0.045458
284;0.511242;0.018762;0.151267
285;0.701575;-0.064973;0.146858
286;-0.063391;-0.129382;-0.110011
287;-0.282403;-0.089283;0.001568
288;0.038142;0.073222;0.044334
289;0.108354;0.014142;0.030957
290;-0.093939;-0.068322;-0.015428
291;-0.135694;-0.108823;0.003849
292;-0.396590;-0.071741;-0.079683
293;-0.647050;-0.324655;0.027260
294;-0.355137;-0.403917;0.045803
295;-0.585646;-0.808410;-0.127415
296;-1.415733;-0.737688;-0.080964
297;-0.754161;-0.282728;0.013802
298;-0.092134;-0.232013;0.098321
299;0.096713;-0.027807;0.123324
300;0.274143;0.337328;0.122828
301;0.223500;0.297654;0.143987
302;0.166774;0.733844;-0.093104
303;0.065154;0.354227;-0.158795
304;0.202640;-0.099730;-0.267173
305;0.640349;-0.482489;0.466065
306;0.860953;-0.092150;0.078151
307;0.545008;-0.081425;0.146617
308;0.258115;-0.297941;-0.086176
309;-0.549404;-0.246303;-0.235494
310;0.374562;0.468636;0.139814
311;0.752047;-0.063635;0.133287
312;0.717941;0.012916;0.113495
313;-0.233128;-0.154266;-0.033686
314;-0.428242;-0.005457;0.061911
315;0.041065;0.118528;0.028638
316;0.192166;-0.013171;0.001014
317;-0.150779;-0.092063;-0.023932
318;-0.162200;-0.032175;-0.042487
319;-0.138613;-0.156801;-0.063431
320;-0.626449;-0.251907;-0.045314
321;-0.595082;-0.377955;-0.006266
322;-0.440270;-0.682297;-0.060876
323;-1.093175;-0.704188;-0.084575
324;-0.812913;-0.379210;-0.000989
325;-0.152137;-0.258750;0.144858
326;0.041490;0.014323;0.064100
327;0.270141;0.417242;0.099437
328;0.120340;0.177322;0.110862
329;0.079643;0.613233;-0.118488
330;0.082139;0.399525;-0.091093
331;0.320040;-0.085201;-0.067190
332;0.689908;-0.377838;0.256000
333;0.628161;-0.160310;0.024521
334;0.466527;-0.107392;0.113536
335;0.704643;0.055198;-0.065233
336;-0.158262;-0.985130;-0.166097
337;-0.077594;0.352094;0.185223
338;0.895747;0.107309;-0.195812
339;0.547488;-0.076615;0.420801
340;0.123050;-0.018639;0.062824
341;-0.355149;-0.131448;-0.032531
342;0.023694;0.040954;0.036441
343;0.127163;0.037476;0.043219
344;0.013551;-0.050265;-0.028148
345;-0.168415;-0.034982;-0.057691
346;-0.304046;-0.039727;-0.063369
347;-0.508095;-0.246237;-0.039228
348;-0.308338;-0.337090;-0.002891
349;-0.451074;-0.470824;0.049438
350;-1.083451;-0.928677;-0.188163
351;-0.980438;-0.469845;-0.010383
352;-0.375016;-0.216515;0.174073
353;0.000612;-0.100363;0.276693
354;0.163844;0.124200;0.013214
355;0.170646;0.376895;0.201620
356;0.191952;0.356108;0.122395
357;0.049539;0.722887;-0.080260
358;0.348661;0.176071;-0.102533
359;0.351791;-0.391234;0.139876
360;0.818465;-0.203307;0.167023
361;0.491886;-0.142080;0.110786
362;0.931460;0.018470;-0.145489
363;-0.351988;-1.300129;-0.577197
364;-0.271369;0.387008;0.223470
365;1.031975;0.187971;-0.107821
366;0.660098;-0.122584;0.457804
367;0.110453;-0.000336;0.175590
368;-0.464192;-0.134775;-0.218723
369;-0.012337;-0.012644;0.057441
370;0.140210;0.098682;0.064661
371;0.041535;-0.088886;-0.040721
372;-0.242443;-0.068262;0.001188
373;-0.376646;-0.069720;-0.072692
374;-0.585577;-0.260621;-0.016009
375;-0.560786;-0.452933;0.027405
376;-0.620168;-0.958240;-0.039406
377;-1.207801;-0.570123;-0.024099
378;-0.494850;-0.354308;0.078073
379;-0.070639;-0.218248;0.153519
380;0.111378;0.041125;-0.053421
381;0.257763;0.349485;0.213078
382;0.269535;0.382399;-0.082570
383;0.043840;0.783865;-0.094566
384;0.156704;0.205054;-0.182996
385;0.200246;-0.027373;-0.269063
386;0.528917;-0.640005;0.402186
387;0.810229;-0.033553;0.132515
388;0.820536;-0.031306;0.293876
389;0.038987;-0.706901;-0.144530
390;-0.587478;-0.018299;-0.174609
391;0.302558;0.542598;0.076406
392;0.641782;-0.253548;0.172188
393;0.642415;0.017492;0.054196
394;-0.148002;-0.101413;-0.021387
395;-0.243108;-0.022539;0.002477
396;0.099028;0.024871;0.010796
397;0.073909;0.043819;0.017290
398;-0.119749;-0.057382;-0.005102
399;-0.131138;-0.093471;0.006912
400;-0.350124;-0.147547;-0.068169
401;-0.727132;-0.306882;-0.027371
402;-0.574482;-0.478129;0.004260
403;-0.955094;-1.026059;-0.143316
404;-1.058723;-0.526660;-0.031797
405;-0.361259;-0.391264;0.206552
406;-0.078949;-0.025120;0.085295
407;0.153671;0.331501;-0.094456
408;0.094509;0.312803;0.064464
409;0.132268;0.473328;-0.121292
410;0.061181;0.574444;-0.161053
411;0.307951;-0.061965;-0.054772
412;0.626087;-0.362880;0.206236
413;0.781633;-0.141334;0.097159
414;0.514220;-0.160414;0.151168
415;0.705079;-0.025464;-0.056920
416;-0.471497;-0.642892;-0.036417
417;0.022485;0.492107;0.170937
418;1.070383;0.002927;-0.209254
419;0.623502;-0.171750;0.307629
420;0.008915;-0.061380;-0.028754
421;-0.449221;-0.079755;0.034052
422;0.053085;0.044824;0.079640
423;0.239733;0.005883;0.000050
424;-0.080287;-0.101278;-0.042220
425;-0.207548;-0.063205;-0.016010
426;-0.269018;-0.143147;-0.171555
427;-0.849787;-0.317110;-0.019350
428;-0.547155;-0.396084;0.056501
429;-0.560899;-0.825496;-0.013781
430;-1.219182;-0.651371;-0.014195
431;-0.605501;-0.391600;0.035493
432;-0.091199;-0.120998;0.163849
433;0.082105;0.008204;-0.027314
434;0.237618;0.427352;0.187880
435;0.243135;0.328812;-0.029769
436;0.083074;0.726299;-0.038475
437;0.406115;0.071369;-0.104382
438;0.253420;-0.013797;-0.221505
439;0.566140;-0.494091;0.297985
440;0.700226;-0.041561;0.041058
441;0.782544;0.009588;0.141083
442;0.431055;-0.192989;0.101490
443;-0.726881;-0.198569;-0.136055
444;0.299216;0.530943;0.033033
445;0.607062;-0.218170;0.065222
446;0.691555;0.037858;0.114059
447;-0.169715;-0.114356;-0.033970
448;-0.332903;-0.066084;0.043673
449;0.107834;0.090465;0.011945
450;0.235915;-0.005915;-0.010515
451;-0.172658;-0.137114;-0.011813
452;-0.308184;0.011023;0.004023
453;-0.248972;-0.149164;-0.104900
454;-0.658350;-0.306540;-0.065208
455;-0.537680;-0.437413;-0.036159
456;-0.591096;-0.860070;-0.209481
457;-1.186431;-0.697560;-0.076855
458;-0.578777;-0.406777;0.131971
459;-0.044474;-0.163221;0.035223
460;0.122055;0.071458;0.005851
461;0.215805;0.425377;0.108223
462;0.114618;0.390095;0.036886
463;0.030142;0.622860;-0.068508
464;0.156105;0.273440;-0.115679
465;0.264950;-0.219966;-0.005213
466;0.798873;-0.409494;0.475539
467;0.676885;-0.042789;0.113656
468;0.446404;-0.104222;0.118078
469;0.404934;-0.139522;-0.089077
470;-0.702822;-0.224098;-0.128966
471;0.403070;0.457990;0.239982
472;0.866260;-0.082445;-0.150379
473;0.585119;-0.072710;0.189643
474;-0.217004;-0.116892;0.012013
475;-0.308031;-0.035578;-0.057688
476;0.095052;0.047168;0.080325
477;0.201728;0.029103;0.011717
478;-0.059998;-0.145581;0.004176
479;-0.204147;0.028667;-0.055722
480;-0.235179;-0.191998;-0.011210
481;-0.701122;-0.271875;-0.019824
482;-0.619002;-0.433814;0.051529
483;-0.545884;-0.825147;0.085539
484;-1.361245;-0.547475;0.016577
485;-0.646849;-0.343910;0.153372
486;-0.152603;-0.228487;0.236485
487;0.204243;0.009910;-0.114112
488;0.451811;0.335017;0.014525
489;0.183523;0.415203;-0.089262
490;0.054504;0.539153;-0.103478
491;0.098625;0.304558;-0.336293
492;0.179701;-0.005069;-0.239861
493;0.582677;-0.540063;0.289110
494;0.888308;-0.055724;0.059731
495;0.765645;0.022103;0.147081
496;0.631127;-0.105818;0.152181
497;-0.579758;-0.472755;0.052960
498;0.187622;0.367942;-0.134652
499;0.424001;-0.001728;-0.206030
500;0.603602;-0.042036;0.453609
501;0.036788;-0.012791;-0.047425
502;-0.250492;-0.183490;-0.023394
503;-0.008167;0.091217;0.043406
504;0.146526;0.045442;0.040733
505;-0.064890;-0.075905;-0.005172
506;-0.256932;-0.000882;-0.049259
507;-0.396919;-0.074355;-0.126959
508;-0.474456;-0.296124;-0.031355
509;-0.403487;-0.363563;0.004150
510;-0.487781;-0.809309;-0.026591
511;-1.156032;-0.608294;-0.122100
512;-0.724838;-0.346257;0.047666
513;-0.140793;-0.244981;0.159129
514;-0.040723;0.067928;-0.005292
515;0.032787;0.276952;0.212014
516;0.105504;0.133878;0.139601
517;0.049066;0.543015;-0.057861
518;0.077024;0.140104;-0.003659
519;0.481838;0.089386;0.033891
520;0.837220;-0.409290;0.496656
521;0.725335;0.115528;-0.224309
522;0.379374;-0.111542;-0.005798
523;0.921386;0.133584;-0.242928
524;-0.512335;-1.468511;0.078150
525;-0.107235;0.523429;0.076891
526;1.148234;0.131014;-0.128709
527;0.660791;-0.187288;0.273095
528;-0.054396;0.008106;-0.016694
529;-0.404086;-0.149791;-0.034189
530;0.034853;0.073762;0.062773
531;0.190218;0.045295;0.021134
532;-0.037093;-0.122304;-0.034595
533;-0.228918;-0.036650;-0.060356
534;-0.209962;-0.108681;-0.036083
535;-0.610515;-0.208689;-0.038315
536;-0.683238;-0.422939;0.007550
537;-0.438500;-0.598417;0.024132
538;-1.068289;-0.852040;-0.146921
539;-0.942375;-0.464683;0.012416
540;-0.168083;-0.247211;0.146782
541;0.067434;-0.121718;0.057989
542;0.402410;0.401246;-0.005712
543;0.254520;0.138967;-0.024647
544;-0.056442;0.663096;-0.081288
545;0.000500;0.163088;-0.028826
546;0.446768;-0.011938;-0.008648
547;0.640168;-0.210023;0.360908
548;0.992825;-0.022678;0.354408
549;0.548451;0.024987;0.217247
550;0.691029;0.055912;0.032772
551;-0.522348;-1.153021;-0.135285
552;-0.123355;0.454429;0.027330
553;1.042673;0.032118;-0.006389
554;0.538079;-0.030283;0.597804
555;0.208880;-0.016450;-0.014094
556;-0.440855;-0.173476;-0.074464
557;-0.058033;0.022114;0.074668
558;0.137176;0.079775;0.011846
559;0.015703;-0.064108;-0.008240
560;-0.107157;-0.060240;0.005784
561;-0.109973;-0.077031;0.008460
562;-0.631878;-0.143060;-0.080162
563;-0.792819;-0.479034;0.047147
564;-0.448124;-0.480971;-0.087137
565;-0.798923;-0.886350;-0.234686
566;-1.001178;-0.471605;-0.012788
567;-0.276201;-0.400374;0.125270
568;0.021316;-0.134752;0.115088
569;0.246665;0.239756;-0.023013
570;0.090490;0.205704;0.092803
571;0.082211;0.560319;-0.123808
572;0.005988;0.471812;-0.123806
573;0.250282;0.144453;-0.240760
574;0.304858;-0.395864;0.089741
575;0.837213;-0.312179;0.276900
576;0.751508;0.073273;0.303996
577;0.863775;0.227187;0.124277
578;-0.049787;-1.921392;0.017508
579;-0.072356;0.482557;-0.096693
580;0.878101;0.282071;-0.151158
581;0.497292;-0.375551;0.549669
582;0.239275;0.160348;0.017745
583;-0.352420;-0.156231;0.029129
584;-0.112529;0.007229;0.040922
585;0.153596;0.134247;0.065875
586;-0.083079;-0.080086;0.050542
587;-0.332232;-0.064369;-0.029427
588;-0.177838;-0.103649;-0.056486
589;-0.243111;-0.202658;-0.149433
590;-0.764783;-0.360445;-0.263074
591;-0.876715;-0.744631;-0.113779
592;-1.277704;-0.889674;-0.292040
593;-0.832472;-0.424153;0.118084
594;-0.101289;-0.434020;0.265322
595;0.146583;-0.045687;0.192357
596;0.404472;0.536777;0.147772
597;0.135166;0.278821;0.274381
598;0.014577;0.722477;-0.050512
599;-0.001657;0.468480;-0.023337
600;0.354879;-0.038537;-0.117024
601;0.802982;-0.452164;0.647100
602;0.952677;0.062152;-0.042649
603;0.195540;-0.095679;0.195597
604;0.762390;0.034209;-0.115587
605;-0.672195;-1.480065;-0.435925
606;-0.069829;0.458826;-0.101464
607;1.039831;0.125411;0.124678
608;0.755024;-0.140376;0.443291
609;0.057537;-0.043796;0.026854
610;-0.476338;-0.090948;-0.118004
611;-0.040006;0.055946;0.067045
612;0.279292;0.037829;0.074696
613;0.059583;-0.061888;-0.009237
614;-0.177217;-0.058941;-0.070676
615;-0.152668;-0.025871;-0.076897
616;-0.457299;-0.125093;0.041983
617;-0.374361;-0.341065;-0.051402
618;-0.394073;-0.401882;-0.122319
619;-0.527339;-0.682345;-0.207747
620;-1.088032;-0.729601;-0.181456
621;-0.874518;-0.358152;0.141283
622;-0.285371;-0.427243;0.079926
623;0.036158;-0.133838;-0.057434
624;0.404123;0.311967;-0.002724
625;0.244729;-0.004538;0.095394
626;0.044847;0.736331;-0.171177
627;0.118338;0.395171;-0.128446
628;0.259355;0.019469;-0.217160
629;0.354629;-0.285258;0.185184
630;0.660217;-0.310209;0.506245
631;0.672652;0.095297;0.338424
632;0.869136;0.138869;0.220183
633;-0.265030;-1.844113;-0.270941
634;-0.273030;0.458035;-0.072611
635;0.862581;0.205088;-0.004082
636;0.439864;0.016153;0.748023
637;0.491892;0.028102;0.023199
638;-0.358378;-0.176304;-0.201228
639;-0.158942;0.030675;0.023278
640;0.143764;0.081454;0.014698
641;0.054803;-0.029895;0.007775
642;-0.136764;-0.084971;0.000993
643;-0.134876;-0.108812;-0.032418
644;-0.324512;-0.245399;-0.121332
645;-0.626935;-0.374977;-0.136985
646;-0.511118;-0.458323;-0.112000
647;-0.638937;-0.756285;-0.263497
648;-1.076359;-0.782481;-0.060655
649;-0.717025;-0.333732;0.023385
650;-0.103870;-0.364249;0.109906
651;0.129731;-0.005318;0.011875
652;0.353591;0.508540;0.137639
653;0.344406;0.207474;0.136604
654;0.131910;0.863495;-0.075056
655;0.000374;0.541120;-0.178701
656;0.100104;-0.173073;-0.177016
657;0.735998;-0.669074;0.425679
658;0.808636;0.016690;0.088486
659;0.567908;-0.056780;0.179023
660;0.261573;-0.196835;-0.186643
661;-0.943715;-0.236522;-0.165900
662;0.311150;0.575683;0.044557
663;1.002089;-0.121793;0.407661
664;0.754954;0.068168;0.068278
665;-0.415259;-0.196665;-0.128352
666;-0.171182;0.013572;-0.012570
667;0.193432;0.095988;0.027433
668;0.270581;-0.031691;-0.003895
669;-0.200942;-0.044203;-0.033639
670;-0.407852;-0.052043;-0.064958
671;-0.480844;-0.062131;0.044612
672;-0.226552;-0.293197;0.021647
673;-0.407475;-0.422988;-0.061968
674;-0.673151;-0.918977;-0.376636
675;-1.166496;-0.762952;-0.212839
676;-0.474450;-0.213690;-0.050583
677;-0.011122;-0.252985;0.130364
678;0.086056;-0.033285;-0.025229
679;0.248313;0.388857;0.064732
680;0.156192;0.279643;0.102119
681;0.110594;0.732094;-0.135949
682;0.106009;0.381708;-0.056104
683;0.295794;-0.176064;-0.094515
684;0.373845;-0.395024;0.160871
685;0.602801;-0.082489;0.187960
686;0.765733;0.039379;0.338083
687;0.098849;-1.344855;-0.393143
688;-0.374312;0.186082;-0.175449
689;0.634588;0.669397;-0.092556
690;0.575951;-0.248104;0.561723
691;0.613880;0.008742;0.008418
692;-0.313937;-0.101556;-0.162232
693;-0.223233;-0.067632;0.074843
694;0.148506;0.118204;0.054505
695;0.128627;0.010648;0.022217
696;-0.103720;-0.122120;0.006878
697;-0.215514;-0.085523;-0.093874
698;-0.533166;-0.123127;-0.094805
699;-0.562573;-0.310863;-0.104695
700;-0.522407;-0.456984;-0.119436
701;-0.839752;-1.006447;-0.422997
702;-1.224821;-0.711161;-0.100628
703;-0.417322;-0.443261;0.093820
704;0.028250;-0.199075;0.196159
705;0.158903;0.174736;-0.051700
706;0.256683;0.354525;0.204400
707;0.215861;0.445002;0.190222
708;0.252766;0.814424;-0.094102
709;-0.001417;0.494248;-0.205122
710;0.009246;-0.614131;0.167704
711;1.063703;-0.281403;0.617148
712;0.680023;0.045946;0.250668
713;0.548701;-0.062024;0.128490
714;-0.265126;-0.704712;-0.247827
715;-0.955587;0.258960;0.179142
716;1.005156;0.721696;0.445924
717;0.944317;-0.022073;0.696426
718;0.656471;0.001402;0.045617
719;-0.605146;-0.259924;-0.218168
720;-0.111666;0.081683;-0.002214
721;0.301403;0.069302;0.116039
722;0.109406;-0.022317;-0.037482
723;-0.327910;-0.113062;-0.078583
724;-0.164011;0.017674;0.070286
725;-0.217829;-0.146401;-0.017408
726;-0.530445;-0.301648;-0.096222
727;-0.596643;-0.519792;-0.224855
728;-0.675733;-0.949619;-0.516664
729;-1.119052;-0.807515;-0.143845
730;-0.573122;-0.413644;0.016228
731;0.020565;-0.285599;0.131331
732;0.050128;0.105561;-0.138355
733;0.244571;0.328755;0.097514
734;0.218309;0.421247;0.045478
735;0.153963;0.684112;-0.116354
736;0.146069;0.334090;-0.198135
737;0.211881;-0.474296;-0.065335
738;0.657461;-0.340358;0.497323
739;0.935812;0.151236;0.342149
740;0.632871;0.072936;0.225102
741;-0.378202;-0.601809;-0.110743
742;0.366279;0.667766;-0.151970
743;0.654950;-0.164109;0.019129
744;0.721667;-0.093367;0.197738
745;-0.077089;0.086538;0.013126
746;-0.211976;-0.162083;-0.011302
747;0.007920;0.030748;0.010551
748;0.059964;0.031939;-0.037964
749;-0.135088;-0.060912;-0.020526
750;-0.085486;-0.097827;-0.015282
751;-0.243900;-0.101307;-0.085551
752;-0.516875;-0.246995;-0.087038
753;-0.622516;-0.393709;-0.053960
754;-0.568839;-0.695482;0.069768
755;-1.272062;-0.769466;-0.156583
756;-0.841543;-0.452814;0.018647
757;-0.172741;-0.494751;0.104017
758;0.092819;-0.118538;0.038216
759;0.265108;0.352757;-0.089973
760;0.050035;0.306260;0.021897
761;0.063152;0.601110;-0.138727
762;0.286035;0.400103;-0.076798
763;0.415997;0.154715;-0.294488
764;0.490083;-0.470846;0.358230
765;0.897811;-0.089768;-0.001136
766;0.511398;0.077071;0.120762
767;0.280405;-0.410798;0.160901
768;-0.281570;0.008020;-0.237658
769;0.846289;0.510531;-0.160419
770;0.339215;-0.177558;0.297825
771;0.603964;0.032297;0.077667
772;-0.239851;-0.088711;-0.016867
773;-0.142073;-0.045059;-0.006346
774;0.073970;0.091353;0.038267
775;0.098615;0.016284;0.021078
776;-0.158354;-0.148570;-0.064631
777;-0.205791;-0.004697;-0.050594
778;-0.371239;-0.164874;-0.102240
779;-0.574118;-0.277197;-0.082647
780;-0.521205;-0.386630;-0.043017
781;-0.704827;-0.868865;-0.282032
782;-1.198962;-0.784204;-0.152995
783;-0.592563;-0.408322;0.115823
784;-0.078186;-0.382147;0.224184
785;0.119296;0.068674;0.046288
786;0.112852;0.349128;0.046057
787;0.166844;0.245673;0.237851
788;0.304584;0.685364;-0.127910
789;0.149597;0.583875;-0.076067
790;0.351157;-0.096447;-0.137729
791;0.656215;-0.360145;0.289269
792;0.664969;-0.218100;0.237161
793;0.538009;0.074894;0.202182
794;0.567656;0.118798;0.260015
795;-0.854986;-0.465029;0.017511
796;0.593142;0.538391;-0.136464
797;0.593390;-0.084244;0.100416
798;0.822066;-0.088340;0.119827
799;-0.067104;-0.118340;-0.120285
800;-0.285307;-0.053645;-0.024205
801;-0.033474;0.070203;0.078048
802;0.116863;0.006198;0.028068
803;-0.167794;-0.080258;-0.029915
804;-0.182145;-0.042412;-0.060970
805;-0.391479;-0.189269;-0.015521
806;-0.627725;-0.309384;-0.100506
807;-0.607480;-0.472264;-0.109118
808;-0.758632;-1.031270;-0.099524
809;-0.985561;-0.627967;0.022959
810;-0.333489;-0.264173;-0.049202
811;-0.074826;-0.142324;0.078791
812;0.050222;0.048149;-0.160619
813;0.271699;0.346647;-0.022960
814;0.342069;0.338507;-0.087877
815;0.152781;0.796200;-0.103754
816;0.368619;0.123193;-0.130559
817;0.190796;0.033790;-0.347274
818;0.231637;-0.508183;0.445188
819;0.871947;-0.035786;0.258678
820;0.789295;0.169944;0.246675
821;-0.066502;-1.307630;-0.152309
822;-0.605295;0.229884;0.070850
823;0.573164;0.726451;-0.114281
824;0.483165;-0.537514;0.476245
825;0.692666;0.117785;-0.001838
826;-0.108879;-0.083334;-0.059542
827;-0.143368;-0.091801;0.034967
828;-0.008273;0.148705;0.099979
829;0.027333;0.021294;0.021558
830;-0.147295;-0.087192;-0.051040
831;-0.128941;-0.074729;-0.084163
832;-0.341089;-0.108586;-0.074108
833;-0.549585;-0.243550;-0.035194
834;-0.513096;-0.418945;0.025946
835;-0.628854;-0.878639;-0.024021
836;-1.303099;-0.592819;-0.225824
837;-0.613335;-0.398108;0.032284
838;-0.228669;-0.345056;0.173354
839;-0.033545;0.047746;0.101224
840;0.131399;0.275806;-0.006101
841;0.105959;0.338948;0.172353
842;0.321523;0.552219;-0.043793
843;0.212613;0.712494;-0.107038
844;0.375790;0.065300;-0.075300
845;0.415165;-0.548996;0.181903
846;0.653951;-0.082989;-0.005691
847;0.600394;-0.034714;0.084792
848;0.122673;-0.735549;-0.075797
849;-0.379656;-0.001858;-0.030144
850;0.689897;0.685076;-0.199662
851;0.686745;-0.489808;0.272847
852;0.507933;0.138428;0.115270
853;-0.303503;-0.113673;-0.062171
854;-0.207351;-0.070509;-0.010989
855;0.117116;0.106720;0.023932
856;0.119678;0.009694;-0.003792
857;-0.202875;-0.121186;-0.015379
858;-0.232672;-0.081288;-0.020300
859;-0.384207;-0.133251;-0.083491
860;-0.568425;-0.303072;-0.098441
861;-0.671662;-0.490914;-0.169116
862;-0.724335;-0.934464;-0.449252
863;-1.084638;-0.779251;0.011730
864;-0.454713;-0.204030;0.073826
865;-0.135745;-0.314259;0.364900
866;0.097758;0.162870;0.072002
867;0.134610;0.497927;0.132105
868;0.244054;0.260883;0.242032
869;0.245486;0.661068;0.118931
870;0.303443;0.594129;-0.118865
871;0.019751;-0.004210;-0.032481
872;0.974584;-0.538499;0.764142
873;0.779878;0.169069;-0.059834
874;0.516894;-0.087883;0.028999
875;-0.573297;-1.203778;-0.374734
876;-0.192493;0.259983;0.080647
877;1.477668;0.496308;-0.201459
878;0.395711;-0.386227;0.700358
879;0.231282;0.071841;-0.043267
880;-0.447948;-0.148376;-0.123146
881;-0.049173;0.033949;0.147794
882;0.226736;0.095765;0.030569
883;0.017162;-0.108477;-0.020473
884;-0.188755;-0.074511;-0.068039
885;-0.234250;-0.037330;-0.020872
886;-0.534396;-0.154944;-0.069474
887;-0.509837;-0.363484;-0.030862
888;-0.488001;-0.502472;0.010233
889;-1.059717;-0.974491;-0.162335
890;-0.939391;-0.511333;0.010865
891;-0.165305;-0.333109;0.071801
892;-0.005595;-0.080692;0.073347
893;0.105318;0.165167;-0.079398
894;0.111194;0.357519;0.062472
895;0.175585;0.443648;-0.021458
896;0.161094;0.639157;-0.028815
897;0.198665;0.332214;-0.182257
898;0.285709;-0.281174;-0.121033
899;0.725466;-0.405336;0.320781
900;0.663365;0.050294;0.064628
901;0.680287;-0.058463;0.221433
902;-0.412143;-1.144380;-0.600477
903;-0.586255;0.306602;0.144069
904;0.950276;0.336535;-0.094625
905;0.693504;-0.143921;0.287434
906;0.308369;0.068281;0.236671
907;-0.401055;-0.218577;-0.021614
908;0.056227;0.029697;-0.054904
909;0.152628;0.020823;0.020714
910;0.039663;-0.051093;-0.024126
911;-0.214778;-0.074090;-0.040989
912;-0.174839;-0.081716;-0.041106
913;-0.360768;-0.161173;-0.068315
914;-0.462959;-0.293568;-0.123588
915;-0.665065;-0.419662;-0.086842
916;-0.762165;-0.887318;-0.180506
917;-0.923562;-0.709690;0.064580
918;-0.297062;-0.276042;0.012204
919;-0.039497;-0.208990;0.038116
920;0.105962;0.072002;-0.030789
921;0.186070;0.419213;-0.048985
922;0.156635;0.289951;-0.008517
923;0.109240;0.704552;-0.101327
924;0.090153;0.226089;-0.232732
925;0.159809;-0.204335;-0.267588
926;0.496806;-0.498165;0.323335
927;0.870327;-0.032329;0.183753
928;0.946082;0.108419;0.197274
929;0.107876;-0.530180;0.025107
930;-0.470888;-0.051786;-0.386565
931;0.498690;0.541740;-0.238213
932;0.391959;-0.182791;0.478876
933;0.611954;0.180419;0.192852
934;-0.251764;-0.176760;-0.119736
935;-0.185177;-0.117786;-0.023702
936;0.169346;0.107397;0.027616
937;0.117671;-0.028917;-0.001187
938;-0.169460;-0.090569;-0.019964
939;-0.220518;-0.052055;-0.039295
940;-0.394457;-0.119099;-0.116808
941;-0.705344;-0.371126;-0.108154
942;-0.485088;-0.473125;-0.075387
943;-0.742153;-1.049778;-0.117031
944;-1.045422;-0.697761;0.093047
945;-0.470690;-0.341813;0.011528
946;-0.074622;-0.097432;0.112330
947;0.094781;0.076540;-0.054789
948;0.174452;0.456269;0.057950
949;0.328915;0.279148;0.082255
950;0.124714;0.768530;0.016142
951;0.180902;0.438477;-0.224610
952;0.245740;-0.180357;-0.099971
953;0.939058;-0.542125;0.603460
954;0.669263;0.000944;-0.110997
955;0.578229;-0.048183;0.027610
956;-0.230341;-1.508762;-0.638439
957;-0.136248;0.132357;-0.045948
958;1.022124;0.324449;-0.187595
959;0.226332;-0.093851;0.499929
960;0.271331;0.068381;0.136608
961;-0.197103;-0.135637;-0.169198
962;-0.022414;-0.041538;-0.004149
963;0.092821;0.063927;0.071357
964;0.002291;-0.030939;-0.023558
965;-0.187703;-0.053361;-0.058597
966;-0.098778;-0.031120;-0.048394
967;-0.384791;-0.119774;-0.082162
968;-0.778874;-0.331068;-0.020039
969;-0.432322;-0.454146;-0.030716
970;-0.537463;-0.940054;-0.240504
971;-1.207949;-0.711435;0.001991
972;-0.428878;-0.409712;0.130446
973;-0.086153;-0.139186;0.085885
974;0.195593;0.154334;-0.087436
975;0.099248;0.325854;0.016194
976;0.016361;0.421899;-0.046043
977;0.175045;0.567811;-0.107552
978;0.274426;0.490654;-0.157386
979;0.387085;-0.090195;-0.111260
980;0.494288;-0.414175;0.066235
981;0.579117;-0.120074;0.147720
982;0.922068;0.070602;0.195464
983;-0.000027;-1.235370;-0.381562
984;-0.148088;0.178370;-0.042865
985;0.604921;0.548393;-0.349204
986;0.311747;-0.503207;0.572379
987;0.351235;0.203251;0.006257
988;-0.123608;-0.145863;-0.054853
989;-0.029023;-0.047928;0.022884
990;0.123408;0.081009;0.033065
991;0.041637;-0.037965;-0.024417
992;-0.140859;-0.082875;-0.059899
993;-0.135221;-0.059975;0.024407
994;-0.375285;-0.159376;-0.164544
995;-0.768776;-0.334595;-0.066831
996;-0.395885;-0.410119;0.020438
997;-0.553228;-0.987852;-0.021962
998;-1.153183;-0.644321;0.031527
999;-0.620398;-0.302005;0.085251
1000;-0.131674;-0.186189;0.157029
1001;0.000277;0.039539;-0.012896
1002;0.099093;0.391862;0.018002
1003;0.266280;0.128200;0.116867
1004;0.270240;0.596329;-0.059141
1005;0.274768;0.513255;-0.137406
1006;0.257407;-0.270994;-0.069760
1007;0.766848;-0.361387;0.270750
1008;0.552176;-0.059620;0.054266
1009;0.858962;0.086676;-0.063557
1010;-0.193020;-0.542711;-0.084414
1011;-0.318198;0.090671;0.123130
1012;0.948081;0.638485;-0.161972
1013;0.382659;-0.369781;0.503869
1014;0.392181;0.105365;-0.059435
1015;-0.278688;-0.133047;-0.086533
1016;-0.047419;-0.067219;0.012740
1017;0.166125;0.099717;0.018931
1018;0.075634;-0.022669;0.015122
1019;-0.228845;-0.074248;-0.087567
1020;-0.262734;-0.103724;0.002777
1021;-0.401359;-0.148973;-0.120288
1022;-0.672315;-0.312307;-0.101810
1023;-0.427200;-0.415785;-0.093552
1024;-0.431353;-0.835665;-0.200698
1025;-1.045699;-0.841012;0.059287
1026;-0.536356;-0.232183;0.142261
1027;-0.221340;-0.214705;0.186149
1028;0.027022;0.050026;-0.000961
1029;0.191008;0.316891;0.036977
1030;0.120609;0.316250;0.072815
1031;0.232270;0.684316;-0.054203
1032;0.292037;0.379661;-0.089658
1033;0.283083;-0.129959;0.008821
1034;0.782762;-0.407274;0.376783
1035;0.559983;-0.016636;-0.008078
1036;0.645043;-0.094169;0.029611
1037;-0.015181;-0.656662;-0.235925
1038;-0.499817;0.051489;-0.101890
1039;0.780474;0.596699;-0.002700
1040;0.566890;-0.294090;0.419950
1041;0.342359;0.096028;0.064950
1042;-0.360731;-0.168023;-0.171476
1043;-0.067463;-0.029053;0.054143
1044;0.177145;0.111976;0.030499
1045;0.032245;-0.012251;-0.026665
1046;-0.150567;-0.101555;-0.048161
1047;-0.103730;-0.062428;-0.095823
1048;-0.499646;-0.161888;-0.110025
1049;-0.648698;-0.374129;-0.019209
1050;-0.349320;-0.395018;-0.071050
1051;-0.676663;-0.734003;-0.216591
1052;-1.175223;-0.568040;-0.085476
1053;-0.617115;-0.538051;0.038184
1054;-0.043562;-0.301443;0.252214
1055;0.198177;0.013151;-0.043822
1056;0.263389;0.352203;0.049392
1057;0.186376;0.332124;-0.034387
1058;0.067607;0.775093;-0.178736
1059;0.063327;0.359133;-0.167906
1060;0.317524;-0.149974;-0.135934
1061;0.680058;-0.486122;0.286080
1062;0.809419;-0.051937;0.122275
1063;0.596767;-0.056788;0.193751
1064;0.526433;-0.010030;-0.068970
1065;-1.332474;-0.304888;-0.254954
1066;0.427203;0.770711;0.167319
1067;0.939200;-0.256717;0.406928
1068;0.844017;0.111544;0.050854
1069;-0.332648;-0.317808;-0.189137
1070;-0.345036;0.003709;0.005203
1071;0.330122;0.066119;0.059923
1072;0.294253;-0.050905;-0.037168
1073;-0.248870;-0.052037;-0.028390
1074;-0.317823;-0.125116;-0.024121
1075;-0.510768;-0.170154;-0.009752
1076;-0.602649;-0.314936;-0.076237
1077;-0.408490;-0.458753;-0.146796
1078;-0.753370;-0.966399;-0.108492
1079;-1.069841;-0.644264;0.217046
1080;-0.326112;-0.257801;0.018920
1081;0.064360;-0.092507;0.083949
1082;0.216940;0.013639;-0.190236
1083;0.069118;0.525226;-0.099359
1084;0.114996;0.435904;-0.166729
1085;-0.102537;0.570754;-0.188703
1086;0.276364;0.047046;-0.195260
1087;0.348857;-0.168439;0.002318
1088;0.900380;-0.385052;0.438118
1089;0.709211;0.001810;0.051576
1090;0.745850;-0.048835;0.115652
1091;-0.174311;-0.656421;-0.168002
1092;-0.912099;0.113444;-0.041710
1093;0.648463;0.649119;0.193807
1094;0.769195;-0.261140;0.408538
1095;0.571503;0.085302;0.026342
1096;-0.455388;-0.245991;-0.120807
1097;-0.110189;-0.015040;-0.009135
1098;0.287225;0.062090;0.015359
1099;0.138772;-0.042201;-0.004904
1100;-0.212741;-0.087125;0.016144
1101;-0.185159;-0.069688;-0.062402
1102;-0.507132;-0.181637;-0.173127
1103;-0.630052;-0.344114;-0.177041
1104;-0.422646;-0.359637;-0.082137
1105;-0.609404;-0.971416;-0.064550
1106;-1.001386;-0.725007;0.176457
1107;-0.382023;-0.247109;-0.057057
1108;-0.070604;-0.260022;0.112958
1109;0.179191;0.076736;-0.088589
1110;0.267107;0.333557;0.028188
1111;0.142094;0.343241;-0.056763
1112;0.072939;0.705806;-0.100756
1113;0.209697;0.272495;-0.180806
1114;0.308670;-0.105986;-0.257487
1115;0.388000;-0.421399;0.192042
1116;0.819531;-0.138641;0.197453
1117;0.741539;0.037264;0.295927
1118;0.085524;-0.590093;0.182210
1119;-0.614805;0.061085;-0.234616
1120;0.667379;0.604754;-0.112425
1121;0.402268;-0.338986;0.288497
1122;0.620343;0.096001;0.052055
1123;-0.288845;-0.105014;-0.099859
1124;-0.130619;-0.106087;-0.045006
1125;0.133799;0.084762;0.026166
1126;0.110894;-0.014899;-0.014256
1127;-0.155712;-0.063648;-0.029690
1128;-0.093096;-0.038921;-0.020763
1129;-0.223700;-0.175943;-0.081599
1130;-0.649104;-0.217164;-0.122597
1131;-0.517897;-0.432074;-0.071284
1132;-0.543243;-0.582514;0.064764
1133;-1.252558;-0.812725;-0.209977
1134;-0.879464;-0.517523;-0.023676
1135;-0.198832;-0.418042;0.183621
1136;0.054502;-0.040490;0.158671
1137;0.274102;0.333726;-0.045569
1138;0.245870;0.201874;0.205894
1139;0.191062;0.685573;-0.108873
1140;0.121330;0.580779;-0.049349
1141;0.212731;0.000368;-0.193541
1142;0.459820;-0.298606;0.070468
1143;0.783242;-0.134023;0.117068
1144;0.727438;-0.010965;0.167812
1145;0.863783;0.156538;0.007476
1146;-0.586203;-1.418474;-0.109333
1147;-0.049144;0.570727;-0.028072
1148;0.949273;0.045830;-0.074825
1149;0.607701;-0.128949;0.464355
1150;0.044283;0.007630;-0.112245
1151;-0.404973;-0.172717;-0.024488
1152;0.076970;0.087580;0.022676
1153;0.182662;0.050869;-0.030058
1154;-0.084534;-0.077149;-0.012459
1155;-0.212829;-0.051690;-0.012521
1156;-0.199213;-0.020631;-0.064834
1157;-0.469738;-0.249027;0.002001
1158;-0.501413;-0.384685;-0.053909
1159;-0.520225;-0.596036;0.018949
1160;-1.027434;-0.701401;-0.125634
1161;-0.919717;-0.526797;0.099709
1162;-0.267596;-0.317633;0.047304
1163;0.021529;-0.094371;0.116917
1164;0.267343;0.112004;-0.164966
1165;0.156262;0.371239;0.017746
1166;0.179000;0.471593;-0.129694
1167;-0.133655;0.704273;-0.189715
1168;0.188722;0.061443;-0.199086
1169;0.374480;-0.252089;-0.103010
1170;0.623652;-0.389660;0.210591
1171;0.796024;-0.021507;0.221748
1172;0.893898;0.151323;0.115412
1173;-0.023864;-1.812722;-0.365925
1174;-0.262164;0.455715;0.070918
1175;0.937159;0.347984;-0.099566
1176;0.510363;-0.269808;0.565528
1177;0.203260;0.100294;0.032773
1178;-0.334694;-0.171995;-0.083788
1179;0.024948;-0.060059;0.009710
1180;0.161382;0.069501;0.014084
1181;0.017123;-0.035505;-0.039283
1182;-0.144260;-0.076860;-0.058711
1183;-0.111688;-0.080750;-0.070120
1184;-0.466114;-0.139531;-0.220661
1185;-0.758321;-0.405192;-0.027627
1186;-0.589200;-0.528545;-0.050657
1187;-0.898430;-1.023034;-0.388239
1188;-1.119945;-0.703351;0.059415
1189;-0.493066;-0.217801;0.069053
1190;-0.062843;-0.191314;0.222121
1191;0.308021;0.155887;-0.008412
1192;0.350437;0.522487;0.183209
1193;0.382920;0.302086;0.269512
1194;0.216866;0.887763;-0.106864
1195;-0.155666;0.311489;-0.237193
1196;0.014684;-0.586936;-0.117065
1197;0.821529;-0.253944;0.538236
1198;1.103778;0.128161;0.137546
1199;0.861736;0.203345;0.190897
1200;-0.357957;-0.945117;-0.070028
1201;-0.380190;0.311463;-0.339179
1202;0.668505;0.554248;-0.101449
1203;0.475397;-0.413826;0.397268
1204;0.495667;0.153193;0.051095
1205;-0.233877;-0.143736;-0.065552
1206;-0.070371;-0.072325;-0.043926
1207;0.154519;0.092837;-0.005145
1208;0.026631;-0.002430;-0.029217
1209;-0.152239;-0.082884;-0.042260
1210;-0.030794;-0.098823;-0.029578
1211;-0.304917;-0.096558;-0.056876
1212;-0.608409;-0.328462;-0.055340
1213;-0.574213;-0.422624;-0.042151
1214;-0.719200;-0.913240;-0.118696
1215;-1.148989;-0.731586;-0.110992
1216;-0.451007;-0.297841;-0.058011
1217;-0.145125;-0.205290;0.071274
1218;0.147673;0.002804;-0.098318
1219;0.311442;0.360361;-0.048732
1220;0.151626;0.315948;-0.112636
1221;0.104718;0.685097;-0.141114
1222;0.152053;0.367173;-0.278134
1223;0.141667;-0.064423;-0.338927
1224;0.383052;-0.639261;0.415908
1225;0.887733;-0.098093;0.186087
1226;0.702803;0.082493;0.238649
1227;0.630114;-0.039880;-0.057078
1228;-1.007901;-0.412810;-0.187445
1229;0.211939;0.601023;0.001131
1230;0.943413;-0.162203;0.024150
1231;0.795263;-0.054624;0.354880
1232;-0.065787;-0.052535;-0.085856
1233;-0.381597;-0.139949;-0.086836
1234;0.050357;0.080205;0.031844
1235;0.204288;0.027760;-0.004767
1236;-0.082135;-0.081573;-0.038664
1237;-0.164716;-0.034939;-0.085602
1238;-0.220547;-0.106816;-0.072931
1239;-0.612791;-0.199700;-0.026871
1240;-0.469297;-0.448367;-0.004693
1241;-0.503580;-0.688656;0.006836
1242;-1.218868;-0.873718;-0.241389
1243;-0.850994;-0.404616;-0.092921
1244;-0.136955;-0.208063;0.046325
1245;-0.015480;-0.241320;-0.070286
1246;0.299556;0.331874;-0.066926
1247;0.261911;0.142606;0.068350
1248;0.058934;0.739669;-0.233893
1249;0.083574;0.435123;-0.113894
1250;0.217687;-0.059066;-0.233312
1251;0.467342;-0.410923;0.156864
1252;0.834481;-0.124019;0.239220
1253;0.713538;0.010048;0.196463
1254;0.488203;-0.207409;0.072698
1255;-0.832828;-0.180823;-0.205246
1256;0.403250;0.509470;0.038639
1257;0.641928;-0.006243;-0.059562
1258;0.757771;-0.063906;0.300600
1259;-0.004582;-0.104255;-0.125904
1260;-0.409294;-0.139936;-0.017733
1261;0.022855;0.082734;0.054638
1262;0.263333;0.012120;-0.044946
1263;-0.082140;-0.146355;-0.022691
1264;-0.245663;-0.003174;-0.040706
1265;-0.240810;-0.162174;-0.042508
1266;-0.534668;-0.266972;-0.059455
1267;-0.690984;-0.465495;0.006195
1268;-0.603649;-0.803804;-0.021707
1269;-1.155967;-0.664840;-0.069962
1270;-0.666942;-0.414944;-0.008633
1271;-0.250184;-0.230487;0.108202
1272;0.114790;-0.040110;0.028291
1273;0.125710;0.356996;-0.119805
1274;0.056697;0.345100;-0.038624
1275;0.170065;0.564589;-0.063706
1276;0.187405;0.413129;-0.149547
1277;0.322058;-0.143059;-0.085313
1278;0.605960;-0.324188;0.221628
1279;0.505334;-0.262662;-0.040903
1280;0.575561;-0.050130;0.024972
1281;0.844476;0.146715;-0.258165
1282;-0.819492;-1.085257;-0.051832
1283;0.266046;0.436335;0.033358
1284;0.956365;0.184748;-0.171529
1285;0.636532;-0.207739;0.290208
1286;-0.261469;-0.084077;-0.120787
1287;-0.304789;-0.075707;-0.096476
1288;0.159797;0.014881;0.063994
1289;0.210565;0.041966;-0.036691
1290;-0.133223;-0.139571;-0.032474
1291;-0.257046;-0.045257;0.005925
1292;-0.260792;-0.114425;-0.146227
1293;-0.672484;-0.362656;-0.142667
1294;-0.511354;-0.416177;-0.065993
1295;-0.505510;-0.758010;-0.070165
1296;-0.969090;-0.728392;-0.058612
1297;-0.535349;-0.387206;-0.061249
1298;-0.217979;-0.195189;0.115265
1299;0.160365;0.050612;-0.028102
1300;0.139865;0.303644;-0.100222
1301;0.069925;0.428399;-0.122653
1302;0.142122;0.538978;-0.014732
1303;0.178193;0.437886;-0.241033
1304;0.168986;-0.174566;-0.216627
1305;0.428517;-0.569007;0.385093
1306;0.856803;-0.016084;0.122323
1307;0.652536;-0.104034;0.085936
1308;0.441712;-0.128523;-0.244447
1309;-1.048545;-0.287232;-0.100883
1310;0.330486;0.563831;0.183817
1311;0.948096;-0.173197;-0.016726
1312;0.679072;0.044657;0.207014
1313;-0.253447;-0.147143;-0.046776
1314;-0.343633;-0.078152;-0.151382
1315;0.150108;0.086482;0.055392
1316;0.205902;0.059287;-0.031662
1317;-0.148384;-0.172144;-0.069252
1318;-0.190768;-0.020355;-0.061410
1319;-0.172703;-0.215237;-0.053377
1320;-0.416540;-0.289820;-0.116915
1321;-0.773574;-0.516503;-0.060526
1322;-0.807531;-0.813329;-0.116072
1323;-1.104240;-0.776637;-0.048249
1324;-0.392152;-0.280853;-0.115343
1325;-0.060860;-0.155713;0.069890
1326;0.161726;-0.015768;-0.082750
1327;0.196844;0.402290;-0.008387
1328;0.242909;0.389280;-0.117752
1329;0.024575;0.689689;-0.121587
1330;0.160545;0.310995;-0.213942
1331;0.231363;-0.283276;-0.147608
1332;0.727114;-0.453427;0.426962
1333;0.733976;0.023447;0.121153
1334;0.715952;-0.011818;0.151413
1335;0.001861;-0.550810;-0.201350
1336;-0.647055;0.080913;-0.032383
1337;0.688094;0.423067;-0.032238
1338;0.523037;-0.034206;0.312407
1339;0.569396;0.060743;0.128396
1340;-0.334057;-0.165304;-0.115362
1341;-0.139069;-0.024400;-0.015188
1342;0.159284;0.080695;-0.004088
1343;0.137547;0.040548;-0.041927
1344;-0.157720;-0.142832;-0.081539
1345;-0.184362;-0.089409;-0.040345
1346;-0.439040;-0.132603;-0.140233
1347;-0.589041;-0.359269;-0.130705
1348;-0.430706;-0.367326;-0.101662
1349;-0.738422;-0.977176;-0.215604
1350;-0.952510;-0.664217;-0.031012
1351;-0.357946;-0.277508;0.084220
1352;-0.130213;-0.087399;0.103326
1353;0.059451;0.103622;-0.011072
1354;0.170796;0.422015;0.177964
1355;0.086654;0.237333;0.166087
1356;0.109295;0.644986;0.001184
1357;0.279606;0.333781;-0.068305
1358;0.417321;-0.156667;-0.048396
1359;0.971073;-0.246211;0.655752
1360;0.447835;0.049011;-0.292744
1361;0.563249;-0.144042;-0.078901
1362;-0.608902;-1.563104;-0.769884
1363;-0.209020;0.222795;0.112733
1364;1.210258;0.546275;-0.154123
1365;0.688864;-0.309304;0.587422
1366;0.090560;0.016873;0.007368
1367;-0.554438;-0.209991;-0.119152
1368;0.027279;0.075101;0.009820
1369;0.261379;0.061579;0.026684
1370;-0.045783;-0.059301;-0.049399
1371;-0.235185;-0.100218;-0.077704
1372;-0.076361;-0.041755;-0.016277
1373;-0.328340;-0.180481;-0.156691
1374;-0.731018;-0.400091;-0.081457
1375;-0.574184;-0.448821;-0.079480
1376;-0.734987;-0.914352;-0.371212
1377;-0.957584;-0.636285;0.022247
1378;-0.266807;-0.284537;0.110311
1379;0.012491;-0.130578;0.123745
1380;0.198505;0.219568;-0.109010
1381;0.143132;0.334187;0.058880
1382;0.090438;0.475044;-0.094227
1383;-0.027474;0.625715;-0.130602
1384;0.146801;0.123278;-0.200676
1385;0.359888;-0.385671;-0.050548
1386;0.755533;-0.225964;0.218997
1387;0.556677;-0.053847;0.094016
1388;0.790841;0.005390;0.046766
1389;-0.115745;-1.834685;-0.668485
1390;-0.170165;0.413854;0.047980
1391;1.162256;0.228790;-0.073281
1392;0.675221;-0.080732;0.462767
1393;0.143482;-0.044402;0.090497
1394;-0.559258;-0.116122;-0.087902
1395;-0.026565;0.019253;-0.014968
1396;0.245564;0.024075;0.011537
1397;0.037113;0.001374;-0.033590
1398;-0.176748;-0.129985;-0.025844
1399;-0.105940;-0.080390;-0.003235
1400;-0.428226;-0.220053;-0.144056
1401;-0.783042;-0.402576;-0.118993
1402;-0.623004;-0.514234;0.001281
1403;-1.056509;-0.904857;-0.167484
1404;-0.790832;-0.548415;0.086803
1405;-0.270898;-0.331975;0.200628
1406;0.066196;-0.031481;0.199349
1407;0.330464;0.265368;-0.104807
1408;0.079506;0.356122;0.029998
1409;0.159751;0.580316;-0.183621
1410;-0.051398;0.547117;-0.197413
1411;0.147861;-0.028031;-0.217122
1412;0.383139;-0.343736;0.030186
1413;0.746862;-0.159993;0.094429
1414;0.691905;-0.065528;0.203576
1415;0.890501;0.090923;0.049582
1416;-0.184409;-1.500320;-0.301491
1417;-0.089216;0.264369;-0.054083
1418;1.178756;0.185829;-0.183800
1419;0.267387;-0.030598;0.494855
1420;0.223709;-0.032903;0.120478
1421;-0.319045;-0.145704;-0.261779
1422;-0.122038;0.033910;0.059069
1423;0.139193;0.080073;0.028692
1424;0.077142;-0.050373;-0.079895
1425;-0.228783;-0.094744;-0.035521
1426;-0.079472;-0.066542;-0.077773
1427;-0.285043;-0.110690;-0.072521
1428;-0.697267;-0.456373;-0.028898
1429;-0.522519;-0.444017;-0.087327
1430;-0.637157;-0.799912;-0.210780
1431;-1.181059;-0.568513;-0.037477
1432;-0.429513;-0.287546;0.077698
1433;0.006113;-0.136737;0.083245
1434;0.164210;0.007052;-0.167191
1435;0.110505;0.335129;0.001239
1436;0.061491;0.330455;-0.106681
1437;-0.029033;0.540618;-0.085208
1438;0.279634;0.078156;-0.142966
1439;0.282825;-0.042185;-0.110335
1440;0.506163;-0.290902;0.229926
1441;0.555123;-0.138036;0.000901
1442;0.687924;-0.086094;0.183566
1443;0.821147;0.191801;-0.133702
1444;-0.693160;-0.874825;-0.030725
1445;0.458484;0.486876;-0.056060
1446;0.829820;0.014024;-0.129268
1447;0.502395;-0.152574;0.407313
1448;-0.142748;0.036685;0.021613
1449;-0.341040;-0.115340;-0.147146
1450;-0.084659;-0.002291;0.013204
1451;0.185956;0.031374;-0.021054
1452;-0.014013;-0.048958;-0.044791
1453;-0.150572;-0.068845;-0.052010
1454;-0.120083;-0.178343;-0.067319
1455;-0.447605;-0.275127;-0.102328
1456;-0.624201;-0.428864;-0.146679
1457;-0.424319;-0.526266;-0.085645
1458;-1.147371;-0.859666;-0.234152
1459;-0.914555;-0.549129;0.033649
1460;-0.389409;-0.268825;0.078443
1461;0.018830;-0.060951;0.148579
1462;0.235121;0.068973;-0.058827
1463;0.178402;0.348005;0.167105
1464;0.256990;0.434352;0.004414
1465;0.081119;0.663657;-0.079086
1466;0.168015;0.155059;-0.235421
1467;0.260044;-0.144618;-0.114815
1468;0.698011;-0.287575;0.164443
1469;0.574292;-0.060691;0.009435
1470;0.836652;0.052287;0.087372
1471;-0.183804;-1.121738;-0.282890
1472;-0.382257;0.141809;-0.083549
1473;1.126962;0.314708;-0.267928
1474;0.243433;-0.075444;0.252317
1475;0.490543;-0.054573;0.178330
1476;-0.307351;0.029349;-0.025331
1477;-0.215465;-0.179387;-0.199003
1478;-0.067055;0.021983;0.002028
1479;0.206944;0.051909;0.017006
1480;-0.027777;-0.113441;-0.073323
1481;-0.146154;-0.042574;-0.040315
1482;-0.116429;-0.180745;0.041631
1483;-0.578329;-0.259636;-0.220190
1484;-0.762333;-0.503333;-0.248003
1485;-0.261301;-0.505811;0.002771
1486;-0.997483;-0.843985;-0.058988
1487;-0.913528;-0.432186;-0.004457
1488;-0.359504;-0.216939;0.114371
1489;0.165493;-0.227506;0.108785
1490;0.444414;0.322521;-0.093848
1491;0.011932;0.217371;-0.022340
1492;0.033073;0.643663;-0.172652
1493;0.144785;0.340640;-0.111343
1494;0.234356;0.063113;-0.253283
1495;0.357831;-0.347080;0.035215
1496;0.751394;-0.222037;0.261243
1497;0.700397;-0.032914;0.056444
1498;0.862562;0.097637;-0.073017
1499;-0.431157;-1.784385;-0.511517
1500;-0.118628;0.431884;0.041913
1501;1.266497;0.168486;-0.155915
1502;0.382817;-0.102203;0.545431
1503;0.193162;0.058514;0.007896
1504;-0.466168;-0.190517;-0.199032
1505;-0.103572;0.055368;0.059917
1506;0.254116;0.090793;-0.023535
1507;0.090666;-0.122602;-0.065132
1508;-0.219018;-0.085939;-0.051330
1509;-0.117382;-0.119474;-0.065322
1510;-0.221903;-0.267877;-0.037599
1511;-0.579646;-0.366716;-0.214223
1512;-0.580956;-0.467554;-0.145406
1513;-0.816491;-0.842475;-0.231644
1514;-1.108476;-0.566739;-0.058971
1515;-0.452667;-0.360770;0.071125
1516;-0.048011;-0.188918;0.211673
1517;0.280044;0.150021;-0.072210
1518;0.174594;0.238654;0.097434
1519;0.076821;0.524392;-0.126439
1520;-0.090703;0.546489;-0.140426
1521;0.135712;0.051579;-0.245963
1522;0.425183;-0.196613;0.041836
1523;0.968632;-0.167007;0.326047
1524;0.650451;-0.090339;0.153655
1525;0.732702;0.077924;-0.023289
1526;-0.146893;-0.883275;-0.374739
1527;-0.242692;0.143929;-0.200115
1528;0.876539;0.356877;-0.142682
1529;0.279946;-0.124390;0.438892
1530;0.328375;0.009951;0.018963
1531;-0.269928;-0.195225;-0.217529
1532;-0.069496;0.000004;0.002983
1533;0.165256;0.065128;0.013445
1534;0.058988;-0.052526;-0.092703
1535;-0.231079;-0.101805;-0.024918
1536;-0.129799;-0.037746;0.154356
1537;-0.322766;-0.252797;-0.171052
1538;-0.767763;-0.403575;-0.259284
1539;-0.558201;-0.473903;-0.021047
1540;-0.615349;-0.687257;0.015762
1541;-1.079764;-0.466844;-0.119155
1542;-0.416623;-0.326470;0.028114
1543;-0.161943;-0.191181;0.132540
1544;0.115700;0.068839;-0.072514
1545;0.264214;0.325094;0.033794
1546;0.170839;0.438978;-0.095398
1547;0.018048;0.563946;-0.096046
1548;0.104134;0.138218;-0.350427
1549;0.304228;-0.177127;-0.134511
1550;0.635789;-0.243615;0.306958
1551;0.710339;0.150679;-0.133336
1552;0.227038;-0.051188;0.072314
1553;0.233467;-0.153050;-0.014409
1554;0.056234;-0.119795;-0.158144
1555;0.092472;-0.262021;-0.201797
1556;0.062418;0.128134;-0.240631
1557;-0.044409;0.032253;0.259431
1558;0.143016;0.042220;-0.046756
1559;-0.131583;-0.171703;-0.168798
1560;0.053301;-0.021307;0.023993
1561;0.111526;0.053220;0.048016
1562;0.077432;-0.088492;-0.094624
1563;-0.185754;0.011145;-0.028664
1564;-0.071630;0.043906;-0.006067
1565;-0.080099;-0.075489;-0.095688
1566;-0.135457;-0.015497;-0.053612
1567;0.053853;-0.027525;-0.043345
1568;-0.022387;-0.020783;-0.033326
1569;-0.181704;-0.052410;-0.054284
1570;-0.074580;0.023687;-0.045214
1571;-0.092322;-0.055885;0.005478
1572;-0.213107;0.023120;-0.056836
1573;-0.009831;0.009838;-0.040312
1574;0.136790;-0.089957;-0.124655
1575;-0.224836;-0.195798;-0.132065
1576;-0.402145;-0.277387;-0.082079
1577;-0.213512;-0.257093;-0.151226
1578;-0.255970;-0.190937;-0.132236
1579;0.008418;0.136262;-0.047158
1580;0.293502;0.146361;0.018391
1581;0.237175;0.165194;-0.126040
1582;-0.005640;0.319266;-0.197328
1583;0.071580;0.018841;-0.075447
1584;0.363063;0.022710;-0.062761
1585;0.259739;0.050297;0.015815
1586;0.305083;0.052740;0.086407
1587;0.303480;-0.047656;0.027334
1588;-0.266105;-0.225199;-0.125482
1589;-0.183191;0.074682;-0.183928
1590;0.001422;-0.023203;-0.021110
1591;0.073958;0.018485;-0.002635
1592;-0.115358;-0.036003;-0.035249
1593;-0.079664;-0.026795;-0.080738
1594;0.015011;-0.000236;-0.091025
1595;0.054927;-0.022834;-0.034632
1596;0.017769;0.005711;-0.036110
1597;0.001418;-0.022532;-0.057671
1598;0.017799;-0.011807;-0.057409
1599;0.009095;-0.018493;-0.044865
1600;0.000025;-0.012904;-0.034531
1601;0.000560;-0.002607;-0.043627
1602;-0.015282;-0.015897;-0.046033
1603;-0.008439;-0.004961;-0.045110
1604;-0.013703;-0.017882;-0.032206
1605;-0.017052;-0.001759;-0.037815
1606;-0.008332;-0.010075;-0.028596
1607;0.020172;0.015504;-0.013265
1608;0.063251;-0.018668;-0.015864
1609;-0.010669;0.002959;-0.051488
1610;-0.087122;-0.026119;-0.064450
1611;-0.010795;-0.020907;-0.046131
