index;x;y;z
0;-0.012903;-0.003723;0.022272
1;0.036305;0.010764;0.001476
2;-0.007425;-0.009017;-0.003467
3;-0.021182;-0.003538;-0.007329
4;0.008159;-0.001081;0.000180
5;0.016082;-0.003916;0.009959
6;0.011716;-0.001057;-0.002285
7;0.002937;-0.004096;-0.006484
8;-0.014215;-0.005670;-0.006263
9;-0.021863;-0.001599;0.001233
10;-0.013200;0.002578;0.006088
11;-0.001427;-0.003679;-0.000386
12;0.016001;-0.009480;0.001607
13;0.027310;-0.001249;0.001825
14;0.014247;-0.006070;0.003808
15;-0.008501;-0.000169;0.000775
16;-0.012194;-0.005992;0.006962
17;-0.003458;-0.003098;0.005285
18;0.008785;-0.000822;0.003699
19;0.008511;-0.007450;-0.003353
20;-0.012396;0.005924;-0.005964
21;-0.004640;-0.010393;-0.001053
22;0.000854;-0.004897;-0.005862
23;-0.016327;-0.000787;-0.006500
24;-0.022697;-0.003811;-0.000933
25;-0.011818;-0.006350;0.010134
26;-0.007599;0.006353;-0.004084
27;0.002204;-0.005273;-0.008484
28;-0.007300;0.009408;-0.047822
29;-0.046066;-0.041996;-0.046244
30;-0.020474;0.026687;0.034258
31;0.087106;-0.012706;0.073766
32;0.102953;0.001245;0.014081
33;-0.019118;-0.006985;-0.003931
34;-0.033482;-0.003372;0.008327
35;0.026287;0.006088;0.001127
36;0.006258;-0.019602;0.021855
37;-0.008521;0.003270;0.018468
38;-0.014949;-0.016679;0.009955
39;-0.011838;-0.003748;-0.005749
40;-0.004886;0.011135;0.002130
41;0.004722;-0.009443;0.004538
42;-0.011098;-0.029801;-0.008238
43;-0.077292;-0.020702;-0.016741
44;-0.151718;-0.013998;-0.010937
45;-0.287525;-0.023026;0.002575
46;-0.370198;0.042157;0.115690
47;0.086365;-0.170796;0.085913
48;-0.070873;-0.246902;0.013557
49;-0.407558;-0.168402;0.011141
50;-0.123303;0.082008;0.089384
51;0.542682;0.222188;0.171398
52;0.260997;0.349999;0.047031
53;-0.003538;0.284431;0.000413
54;-0.194607;0.182196;-0.094108
55;-0.131751;0.017357;-0.151414
56;0.058871;-0.031826;-0.100975
57;0.239773;-0.104474;0.077142
58;0.348690;-0.094342;0.016794
59;0.132826;-0.034662;-0.110712
60;0.114703;0.024190;-0.147030
61;0.316270;0.106698;-0.128035
62;0.314450;0.184653;-0.010245
63;-0.564927;-0.668584;0.239445
64;0.333910;0.142712;-0.248455
65;-0.016976;-0.014910;-0.079437
66;0.189332;0.043922;0.095095
67;0.022134;0.004968;0.161832
68;-0.054883;-0.000469;0.017991
69;-0.112634;-0.009560;0.093478
70;0.084755;-0.016385;0.041888
71;0.097446;-0.009483;-0.093840
72;0.009077;-0.001453;0.038944
73;0.048649;-0.005384;-0.034768
74;-0.134978;0.001714;0.021898
75;-0.055251;-0.023394;-0.005790
76;0.076058;-0.037493;0.017591
77;0.000224;-0.055405;0.065825
78;-0.010686;-0.066381;0.049966
79;-0.167947;-0.241387;0.152644
80;-0.551461;-0.211343;-0.105982
81;-0.718692;-0.211836;-0.171116
82;-0.485303;-0.250482;-0.057042
83;-0.373762;-0.104687;0.012462
84;-0.008660;-0.188444;0.266752
85;-0.069153;-0.058655;0.091737
86;-0.183072;0.036640;0.056885
87;-0.252619;0.299275;-0.112946
88;-0.181428;0.268973;-0.116806
89;0.157113;0.010515;-0.054281
90;0.132506;-0.044294;0.042326
91;0.275672;-0.156515;0.019839
92;0.500774;0.049590;0.015841
93;0.583644;-0.040126;0.113685
94;0.563619;0.153742;0.140103
95;0.528441;0.023958;0.123039
96;-0.217232;-0.653730;0.109407
97;0.403924;0.144556;-0.254113
98;0.170222;-0.007788;-0.014820
99;0.182112;0.070257;0.314991
100;0.016734;-0.063021;-0.028381
101;-0.029378;-0.091621;-0.055865
102;-0.019389;0.011631;0.093794
103;0.144561;-0.007295;0.058056
104;-0.020787;-0.011165;-0.015503
105;-0.211049;0.001213;-0.086362
106;-0.212540;0.021369;0.025152
107;-0.041895;-0.067038;0.005543
108;-0.100533;-0.070360;0.028529
109;-0.173839;-0.167292;0.042315
110;-0.207537;-0.339843;0.003354
111;-0.673263;-0.635010;-0.059350
112;-0.982605;-0.524365;-0.154405
113;-0.676952;-0.200090;-0.117049
114;-0.138473;-0.174604;0.008933
115;-0.022277;-0.114750;0.180601
116;-0.012954;0.105581;0.073173
117;-0.059395;0.218776;0.075627
118;-0.306385;0.502046;-0.166113
119;-0.149015;0.282907;-0.116606
120;0.139197;0.043135;-0.112085
121;0.449210;-0.150668;0.075599
122;0.621874;-0.307907;0.391620
123;0.796250;-0.122333;0.158425
124;0.637417;-0.079648;0.200247
125;0.264728;-0.487796;-0.187195
126;-0.254393;-0.095472;-0.267081
127;0.602150;0.155927;-0.088175
128;0.210850;-0.040888;0.256189
129;0.302491;0.051820;0.186974
130;-0.224149;-0.156600;-0.132289
131;-0.104585;0.000706;0.007004
132;0.093394;0.054294;0.098992
133;-0.023857;-0.009953;-0.012198
134;-0.104707;-0.022005;-0.028235
135;-0.075854;-0.045689;-0.027973
136;-0.205943;-0.180239;0.010035
137;-0.475263;-0.277726;-0.059595
138;-0.477156;-0.352734;-0.151793
139;-0.892094;-0.780414;-0.137931
140;-1.133205;-0.514156;-0.071966
141;-0.447298;-0.108502;-0.018815
142;0.002667;-0.150266;0.214667
143;0.232344;0.122530;0.081043
144;0.195379;0.335539;0.221443
145;0.093620;0.560088;0.045070
146;-0.038390;0.702422;-0.097760
147;-0.014109;0.215758;-0.182029
148;0.203541;-0.275843;-0.113684
149;0.689985;-0.566129;0.482896
150;0.896613;-0.058443;0.082074
151;0.506649;-0.126453;0.044498
152;0.099873;-0.567658;-0.203795
153;-0.748048;0.036013;-0.119872
154;1.089347;0.106697;-0.058570
155;0.471912;-0.080628;0.279473
156;0.153403;0.008537;0.090252
157;-0.297862;-0.125103;-0.004652
158;0.133672;-0.015542;-0.001373
159;0.154272;0.019448;0.051747
160;-0.164711;0.008579;0.046559
161;-0.184427;-0.000208;0.042083
162;-0.063417;0.004533;-0.033415
163;-0.303208;-0.103747;-0.037820
164;-0.470227;-0.164450;-0.036970
165;-0.441033;-0.335410;-0.004399
166;-0.508514;-0.674993;0.021916
167;-1.244199;-0.649598;-0.150308
168;-0.883068;-0.408124;0.042589
169;-0.368606;-0.202126;0.099382
170;0.030399;0.110888;0.123033
171;0.190851;0.305849;0.007255
172;0.204292;0.488422;0.154332
173;0.154202;0.639194;-0.000593
174;0.016665;0.661021;-0.166366
175;0.139473;-0.033412;-0.184411
176;0.262613;-0.839969;0.333538
177;0.889322;-0.103035;0.180670
178;0.591087;-0.116600;0.189729
179;-0.074323;-0.846489;-0.260175
180;-0.416138;0.239799;-0.151121
181;0.782946;0.052444;0.071341
182;0.819940;-0.000263;0.179036
183;0.104785;-0.104795;0.122019
184;-0.330193;-0.141691;-0.028354
185;0.115967;0.009303;0.008848
186;0.141113;-0.025265;0.053677
187;-0.077269;-0.034757;-0.001742
188;-0.094884;-0.025384;0.035921
189;-0.114215;-0.069125;0.012141
190;-0.398745;-0.163073;-0.039750
191;-0.812308;-0.266199;-0.077945
192;-0.728045;-0.667707;0.052877
193;-1.035124;-0.929020;-0.051021
194;-0.771068;-0.411798;0.048769
195;-0.335269;-0.210093;0.017603
196;0.177896;0.093242;-0.016523
197;0.237736;0.207980;-0.004021
198;-0.087483;0.577329;-0.077343
199;0.089264;0.456010;-0.100377
200;-0.003760;0.582313;-0.185458
201;0.217321;-0.102692;-0.148578
202;0.514154;-0.552494;0.328752
203;1.003843;-0.221612;0.103088
204;0.606866;-0.195275;0.176976
205;0.651509;-0.336174;-0.196987
206;-0.843262;-0.125266;-0.531039
207;0.489636;0.469101;0.287991
208;0.481423;-0.358684;0.282073
209;0.769171;0.162491;0.119218
210;-0.369003;-0.205069;-0.090986
211;-0.070471;0.029619;-0.021766
212;0.148910;0.002440;0.045833
213;0.039406;-0.035605;0.010570
214;-0.140356;-0.012363;-0.051027
215;-0.054898;-0.049555;-0.043055
216;-0.206550;-0.132276;-0.054690
217;-0.722259;-0.192265;-0.024012
218;-0.449975;-0.402017;0.074923
219;-0.595822;-0.810998;0.005088
220;-1.484488;-0.653642;-0.127704
221;-0.782307;-0.338948;-0.000816
222;-0.390003;-0.223878;0.154708
223;0.280545;0.077526;0.235614
224;0.260508;0.361990;-0.075467
225;-0.030839;0.364476;0.153705
226;-0.045320;0.647208;-0.083025
227;-0.133382;0.522962;-0.109210
228;0.472843;-0.254308;0.142228
229;1.002329;-0.619288;0.632159
230;0.806516;-0.031187;-0.242075
231;0.495291;-0.156789;-0.212556
232;-0.196825;-0.951731;-0.224538
233;-0.197640;0.236509;0.275860
234;1.439323;0.314178;0.162929
235;0.562457;-0.322789;0.375266
236;-0.143870;0.111905;-0.101143
237;-0.436445;-0.216762;-0.058211
238;0.183133;0.048809;0.103392
239;0.210713;0.004319;0.055558
240;-0.090152;-0.041006;-0.047026
241;-0.220309;-0.049138;-0.001907
242;-0.257972;-0.034591;-0.163079
243;-0.581548;-0.265800;-0.005240
244;-0.348406;-0.333857;-0.027128
245;-0.554049;-0.655685;0.096210
246;-1.463505;-0.672125;-0.130236
247;-0.906172;-0.308289;0.055482
248;-0.340464;-0.310721;0.170711
249;0.168352;0.014935;0.253585
250;0.309218;0.402184;-0.052075
251;-0.063104;0.309576;0.142002
252;-0.030364;0.661544;-0.086672
253;0.063340;0.522437;-0.086821
254;0.435337;-0.294624;0.270090
255;0.747548;-0.373774;0.241738
256;0.456426;-0.217517;-0.109201
257;0.810575;-0.168670;0.020110
258;0.372405;-0.553331;-0.306643
259;-1.066174;0.131551;0.091079
260;1.364415;0.417587;0.123420
261;0.633967;-0.260183;0.309199
262;0.324291;-0.081480;-0.153506
263;-0.658624;-0.124976;0.049094
264;0.138077;0.038103;0.084740
265;0.252755;-0.005678;0.004263
266;-0.289425;-0.043214;0.006297
267;-0.118561;-0.061828;0.024964
268;-0.117594;-0.074776;0.014885
269;-0.682171;-0.204167;-0.060328
270;-0.695676;-0.321805;-0.137024
271;-0.707125;-0.942568;-0.088919
272;-1.004683;-0.560872;-0.030309
273;-0.431692;-0.291501;0.030170
274;-0.179724;0.001133;0.166811
275;0.127547;0.098721;-0.052268
276;0.048379;0.412391;-0.089375
277;-0.086825;0.458724;-0.161062
278;-0.223929;0.457524;-0.174301
279;0.123544;-0.003697;-0.186800
280;0.441435;-0.331250;0.105630
281;0.853193;-0.403871;0.431278
282;0.666593;-0.024258;0.087543
283;0.950108;-0.065378;0.190161
284;-0.461965;-1.182446;-0.305245
285;0.009859;0.362445;0.187577
286;1.188338;-0.148584;-0.380262
287;0.204409;-0.095138;0.433536
288;0.122896;0.019212;0.038081
289;-0.225776;-0.091033;-0.114511
290;-0.123290;0.079771;0.096053
291;0.152882;-0.006132;0.004281
292;-0.106454;-0.040730;-0.007519
293;-0.156454;-0.062917;0.009770
294;-0.144599;-0.077827;-0.026851
295;-0.422246;-0.244971;0.033461
296;-0.808836;-0.392401;-0.010600
297;-0.796467;-0.754914;0.052095
298;-1.283251;-0.715240;0.038760
299;-0.877629;-0.401287;0.018809
300;-0.104194;-0.232708;0.149208
301;0.122109;0.031715;0.010159
302;0.089050;0.280850;-0.047540
303;-0.002121;0.465819;-0.089173
304;-0.100651;0.627850;-0.235782
305;0.079847;0.202103;-0.110056
306;0.572000;-0.243193;-0.180081
307;0.478999;-0.654697;0.189372
308;0.822533;-0.049752;0.033203
309;1.103787;-0.114578;0.220678
310;-0.331325;-1.624758;-0.134938
311;-0.095663;0.362894;-0.195583
312;0.724585;0.513899;-0.139290
313;0.829766;-0.401649;0.461647
314;-0.017509;0.104581;-0.001369
315;-0.341058;-0.222501;0.040833
316;0.148857;0.024788;0.034827
317;0.112525;0.028955;-0.003606
318;-0.203082;-0.039012;0.001287
319;-0.219396;0.061665;0.009313
320;-0.136906;-0.026361;-0.015778
321;-0.451701;-0.096248;-0.073041
322;-0.506700;-0.251673;-0.080699
323;-0.384996;-0.449448;0.022156
324;-1.389390;-0.928973;-0.085380
325;-1.042245;-0.544391;0.131392
326;-0.539571;-0.399994;0.185215
327;-0.144223;-0.062727;0.243993
328;0.159970;0.237689;0.031511
329;0.082517;0.349796;0.122975
330;0.018582;0.459522;0.200194
331;0.177356;0.581889;0.056400
332;0.168059;0.204119;-0.029024
333;0.342100;-0.418692;0.535159
334;1.156570;-0.224891;0.575978
335;0.556365;0.020314;-0.124427
336;0.927442;-0.069104;-0.281510
337;-1.619005;-1.439838;-0.304862
338;0.665920;0.476036;-0.423285
339;0.820365;-0.042157;0.413412
340;0.699373;0.023514;0.188171
341;-0.431302;-0.200727;-0.194179
342;-0.063094;0.003410;-0.099206
343;0.155541;-0.023422;0.108093
344;-0.084672;0.009689;0.027929
345;-0.174592;-0.099042;-0.025915
346;-0.168739;-0.087020;-0.004281
347;-0.579723;-0.157186;-0.139666
348;-0.723771;-0.380989;-0.164532
349;-0.527223;-0.807400;0.017668
350;-1.399974;-0.721656;-0.116556
351;-0.583848;-0.436853;0.021627
352;-0.349472;-0.327798;0.147323
353;0.081968;-0.015927;0.072772
354;0.191864;0.316717;-0.129346
355;0.049564;0.409076;-0.072726
356;0.019193;0.718250;-0.229653
357;-0.002808;0.336314;-0.174413
358;0.384680;-0.163862;-0.202862
359;0.656109;-0.485933;0.303885
360;0.786612;-0.217837;0.147794
361;0.666124;0.005500;0.261736
362;0.095665;-1.160942;-0.184128
363;-0.492250;0.407538;-0.018383
364;1.111503;0.000105;0.112860
365;0.466756;0.059428;0.353714
366;0.215803;0.040964;0.258481
367;-0.339364;-0.310709;-0.386271
368;-0.064780;0.098849;0.084539
369;0.210545;0.024104;0.096640
370;0.014017;-0.026437;-0.047709
371;-0.291455;-0.088395;0.050653
372;-0.193720;-0.067044;0.011024
373;-0.520599;-0.165314;-0.004157
374;-0.838588;-0.422016;-0.103304
375;-0.540799;-0.924565;-0.082420
376;-1.375148;-0.637277;0.022117
377;-0.472779;-0.277776;0.006027
378;-0.133261;-0.210969;0.196060
379;0.076085;0.281357;-0.127661
380;-0.029000;0.247719;-0.034619
381;-0.177959;0.594932;-0.196094
382;-0.126154;0.531332;-0.134376
383;0.260668;0.070016;-0.106041
384;0.423911;-0.295834;-0.101725
385;0.720449;-0.447014;0.247148
386;0.727473;-0.221236;0.208293
387;0.959169;-0.024800;-0.000045
388;-0.756582;-1.485744;-0.617668
389;0.309915;0.360709;0.046513
390;0.814736;0.156345;0.196529
391;0.857193;-0.124197;0.262063
392;-0.346432;-0.078069;-0.112590
393;-0.289695;-0.033284;-0.002763
394;0.180835;0.000782;0.079299
395;0.133154;0.067498;0.017113
396;-0.159787;-0.045228;-0.065308
397;-0.149877;-0.079553;0.000249
398;-0.235090;-0.027794;0.001224
399;-0.585159;-0.191884;-0.079076
400;-0.655877;-0.440864;-0.019495
401;-0.871547;-0.994241;0.072379
402;-0.995469;-0.299981;-0.139482
403;-0.277391;-0.313910;0.159067
404;-0.019622;-0.209540;0.254589
405;-0.134448;0.257917;-0.017116
406;-0.305432;0.224145;-0.023943
407;-0.319672;0.422219;-0.124280
408;-0.171497;0.362830;-0.057173
409;0.395857;-0.020580;0.059435
410;0.539772;-0.279347;0.122523
411;0.707854;-0.181181;0.328096
412;0.479306;-0.252681;0.102608
413;0.748478;-0.021056;-0.066352
414;0.027744;-0.633448;-0.140159
415;-0.422019;0.097385;0.057960
416;1.334638;0.325184;-0.054442
417;0.639883;-0.282962;0.307664
418;0.194334;0.061612;0.162197
419;-0.381905;-0.215676;-0.077120
420;0.070563;0.003854;-0.068325
421;0.065279;0.050790;0.068097
422;-0.237286;-0.054188;-0.001320
423;-0.120316;-0.018005;-0.046670
424;-0.153587;-0.093435;-0.015391
425;-0.735853;-0.252353;-0.054680
426;-0.793249;-0.530631;-0.002409
427;-0.708658;-1.070168;-0.109838
428;-0.953732;-0.753710;0.096813
429;-0.373708;-0.191412;0.058618
430;-0.262591;0.029460;0.040819
431;0.089648;0.080637;0.030854
432;0.028114;0.545168;-0.089821
433;0.053351;0.398165;0.022269
434;-0.003523;0.691844;-0.096737
435;0.390051;0.051745;-0.027016
436;0.427969;-0.534476;-0.046959
437;0.851937;-0.258256;0.358121
438;0.583895;-0.263556;0.151698
439;0.692321;-0.096686;-0.175281
440;-0.667394;-0.579488;-0.427977
441;0.352662;0.311067;0.225919
442;0.746551;0.150680;0.026517
443;0.696615;-0.169119;0.206315
444;-0.353479;-0.110890;-0.121460
445;-0.091385;-0.060909;-0.022201
446;0.220274;0.021595;0.036163
447;0.031301;-0.015010;-0.006247
448;-0.222711;-0.021555;-0.058186
449;-0.086827;-0.093939;-0.004838
450;-0.174241;-0.061487;-0.159749
451;-0.747252;-0.329137;-0.064430
452;-0.481132;-0.443034;0.048619
453;-0.728743;-0.926951;-0.083724
454;-1.220615;-0.623120;-0.069434
455;-0.587532;-0.225263;-0.075784
456;-0.359522;-0.121365;0.016140
457;0.134576;-0.060215;0.113344
458;0.108636;0.407418;-0.129996
459;0.055463;0.260376;0.043328
460;0.031456;0.633230;-0.132167
461;0.288578;0.314205;-0.128443
462;0.307740;-0.353314;-0.015779
463;0.839518;-0.544315;0.388419
464;0.660636;-0.061474;0.177913
465;0.739975;-0.017383;0.074623
466;-0.278278;-1.507084;-0.519106
467;0.045022;0.316009;0.228198
468;1.105699;0.070997;-0.206401
469;0.625741;-0.214788;0.468151
470;-0.094398;0.021116;-0.029053
471;-0.346569;-0.110761;-0.090730
472;0.045546;-0.011315;0.047168
473;0.089251;0.121824;0.028778
474;-0.124049;-0.050992;-0.053269
475;-0.077570;-0.123450;-0.050244
476;-0.101087;-0.073232;0.008705
477;-0.425685;-0.193257;-0.139830
478;-0.693859;-0.438241;-0.084331
479;-0.666650;-0.812626;-0.039418
480;-1.423335;-0.692703;-0.221852
481;-0.830186;-0.388007;0.036906
482;-0.415281;-0.312097;0.127363
483;-0.026948;0.039361;0.088490
484;0.204411;0.373654;0.002420
485;0.206244;0.280245;0.092606
486;0.098125;0.702007;-0.147132
487;-0.051722;0.445329;-0.225468
488;0.223749;-0.325552;-0.163176
489;0.738941;-0.742381;0.714120
490;0.984401;0.064746;0.233647
491;0.647101;-0.112339;0.218738
492;0.289944;-0.266810;-0.286329
493;-0.907955;0.040582;-0.159469
494;1.363555;-0.031188;0.111248
495;0.548523;0.217689;0.388654
496;0.260919;0.012918;0.246339
497;-0.459085;-0.158846;-0.186289
498;-0.042555;-0.001870;-0.001014
499;0.251775;0.059874;0.067347
500;0.013320;-0.100044;-0.026190
501;-0.267415;-0.013019;-0.084139
502;-0.224055;-0.088333;-0.051278
503;-0.430931;-0.143705;-0.099830
504;-0.731447;-0.383665;-0.021598
505;-0.538212;-0.581296;0.075372
506;-0.943768;-0.838714;-0.128251
507;-0.765410;-0.449175;-0.107084
508;-0.451218;-0.250082;0.167764
509;0.067785;-0.081075;0.150394
510;0.124495;0.248738;-0.256914
511;0.023769;0.324056;-0.050444
512;-0.069469;0.575959;-0.222837
513;-0.022563;0.350359;-0.088275
514;0.482017;-0.031446;-0.108490
515;0.391522;-0.225013;-0.007604
516;0.808743;-0.469173;0.473081
517;0.968151;-0.018152;0.231996
518;0.569124;-0.577370;0.121062
519;-0.531128;-0.088849;-0.485507
520;0.628379;0.370460;-0.107908
521;0.087115;0.000845;0.190994
522;0.679520;-0.080816;0.246364
523;-0.148584;-0.045968;-0.176352
524;-0.339438;-0.100615;-0.023208
525;0.056456;0.063839;0.075809
526;0.124481;0.031828;0.021790
527;-0.088339;-0.113275;-0.026142
528;-0.347620;-0.028539;-0.063559
529;-0.533112;-0.125205;-0.057946
530;-0.559764;-0.402848;-0.017939
531;-0.600854;-0.829163;0.052993
532;-1.185979;-0.783052;-0.196967
533;-0.963411;-0.316213;0.124218
534;-0.325861;-0.180063;0.092831
535;0.104299;-0.206431;0.107763
536;0.301489;0.441559;-0.121953
537;0.029163;0.242008;0.057626
538;-0.116515;0.714041;-0.248581
539;-0.170776;0.487397;-0.313956
540;0.400453;-0.421374;0.045848
541;0.816648;-0.728370;0.501559
542;0.968144;-0.076198;0.372166
543;0.668396;-0.115331;0.064426
544;-0.417457;-1.278460;-0.534847
545;-0.231743;0.289536;0.141767
546;1.309198;0.213922;-0.051581
547;0.657005;-0.173375;0.529970
548;0.140677;0.002883;-0.021926
549;-0.516855;-0.118535;-0.098671
550;0.007183;0.021729;0.032958
551;0.298326;0.039560;0.055352
552;-0.099960;-0.056736;-0.034944
553;-0.226179;-0.083575;-0.045407
554;-0.111881;-0.103950;-0.048400
555;-0.616268;-0.174092;-0.020695
556;-0.767527;-0.484125;0.041867
557;-0.733837;-0.881196;-0.056000
558;-1.300473;-0.864934;-0.059390
559;-0.623573;-0.250516;-0.123968
560;-0.247642;-0.079222;0.059322
561;0.178715;0.027375;-0.039772
562;0.228268;0.425126;-0.087579
563;0.119985;0.447100;-0.087292
564;0.031378;0.665129;-0.179662
565;-0.025930;0.301471;-0.291999
566;0.140183;-0.195406;-0.418658
567;0.416545;-0.937373;0.555379
568;1.248186;0.028975;0.153987
569;0.896576;-0.106447;0.155936
570;-0.527110;-1.257976;-0.615556
571;-0.273215;0.380979;0.209339
572;1.206910;-0.104958;-0.230280
573;0.749926;-0.093619;0.490192
574;0.044305;-0.031831;0.115148
575;-0.396661;-0.127292;-0.142887
576;0.037248;-0.008256;0.041622
577;0.256814;0.051369;0.010179
578;-0.075502;-0.055367;-0.068458
579;-0.160792;-0.071791;-0.037587
580;-0.155366;-0.014453;-0.010742
581;-0.642949;-0.192699;-0.076883
582;-0.660383;-0.476094;0.004447
583;-0.743614;-0.880701;0.048594
584;-1.278723;-0.772519;-0.226222
585;-0.692258;-0.303192;-0.188492
586;-0.256391;-0.141562;0.065297
587;0.196264;-0.091193;0.103240
588;0.202370;0.401766;-0.142273
589;0.152427;0.418168;-0.066344
590;0.063305;0.699068;-0.230433
591;0.082932;0.322068;-0.200602
592;0.278058;-0.368061;-0.200425
593;0.768651;-0.507421;0.468553
594;0.995273;-0.001319;0.329945
595;0.790415;0.018704;-0.034870
596;-0.951896;-1.540069;-0.577845
597;-0.003947;0.580901;0.257060
598;1.116493;0.005857;0.124183
599;0.807653;-0.283436;0.261557
600;-0.199617;-0.080834;-0.108561
601;-0.217864;-0.126608;-0.090199
602;0.194333;0.021262;0.058503
603;0.113078;0.048364;0.019746
604;-0.201914;-0.088350;-0.082091
605;-0.127057;-0.105753;-0.031796
606;-0.394468;-0.077022;-0.123905
607;-0.772757;-0.385216;-0.088629
608;-0.394799;-0.458650;-0.040451
609;-0.987835;-1.044414;-0.126589
610;-1.406999;-0.739861;0.094465
611;-0.592528;-0.283310;-0.039831
612;-0.043665;-0.092484;0.195956
613;0.366586;0.003967;0.070828
614;0.194432;0.511585;-0.057217
615;0.146309;0.507200;-0.052319
616;0.096304;0.717341;-0.118237
617;0.251627;0.188563;-0.132694
618;0.388782;-0.453410;0.024518
619;0.896463;-0.438419;0.316348
620;0.794968;-0.055841;0.090153
621;0.913298;-0.070955;-0.042423
622;-0.799999;-0.600266;-0.092414
623;0.463436;0.403126;0.010013
624;0.608911;0.000873;-0.066839
625;0.483929;-0.214610;0.276101
626;-0.082782;-0.028588;-0.137554
627;-0.234573;-0.088176;0.012257
628;0.067808;0.053165;0.071756
629;0.095925;0.031280;-0.047338
630;-0.173029;-0.129174;-0.064319
631;-0.191104;-0.053622;-0.028429
632;-0.386160;-0.136623;-0.027095
633;-0.724978;-0.344045;-0.093477
634;-0.653605;-0.536033;-0.104287
635;-0.895523;-0.954662;-0.120615
636;-1.176122;-0.705219;0.182671
637;-0.445670;-0.200520;-0.017361
638;-0.042963;0.003716;0.199718
639;0.296849;-0.031569;0.083199
640;0.253361;0.592886;-0.067984
641;0.196507;0.460543;-0.091247
642;0.028740;0.718459;-0.178247
643;0.023336;0.164558;-0.304908
644;0.220102;-0.734542;0.066974
645;1.142331;-0.270551;0.486423
646;1.129866;-0.016534;0.342181
647;0.678532;-0.061632;0.001105
648;-1.326690;-0.490092;-0.458893
649;0.491292;0.574280;0.098314
650;0.692466;-0.192849;0.272754
651;0.853306;-0.079687;0.200746
652;-0.261595;-0.133709;-0.207528
653;-0.136027;-0.033318;-0.003974
654;0.167282;0.034981;0.043581
655;0.055734;-0.024790;-0.033905
656;-0.245255;-0.022459;-0.082046
657;-0.194059;-0.061801;-0.028839
658;-0.200947;-0.134910;0.010722
659;-0.518520;-0.226600;-0.165997
660;-0.835838;-0.535801;-0.019048
661;-0.807463;-0.906195;-0.149781
662;-0.876312;-0.677668;-0.048215
663;-0.471094;-0.309651;-0.056608
664;-0.208094;-0.077166;0.104776
665;0.175627;0.010542;0.075429
666;0.066781;0.529314;-0.143937
667;0.081149;0.304027;-0.049976
668;0.001111;0.654649;-0.129474
669;0.209471;0.260433;-0.259166
670;0.310200;-0.270695;-0.082663
671;0.778661;-0.699453;0.516604
672;0.764421;0.002005;0.180962
673;0.700920;-0.135469;-0.003549
674;-0.579702;-1.269416;-0.545893
675;-0.156135;0.269066;0.298464
676;1.093253;0.242195;-0.238465
677;0.776170;-0.294650;0.493981
678;-0.075395;0.004955;0.014471
679;-0.353997;-0.137106;-0.116911
680;0.173873;-0.015426;0.013935
681;0.180261;0.063904;0.029704
682;-0.181729;-0.063218;-0.083695
683;-0.136938;-0.103319;-0.081857
684;-0.317310;-0.065750;-0.032095
685;-0.613343;-0.253892;-0.070332
686;-0.508095;-0.505926;-0.075897
687;-0.829259;-0.805346;-0.155160
688;-1.142399;-0.802952;-0.042321
689;-0.425453;-0.265532;-0.019288
690;-0.029717;-0.074576;0.175368
691;0.107734;0.005876;0.058698
692;0.186319;0.557464;-0.044759
693;0.074338;0.432417;-0.032402
694;-0.017572;0.659851;-0.157487
695;0.115662;0.143477;-0.097536
696;0.381612;-0.325572;-0.254834
697;0.451641;-0.478569;0.233946
698;0.892456;-0.146447;0.185616
699;0.963254;-0.056114;0.125793
700;-0.518883;-1.421474;-0.332762
701;-0.437100;0.309037;-0.037807
702;0.813482;0.392299;-0.069844
703;0.582000;-0.259039;0.580605
704;0.293046;0.060599;0.077723
705;-0.383458;-0.147346;-0.165074
706;-0.002191;0.013179;0.010611
707;0.259138;0.010281;0.058655
708;-0.035246;-0.014567;-0.078015
709;-0.305310;-0.047745;-0.086249
710;-0.091084;-0.070619;-0.030061
711;-0.208732;-0.105984;-0.121165
712;-0.687690;-0.390792;-0.052636
713;-0.581136;-0.480463;0.035004
714;-0.925786;-1.052885;-0.010583
715;-1.316345;-0.534831;-0.000180
716;-0.577270;-0.273365;-0.103280
717;-0.212888;-0.114249;0.101593
718;0.201465;0.070537;-0.045644
719;0.227778;0.415512;-0.029369
720;0.205529;0.438207;-0.022971
721;0.096941;0.812350;-0.193560
722;0.264475;0.105969;-0.094484
723;0.408039;-0.428934;-0.205477
724;0.667058;-0.455128;0.246589
725;0.814771;-0.159496;0.309397
726;1.028293;0.126332;0.217430
727;-0.548303;-1.182332;-0.129651
728;0.041289;0.497747;0.103117
729;0.672006;-0.033923;-0.253905
730;0.777436;-0.204122;0.279495
731;0.015603;0.019919;-0.023487
732;-0.169368;-0.194974;-0.055219
733;0.060777;-0.013948;0.062184
734;0.096822;0.028789;0.022097
735;-0.086114;-0.085856;-0.063267
736;-0.147072;-0.073712;-0.041473
737;-0.396001;-0.059075;-0.147926
738;-0.786307;-0.321967;-0.118170
739;-0.556036;-0.478185;-0.051099
740;-0.657890;-0.889172;-0.070263
741;-1.263180;-0.875850;0.108784
742;-0.521609;-0.106739;-0.034537
743;-0.313346;-0.139401;0.076179
744;0.292324;-0.130667;0.137780
745;0.323439;0.614974;-0.093406
746;0.214692;0.401994;-0.006662
747;-0.013243;0.688648;-0.108382
748;0.111130;0.306469;-0.428820
749;-0.028458;-0.348585;-0.273485
750;0.887043;-0.748459;0.799733
751;1.078309;0.153764;0.238552
752;0.808677;0.031729;0.153526
753;-0.646634;-1.104128;-0.068427
754;0.294615;0.452869;0.046949
755;0.558179;0.026708;-0.011112
756;0.645313;-0.204041;0.314744
757;-0.042239;0.018261;-0.132312
758;-0.246343;-0.152994;-0.082714
759;-0.028263;0.064529;0.069599
760;0.115545;0.041546;-0.005770
761;-0.093146;-0.054608;-0.063020
762;-0.210447;-0.069975;-0.059300
763;-0.254285;-0.030334;-0.091487
764;-0.383371;-0.302770;-0.077721
765;-0.584265;-0.463499;-0.037037
766;-0.953345;-0.932288;-0.033661
767;-1.177819;-0.812281;-0.178282
768;-0.638691;-0.131436;-0.120132
769;-0.308509;-0.122290;0.098057
770;0.087690;-0.049496;0.011518
771;0.221870;0.653086;-0.149248
772;0.293040;0.146697;0.043795
773;0.050625;0.736928;-0.251924
774;0.045073;0.236301;-0.258815
775;0.097912;-0.531116;-0.219149
776;0.857008;-0.492805;0.706549
777;1.166379;0.181819;0.281394
778;0.823085;0.130851;0.245501
779;-0.666644;-0.907739;0.077199
780;0.343976;0.522573;-0.108665
781;0.488742;-0.192607;-0.039962
782;0.592243;-0.125273;0.326714
783;-0.050278;-0.000603;-0.100446
784;-0.342481;-0.129417;-0.045788
785;-0.051737;0.079816;0.025733
786;0.181164;0.010423;-0.048183
787;-0.160777;-0.086742;-0.043528
788;-0.166205;-0.091932;-0.074728
789;-0.098643;-0.164635;-0.076979
790;-0.503011;-0.289918;-0.146441
791;-0.870051;-0.436728;-0.086061
792;-0.765092;-0.893419;-0.159423
793;-1.110793;-0.814060;-0.058501
794;-0.598751;-0.282151;-0.109123
795;-0.289554;-0.133828;-0.016911
796;0.228312;-0.038997;0.013612
797;0.333333;0.519656;-0.166973
798;0.226015;0.273763;-0.125961
799;-0.119459;0.734981;-0.170160
800;0.071280;0.091744;-0.275217
801;0.310105;-0.430154;-0.034137
802;1.111197;-0.518755;0.810683
803;1.269935;0.256946;0.384240
804;0.566135;-0.099224;0.105458
805;-0.917927;-0.507233;-0.353963
806;0.240099;0.707610;-0.073186
807;0.836617;-0.262850;0.266440
808;0.741221;0.020516;0.201326
809;-0.350236;-0.107105;-0.157934
810;-0.024322;-0.123273;-0.040245
811;0.197213;0.039753;0.031365
812;0.018817;0.017425;-0.008106
813;-0.190704;-0.099482;-0.105147
814;-0.162355;-0.090575;-0.057326
815;-0.418651;-0.036268;-0.094106
816;-0.624920;-0.354578;-0.082044
817;-0.415787;-0.474691;-0.123529
818;-1.063927;-1.198745;-0.188565
819;-1.098100;-0.694803;-0.111872
820;-0.420123;-0.175678;0.008042
821;-0.086245;-0.110839;0.085584
822;0.081872;0.048962;-0.051191
823;0.143731;0.457185;-0.054481
824;0.158353;0.365891;-0.022089
825;0.155024;0.635540;-0.048905
826;0.475525;0.179523;-0.078207
827;0.359584;-0.228537;-0.051976
828;0.890137;-0.454356;0.668303
829;0.796572;0.036758;0.020488
830;0.800472;-0.059073;-0.146064
831;-1.217725;-0.938753;-0.315174
832;0.208522;0.624466;0.350105
833;1.233411;-0.335235;-0.079829
834;0.792734;-0.222214;0.314435
835;-0.263215;-0.053276;-0.045936
836;-0.352917;-0.072986;-0.090691
837;0.075752;0.036245;0.023466
838;0.123828;0.039467;0.017237
839;-0.220452;-0.075020;-0.112114
840;-0.120771;-0.168996;-0.043285
841;-0.221238;-0.000949;-0.051619
842;-0.708826;-0.355203;-0.109969
843;-0.640963;-0.496824;-0.016410
844;-0.904375;-0.970329;-0.204602
845;-1.119452;-0.856826;-0.091494
846;-0.537848;-0.167430;-0.134719
847;-0.153275;-0.062716;0.155123
848;0.185586;-0.101575;0.014026
849;0.134396;0.699307;-0.236105
850;0.203643;0.235905;-0.047899
851;0.042833;0.702548;-0.088730
852;0.286204;0.202647;-0.197724
853;0.410485;-0.459622;-0.029569
854;1.120823;-0.487444;0.597717
855;0.757706;0.003473;0.002924
856;0.876410;-0.031341;-0.083701
857;-0.976405;-1.124038;-0.348315
858;0.328748;0.447635;0.140202
859;0.680795;0.025713;-0.020466
860;0.817943;-0.248810;0.348651
861;-0.209577;0.004795;-0.123145
862;-0.256399;-0.119066;-0.118029
863;0.052614;0.021581;0.051392
864;0.120744;0.074536;0.000870
865;-0.192104;-0.103804;-0.089497
866;-0.168137;-0.040869;-0.100908
867;-0.200700;-0.056658;-0.145039
868;-0.643745;-0.278606;-0.024828
869;-0.486684;-0.375535;0.020731
870;-0.678361;-0.781241;0.123154
871;-1.552091;-0.802034;-0.150100
872;-0.717360;-0.287949;-0.184410
873;-0.439779;-0.182140;0.106541
874;0.080231;-0.103351;0.122877
875;0.318092;0.360651;-0.041468
876;0.160573;0.362366;0.039616
877;0.131318;0.664387;-0.091335
878;0.163575;0.493710;-0.249982
879;0.305390;-0.118378;-0.120978
880;0.693207;-0.920649;0.628643
881;0.938833;0.115657;-0.009787
882;0.732563;-0.162253;0.075166
883;-0.371241;-1.091114;-0.344075
884;-0.234500;0.301618;0.205102
885;1.117715;0.290597;-0.277342
886;0.615237;-0.359896;0.497716
887;0.195021;0.081361;0.045266
888;-0.307738;-0.197307;-0.105438
889;0.045839;-0.028133;-0.057141
890;0.150157;0.063928;0.025978
891;-0.068396;-0.035980;-0.048772
892;-0.163582;-0.057243;-0.103470
893;-0.180020;-0.051192;-0.034184
894;-0.634947;-0.162895;-0.123538
895;-0.590131;-0.499218;-0.040187
896;-0.678867;-0.703371;0.013232
897;-1.419087;-0.917308;-0.246103
898;-0.852144;-0.356205;-0.085088
899;-0.575016;-0.343319;0.128104
900;0.002375;-0.091720;0.194705
901;0.230415;0.427504;-0.126030
902;0.360534;0.276802;0.148353
903;0.124659;0.755625;-0.143698
904;0.148992;0.636342;-0.276617
905;0.169199;-0.104425;-0.283922
906;0.587164;-0.942603;0.554930
907;0.917661;0.003382;0.193161
908;0.918899;-0.032464;0.285991
909;-0.092327;-1.242579;-0.261184
910;-0.060033;0.399356;0.176928
911;0.842276;0.149324;-0.202220
912;0.393431;-0.283798;0.403926
913;0.133788;0.102392;0.034566
914;-0.171496;-0.168885;-0.084317
915;-0.039978;0.003930;-0.010399
916;0.021945;0.056742;0.025456
917;-0.038020;-0.049998;-0.069363
918;-0.153936;-0.150166;-0.046749
919;-0.376847;-0.078575;-0.063408
920;-0.580640;-0.358115;-0.053952
921;-0.488751;-0.478478;-0.052100
922;-0.848865;-0.879888;-0.111366
923;-1.096051;-0.803366;0.087071
924;-0.549058;-0.213873;-0.083359
925;-0.240010;-0.020776;-0.007423
926;0.301022;-0.144039;0.016432
927;0.144109;0.496771;-0.222934
928;0.186360;0.356905;-0.176274
929;0.002981;0.671719;-0.273736
930;0.097116;0.151740;-0.335129
931;0.366574;-0.424990;-0.164848
932;0.909081;-0.559572;0.645832
933;1.089812;0.064455;0.308805
934;0.481034;-0.218304;0.170338
935;-0.613911;-0.273489;-0.384516
936;0.486688;0.422371;-0.080963
937;0.360097;-0.071574;0.168457
938;0.750388;-0.055696;0.192227
939;-0.337761;-0.050016;-0.109100
940;-0.072145;-0.133368;-0.003938
941;0.140151;0.023746;-0.006297
942;-0.044822;-0.051378;-0.020588
943;-0.186851;-0.056923;-0.048711
944;-0.076686;-0.040974;-0.006819
945;-0.334854;-0.127067;-0.113495
946;-0.820934;-0.262460;-0.148464
947;-0.682931;-0.506552;-0.141635
948;-0.893978;-1.130613;-0.176953
949;-1.029438;-0.676432;0.073661
950;-0.542790;-0.229299;0.102383
951;-0.097275;-0.015014;0.093334
952;0.072946;0.137039;0.029883
953;0.178324;0.463765;0.098450
954;0.281037;0.436960;0.068029
955;0.252334;0.762168;-0.002096
956;0.266567;0.228169;-0.284476
957;0.143286;-0.795530;0.105159
958;1.098274;-0.170399;0.143611
959;0.824429;-0.095130;0.250893
960;0.269392;-0.581351;0.028909
961;-0.319666;-0.031328;-0.367641
962;0.861852;0.263860;-0.178263
963;0.226638;-0.135425;0.212267
964;0.382048;0.009196;0.124314
965;-0.250852;-0.113894;-0.170937
966;-0.088071;-0.083634;-0.026244
967;0.144510;0.044352;0.011410
968;0.033666;-0.032263;-0.051396
969;-0.140068;-0.106325;-0.052391
970;-0.239428;-0.023406;-0.052426
971;-0.479718;-0.142850;-0.188365
972;-0.497725;-0.423345;-0.133485
973;-0.553617;-0.459029;-0.111834
974;-1.145764;-0.969610;-0.183080
975;-0.879523;-0.593953;-0.032916
976;-0.400705;-0.217630;-0.018616
977;0.050615;-0.051251;0.068814
978;0.181949;0.234024;-0.148522
979;0.079368;0.352777;-0.021351
980;0.027155;0.536601;-0.152663
981;0.034050;0.540403;-0.126375
982;0.194812;0.011948;-0.360146
983;0.366670;-0.540203;0.033919
984;0.961134;-0.315240;0.365986
985;1.032747;-0.008912;0.228742
986;0.353722;-0.453320;0.110116
987;-0.574039;0.005061;-0.399199
988;0.665615;0.317376;-0.084063
989;0.297280;-0.106715;0.064186
990;0.595720;-0.081042;0.191551
991;-0.173185;-0.092066;-0.131203
992;-0.133898;-0.084563;-0.043971
993;0.071165;0.044668;0.030374
994;0.011539;-0.007300;-0.031054
995;-0.145278;-0.072017;-0.061116
996;-0.096198;-0.050689;-0.096007
997;-0.421739;-0.087798;-0.119822
998;-0.608603;-0.384455;-0.058330
999;-0.537386;-0.452693;0.036840
1000;-0.947087;-1.058597;-0.082326
1001;-1.131326;-0.528805;-0.044523
1002;-0.527132;-0.307064;-0.025175
1003;-0.175045;-0.054735;0.094298
1004;0.021844;0.138645;-0.032248
1005;0.007137;0.359007;0.030055
1006;0.073562;0.399430;0.021481
1007;0.179131;0.649560;-0.107063
1008;0.460849;0.166262;0.108169
1009;0.676505;-0.471212;0.376366
1010;0.993965;-0.115385;0.223621
1011;0.220890;-0.232822;-0.245926
1012;0.855761;0.145508;-0.486877
1013;-0.884824;-1.374143;-0.049622
1014;0.553904;0.197346;0.062552
1015;0.957313;0.184240;-0.397383
1016;0.291705;-0.455582;0.302251
1017;-0.171411;0.117907;-0.065301
1018;-0.067575;-0.128701;-0.100402
1019;0.013689;0.005047;0.085065
1020;-0.098366;0.073058;-0.020257
1021;-0.133889;-0.122725;-0.140052
1022;-0.048790;-0.140794;-0.052196
1023;-0.626651;-0.053925;-0.185303
1024;-0.584192;-0.453552;-0.042601
1025;-0.441526;-0.443569;-0.147216
1026;-0.956870;-0.983625;-0.244880
1027;-0.980503;-0.655210;0.018506
1028;-0.546050;-0.363893;-0.051348
1029;-0.154448;-0.129319;0.048528
1030;0.062129;0.190177;-0.040931
1031;0.165096;0.407366;0.058078
1032;0.145418;0.457161;0.031183
1033;0.187566;0.641318;-0.046898
1034;0.355066;0.220956;-0.079840
1035;0.466719;-0.581258;0.193015
1036;1.030160;-0.338664;0.322778
1037;0.633811;-0.136949;0.067117
1038;0.889466;0.030753;-0.226696
1039;-1.534876;-1.222848;-1.027715
1040;0.280830;0.513933;0.403852
1041;1.074744;0.010200;0.238937
1042;1.179208;-0.187659;0.298186
1043;-0.467089;-0.160272;-0.082919
1044;-0.428972;0.025027;-0.175127
1045;0.260048;-0.056057;0.110418
1046;0.205654;0.114158;-0.013830
1047;-0.387650;-0.077700;-0.105742
1048;-0.193736;-0.048299;-0.085163
1049;-0.177908;-0.122345;-0.160612
1050;-0.692163;-0.380885;-0.075891
1051;-0.490770;-0.525880;-0.062742
1052;-0.828182;-0.890513;-0.069671
1053;-1.323482;-0.726975;-0.016673
1054;-0.606529;-0.132877;-0.118142
1055;-0.211665;-0.083845;0.073699
1056;0.248255;-0.072461;0.074031
1057;0.334140;0.489932;0.038141
1058;0.147113;0.554117;0.008791
1059;-0.020430;0.694126;-0.158666
1060;-0.004986;0.248060;-0.238151
1061;0.289085;-0.520741;-0.194562
1062;0.904347;-0.540964;0.596686
1063;1.019262;0.007817;0.178096
1064;0.837176;-0.050730;0.080199
1065;-0.893513;-1.000485;-0.270038
1066;0.384066;0.530511;0.147588
1067;0.787675;-0.150226;0.037292
1068;0.712580;-0.158044;0.219619
1069;-0.263506;-0.022567;-0.128002
1070;-0.169343;-0.151532;-0.011823
1071;0.113538;0.044243;-0.001490
1072;0.094274;0.020733;-0.035393
1073;-0.088935;-0.044043;-0.083757
1074;-0.122726;-0.140307;-0.101811
1075;-0.419961;-0.041905;-0.183725
1076;-0.612955;-0.381603;-0.024505
1077;-0.349836;-0.391566;-0.033475
1078;-0.716365;-0.789003;0.045530
1079;-1.489459;-0.704648;-0.079578
1080;-0.656832;-0.235647;-0.132560
1081;-0.259601;-0.192821;0.102592
1082;0.219598;-0.061562;0.083817
1083;0.218308;0.425860;-0.065588
1084;0.102713;0.292762;-0.008343
1085;0.097955;0.666265;-0.184233
1086;0.134737;0.287107;-0.260972
1087;0.206232;-0.366065;-0.166271
1088;0.812085;-0.651567;0.436265
1089;0.983480;0.064334;0.218090
1090;1.066869;0.047566;0.133912
1091;-0.604007;-1.546035;-0.251819
1092;0.136485;0.505432;0.163274
1093;0.789427;0.171855;0.007638
1094;0.689531;-0.334778;0.384984
1095;-0.018418;0.078382;-0.160097
1096;-0.306482;-0.217278;-0.064543
1097;0.045280;0.030241;0.024916
1098;0.138345;0.067328;-0.034468
1099;-0.092190;-0.099501;-0.040866
1100;-0.184242;-0.065951;-0.090254
1101;-0.256602;-0.083636;-0.078956
1102;-0.579794;-0.273038;-0.115042
1103;-0.567284;-0.484853;-0.049479
1104;-0.756634;-0.810326;-0.054445
1105;-1.394513;-0.765132;-0.145488
1106;-0.660157;-0.299048;-0.089621
1107;-0.130048;-0.227451;0.173121
1108;0.134586;0.054964;0.008667
1109;0.275112;0.381513;0.035002
1110;0.127151;0.447943;-0.038384
1111;0.129062;0.690871;-0.200332
1112;0.065488;0.267790;-0.242319
1113;0.189809;-0.382754;-0.276943
1114;0.823017;-0.671266;0.619241
1115;1.136352;0.120979;0.321226
1116;0.930165;0.179904;0.239934
1117;-0.777661;-1.231429;-0.034632
1118;0.369518;0.539268;-0.130423
1119;0.556356;-0.109895;0.025459
1120;0.606015;-0.165604;0.246428
1121;-0.043964;0.001243;-0.136118
1122;-0.161129;-0.165828;-0.042501
1123;0.024072;0.040893;0.002994
1124;0.084794;0.023814;-0.009705
1125;-0.110826;-0.088787;-0.032670
1126;-0.194513;-0.080278;-0.115776
1127;-0.313617;-0.123122;-0.200872
1128;-0.693854;-0.381434;-0.137462
1129;-0.552235;-0.400694;-0.040285
1130;-0.613147;-0.980238;-0.120427
1131;-1.127462;-0.651320;-0.071154
1132;-0.593302;-0.276532;-0.067742
1133;-0.186840;-0.156357;0.007681
1134;0.125536;-0.013796;-0.058710
1135;0.126589;0.457386;-0.111973
1136;0.092634;0.287812;-0.065654
1137;0.018365;0.604942;-0.092444
1138;0.287998;0.222335;-0.174579
1139;0.369907;-0.326195;0.023053
1140;1.027421;-0.471196;0.539209
1141;0.715790;-0.055629;0.054666
1142;0.861478;-0.072659;-0.144452
1143;-0.693311;-0.952423;-0.124992
1144;0.345827;0.348554;0.119992
1145;0.670139;0.110929;-0.134955
1146;0.619527;-0.265316;0.303232
1147;-0.126810;0.006065;-0.217890
1148;-0.258844;-0.134688;-0.041669
1149;0.066011;0.061370;0.039442
1150;0.111211;0.019771;-0.055823
1151;-0.113693;-0.118545;-0.076164
1152;-0.133351;-0.070595;-0.127066
1153;-0.369955;-0.118434;-0.095240
1154;-0.635961;-0.319457;-0.130796
1155;-0.389107;-0.462257;-0.178309
1156;-0.723681;-0.780555;-0.136214
1157;-1.329823;-0.737423;-0.093816
1158;-0.437963;-0.122421;-0.033291
1159;-0.050827;-0.304565;0.184190
1160;0.093422;0.276340;-0.114510
1161;0.156796;0.173245;0.044656
1162;-0.007080;0.623776;-0.055155
1163;0.194925;0.409403;-0.134325
1164;0.081911;0.142922;-0.152934
1165;0.453507;-0.409245;0.071159
1166;1.023049;-0.351718;0.557552
1167;0.711672;-0.033239;0.068809
1168;0.822881;-0.029628;0.047253
1169;-0.772591;-1.137934;-0.479448
1170;0.133685;0.540448;0.277694
1171;1.178818;-0.384060;-0.100795
1172;0.635239;-0.095835;0.320131
1173;-0.208463;-0.061867;-0.040335
1174;-0.310470;-0.080667;-0.141403
1175;0.074804;0.038704;0.038279
1176;0.207149;0.008368;-0.044863
1177;-0.117102;-0.062996;-0.106086
1178;-0.100506;-0.107458;-0.045428
1179;-0.150099;-0.054269;-0.024384
1180;-0.749440;-0.272002;-0.122869
1181;-0.518600;-0.426431;-0.066813
1182;-0.485709;-0.680846;0.049805
1183;-1.475792;-0.806604;-0.048239
1184;-0.726375;-0.288285;-0.196364
1185;-0.379839;-0.191778;0.012474
1186;0.197095;-0.105402;0.059351
1187;0.220129;0.425944;-0.176718
1188;-0.011633;0.305434;-0.097812
1189;-0.072591;0.612356;-0.260178
1190;0.089309;0.265857;-0.239444
1191;0.353171;-0.350615;-0.164018
1192;0.679370;-0.649664;0.358971
1193;0.866773;-0.032194;0.218623
1194;0.974380;-0.015783;0.250083
1195;-0.127475;-1.285143;-0.364948
1196;-0.095528;0.223593;-0.076613
1197;0.797458;0.172869;-0.211750
1198;0.365104;-0.133593;0.476401
1199;0.210468;0.109502;0.050202
1200;-0.320910;-0.148883;-0.135078
1201;-0.099579;-0.023059;-0.048105
1202;0.141177;0.007964;-0.007418
1203;0.016621;-0.039660;-0.043043
1204;-0.112133;-0.119769;-0.070131
1205;-0.185849;-0.050739;-0.057209
1206;-0.626854;-0.137058;-0.168594
1207;-0.676216;-0.463405;-0.051547
1208;-0.546650;-0.676314;0.068022
1209;-1.287150;-0.844708;-0.123402
1210;-0.783555;-0.332021;-0.085386
1211;-0.439081;-0.221034;0.070700
1212;0.097256;-0.009825;0.099307
1213;0.229194;0.434515;-0.175493
1214;-0.028955;0.228165;0.021065
1215;0.056972;0.579489;-0.169402
1216;0.138144;0.460281;-0.240323
1217;0.255889;-0.380800;-0.103480
1218;0.706062;-0.714617;0.434758
1219;0.920567;-0.037441;0.049682
1220;0.736391;-0.152705;0.023805
1221;-0.342013;-1.159611;-0.431450
1222;0.041661;0.291525;0.083371
1223;1.082400;0.180674;-0.138831
1224;0.577562;-0.173369;0.470070
1225;0.059785;0.060305;-0.049274
1226;-0.321972;-0.184736;-0.116142
1227;0.023653;-0.032870;0.008948
1228;0.154547;0.050883;0.025861
1229;-0.052240;-0.045828;-0.043673
1230;-0.157813;-0.118167;-0.092906
1231;-0.232113;-0.056871;-0.098510
1232;-0.674633;-0.171349;-0.174367
1233;-0.571079;-0.398230;-0.114917
1234;-0.405128;-0.614570;0.007024
1235;-1.269705;-0.946282;-0.153693
1236;-0.931146;-0.385594;-0.068797
1237;-0.499117;-0.273542;0.125780
1238;0.050694;0.018325;0.180742
1239;0.089681;0.387489;-0.076870
1240;0.079049;0.257976;0.095721
1241;0.120391;0.539079;-0.053215
1242;0.184584;0.604089;-0.134179
1243;0.340504;-0.047571;-0.170748
1244;0.568345;-0.800708;0.299012
1245;0.929779;0.005291;-0.062303
1246;0.573842;-0.171594;0.182784
1247;0.188050;-0.751644;-0.145561
1248;-0.318075;0.012813;-0.079844
1249;0.911931;0.309727;-0.067262
1250;0.339052;-0.215541;0.207662
1251;0.347832;0.012325;0.064918
1252;-0.227162;-0.113217;-0.133496
1253;-0.048930;-0.058921;-0.061220
1254;0.232453;0.050333;0.020285
1255;-0.077933;-0.018395;-0.026907
1256;-0.299637;-0.059032;-0.083335
1257;-0.096953;-0.071496;-0.090665
1258;-0.330233;-0.067287;-0.183023
1259;-0.518639;-0.394823;-0.029093
1260;-0.446632;-0.504116;0.035839
1261;-0.989267;-0.967242;-0.210634
1262;-1.159001;-0.615256;-0.138057
1263;-0.505373;-0.202548;-0.102337
1264;-0.150653;-0.110335;0.008130
1265;0.171086;-0.027727;-0.083356
1266;0.154925;0.471711;-0.112012
1267;0.092384;0.373368;-0.125828
1268;0.034687;0.602286;-0.176570
1269;0.178505;0.098840;-0.265810
1270;0.449750;-0.471415;-0.093525
1271;0.958883;-0.471970;0.501247
1272;0.964496;0.020003;0.181882
1273;0.522183;-0.319779;0.009234
1274;-0.494429;-0.247018;-0.498481
1275;0.668282;0.424532;-0.150823
1276;0.152675;-0.123401;0.144105
1277;0.530064;0.008431;0.145382
1278;-0.265240;-0.078627;-0.132961
1279;-0.040169;-0.119830;-0.100960
1280;0.163606;0.025078;0.029321
1281;0.043325;0.005856;-0.050668
1282;-0.138008;-0.072381;-0.089465
1283;-0.086911;-0.096412;-0.091300
1284;-0.385713;-0.081925;-0.212969
1285;-0.742449;-0.366381;-0.098984
1286;-0.588618;-0.506022;0.042308
1287;-0.636050;-0.948570;-0.195621
1288;-1.228177;-0.730993;0.018409
1289;-0.516171;-0.164501;-0.007531
1290;-0.062425;-0.160284;0.098666
1291;0.136538;0.117640;-0.083861
1292;0.117616;0.393263;-0.036164
1293;0.008598;0.509394;-0.134653
1294;-0.073591;0.568713;-0.239903
1295;0.377806;-0.063500;-0.231557
1296;0.323335;-0.147210;-0.223320
1297;0.510242;-0.724384;0.560582
1298;1.260029;0.162417;0.221264
1299;0.772171;-0.020569;0.198482
1300;-0.615933;-0.627132;-0.159253
1301;0.816451;0.449287;-0.446013
1302;0.205569;-0.187856;0.084683
1303;0.509429;0.016463;0.181492
1304;-0.203945;-0.059796;-0.121980
1305;-0.076520;-0.120703;-0.084218
1306;0.120918;0.022069;-0.007673
1307;0.040959;-0.017395;-0.051877
1308;-0.185611;-0.070578;-0.089695
1309;-0.109555;-0.063791;-0.065217
1310;-0.269019;-0.104865;-0.089955
1311;-0.762226;-0.244818;-0.105653
1312;-0.637835;-0.584396;-0.100499
1313;-0.807136;-1.094696;-0.333827
1314;-1.277517;-0.863625;-0.016466
1315;-0.554839;-0.196052;0.038777
1316;-0.036220;-0.098721;0.213131
1317;0.162632;0.303301;-0.081382
1318;0.175724;0.351182;0.081680
1319;0.090753;0.555760;-0.081717
1320;0.117158;0.619557;-0.156338
1321;0.139400;-0.008463;-0.240269
1322;0.332134;-0.455329;-0.142822
1323;0.889856;-0.403876;0.433058
1324;0.960526;0.031816;0.244227
1325;0.614758;-0.060554;0.074835
1326;-0.633101;-0.404499;-0.336722
1327;0.798287;0.541531;-0.246634
1328;0.513556;-0.274257;0.182427
1329;0.522775;0.017216;0.123779
1330;-0.343643;-0.116052;-0.140172
1331;-0.002562;-0.073595;-0.079104
1332;0.131167;0.038247;0.017165
1333;-0.033576;-0.011111;-0.018039
1334;-0.057522;-0.071899;-0.091719
1335;-0.051330;-0.092685;-0.092995
1336;-0.429149;-0.141293;-0.221313
1337;-0.774598;-0.339144;-0.136364
1338;-0.400999;-0.510007;-0.135195
1339;-0.803673;-1.024298;-0.279859
1340;-1.148616;-0.841089;-0.032233
1341;-0.615843;-0.150584;0.029982
1342;-0.036715;-0.169495;0.046354
1343;0.227783;0.081587;-0.070340
1344;0.178277;0.453848;0.031790
1345;0.087229;0.437854;-0.095864
1346;0.033818;0.655627;-0.126728
1347;-0.006312;0.158965;-0.268236
1348;0.291128;-0.534296;0.025298
1349;1.196233;-0.437300;0.715725
1350;0.915581;0.041474;0.273114
1351;0.751323;0.015673;0.040956
1352;-0.854040;-1.295638;-0.364183
1353;0.079631;0.567572;0.227250
1354;1.282692;-0.269428;0.026642
1355;0.718004;-0.134551;0.394884
1356;-0.242750;-0.030513;-0.073852
1357;-0.317172;-0.102961;-0.171560
1358;0.140478;0.002988;0.073597
1359;0.209745;0.075981;-0.018984
1360;-0.142382;-0.098708;-0.113631
1361;-0.103020;-0.096784;-0.080988
1362;-0.118617;-0.102803;0.004717
1363;-0.585286;-0.239837;-0.208766
1364;-0.684377;-0.498280;-0.175623
1365;-0.533002;-0.601861;-0.070964
1366;-1.250340;-0.985222;-0.104170
1367;-0.668384;-0.336760;-0.144227
1368;-0.495804;-0.149768;0.021578
1369;0.213766;-0.127087;0.042774
1370;0.327283;0.585777;-0.275644
1371;0.060568;0.292281;0.041864
1372;-0.036968;0.625038;-0.158648
1373;0.137619;0.378187;-0.198132
1374;0.281463;-0.290403;-0.143919
1375;0.645310;-0.578797;0.297446
1376;0.520346;-0.196825;0.039922
1377;0.704315;-0.069588;0.158363
1378;0.599649;-0.276149;-0.217148
1379;-1.028930;-0.233615;-0.466928
1380;0.937705;0.442624;0.167928
1381;0.482338;-0.037874;0.223169
1382;0.697062;-0.072392;0.148927
1383;-0.384053;-0.149484;-0.285370
1384;-0.167525;-0.051868;-0.093739
1385;0.275801;0.020594;0.087047
1386;0.065148;0.010080;-0.071149
1387;-0.280746;-0.083959;-0.094250
1388;-0.093501;-0.079451;-0.082402
1389;-0.118299;-0.091773;-0.135344
1390;-0.561557;-0.240608;-0.128993
1391;-0.531459;-0.454958;-0.074464
1392;-0.617609;-0.767035;0.129164
1393;-1.384996;-0.729243;-0.209752
1394;-0.769988;-0.330028;-0.154477
1395;-0.466951;-0.242694;0.063841
1396;0.143922;-0.082664;0.099737
1397;0.246795;0.423209;-0.147604
1398;-0.024438;0.309241;0.004135
1399;-0.096490;0.614230;-0.191633
1400;0.042347;0.456308;-0.165894
1401;0.408440;-0.356678;0.102622
1402;0.776650;-0.584538;0.315597
1403;0.688544;-0.124155;0.053503
1404;0.617044;-0.225504;-0.005949
1405;-0.011399;-0.814840;-0.398097
1406;-0.583517;0.214792;-0.089094
1407;1.061911;0.471628;0.199465
1408;0.859638;-0.247853;0.222300
1409;0.387976;-0.018067;0.061038
1410;-0.543285;-0.192480;-0.223624
1411;-0.012912;-0.013549;0.052119
1412;0.360960;0.024167;0.036789
1413;-0.108041;-0.041907;-0.060165
1414;-0.282876;-0.121308;-0.069209
1415;-0.088291;-0.023190;-0.067617
1416;-0.419373;-0.134053;-0.180170
1417;-0.824552;-0.361673;-0.151229
1418;-0.522981;-0.551156;-0.086381
1419;-1.004260;-0.999138;-0.296434
1420;-0.973280;-0.621466;-0.094693
1421;-0.455902;-0.359028;0.052765
1422;-0.040233;0.008021;0.104887
1423;0.124268;0.297886;-0.180121
1424;0.002100;0.210808;-0.026861
1425;-0.068530;0.553715;-0.181115
1426;0.018766;0.514552;-0.157714
1427;0.379535;-0.142733;0.000246
1428;0.532678;-0.421719;0.182819
1429;0.800149;-0.305008;0.606593
1430;0.747599;-0.059531;0.258615
1431;0.790333;-0.000361;-0.066842
1432;-1.165744;-1.405193;-0.856461
1433;0.099881;0.655748;0.293180
1434;1.449608;-0.430867;0.121010
1435;0.963155;-0.102886;0.412848
1436;-0.221032;-0.073698;-0.126955
1437;-0.567828;-0.039314;-0.214542
1438;0.018092;0.013370;0.120889
1439;0.259468;0.103401;0.017514
1440;-0.266468;-0.121044;-0.119865
1441;-0.275881;-0.001118;-0.090777
1442;-0.052476;-0.082422;-0.091132
1443;-0.225549;-0.228578;-0.115027
1444;-0.622112;-0.406687;-0.162289
1445;-0.657585;-0.541934;-0.222167
1446;-1.172352;-0.990659;-0.301299
1447;-0.897832;-0.588559;-0.166169
1448;-0.393653;-0.303142;0.025569
1449;0.045761;-0.083748;0.095574
1450;0.226936;0.405087;-0.129941
1451;0.181012;0.252871;0.102331
1452;0.029063;0.672585;-0.172685
1453;-0.082365;0.603017;-0.217153
1454;0.131426;-0.050402;-0.171217
1455;0.493822;-0.706582;0.251641
1456;1.079036;-0.133544;0.199779
1457;0.641428;-0.160221;0.187044
1458;0.627423;-0.191742;-0.226156
1459;-1.064579;-0.404527;-0.646829
1460;0.467244;0.719483;0.210820
1461;0.992618;-0.566283;0.332649
1462;0.808714;0.036967;0.254673
1463;-0.330623;-0.130826;-0.141449
1464;-0.306730;-0.049470;-0.149177
1465;0.150410;0.035131;0.065170
1466;0.105594;0.133687;0.059804
1467;-0.297318;-0.122935;-0.240278
1468;-0.380446;-0.027470;-0.132150
1469;0.034741;-0.101104;-0.039527
1470;-0.120193;-0.158249;-0.052831
1471;-0.423760;-0.468285;-0.013673
1472;-0.973709;-0.980492;-0.259299
1473;-1.301338;-0.841410;-0.460528
1474;-0.686959;-0.402666;-0.105623
1475;-0.185228;-0.170679;0.075931
1476;0.001295;0.024220;-0.055849
1477;0.080113;0.349647;-0.082924
1478;-0.041337;0.401650;0.009714
1479;0.043605;0.672541;-0.274920
1480;0.084036;0.208215;-0.108307
1481;0.376479;-0.378453;-0.123675
1482;0.733728;-0.563492;0.236460
1483;0.687490;-0.085719;0.080312
1484;0.987947;-0.035164;-0.018818
1485;-0.790016;-1.539563;-0.795924
1486;0.185214;0.488919;0.221439
1487;1.316014;-0.160753;-0.113480
1488;0.712587;-0.144358;0.472781
1489;-0.280983;-0.055425;-0.063135
1490;-0.402285;-0.078466;-0.288227
1491;0.051705;0.018798;0.048670
1492;0.195429;0.079343;-0.040270
1493;-0.139951;-0.084804;-0.097932
1494;-0.037996;-0.135011;-0.108442
1495;-0.190857;-0.133746;-0.042703
1496;-0.655373;-0.335373;-0.141509
1497;-0.659295;-0.552911;-0.146042
1498;-0.793552;-0.848165;-0.295008
1499;-1.212966;-0.787077;-0.061070
1500;-0.615967;-0.248099;-0.124722
1501;-0.160404;-0.063545;0.115164
1502;0.267913;0.098262;-0.033721
1503;0.213982;0.468259;-0.036121
1504;0.096479;0.532587;-0.123467
1505;0.006769;0.651695;-0.213750
1506;-0.089171;-0.113357;-0.261092
1507;0.408280;-0.575889;0.068510
1508;0.855404;-0.075743;0.259613
1509;0.898415;-0.065108;0.402045
1510;0.388367;-0.339916;0.037527
1511;-0.355505;-0.018347;-0.570403
1512;0.506306;0.408584;-0.104836
1513;0.948196;-0.116259;0.030567
1514;0.364200;-0.003871;0.127062
1515;-0.589281;-0.178480;-0.073007
1516;0.200771;-0.042269;-0.071723
1517;0.186158;-0.050473;-0.040990
1518;-0.179301;-0.034524;-0.044117
1519;-0.049608;-0.021185;-0.040708
1520;-0.066975;-0.089978;-0.059059
1521;-0.423929;-0.188785;-0.159014
1522;-0.613833;-0.299359;-0.227289
1523;-0.643307;-0.485272;-0.077213
1524;-1.033536;-0.917754;-0.209437
1525;-0.762955;-0.436787;-0.022426
1526;-0.497900;-0.279805;0.046165
1527;0.151200;0.006039;0.162768
1528;0.417214;0.395267;-0.187443
1529;0.103888;0.342225;0.046948
1530;-0.120755;0.552365;-0.134661
1531;-0.260224;0.379373;-0.231606
1532;0.150047;-0.210413;-0.192278
1533;0.581798;-0.516689;0.372641
1534;0.798375;-0.058329;0.075334
1535;0.404271;-0.033216;0.120971
1536;0.700398;-0.046850;-0.178727
1537;-0.706014;-0.695671;-0.269097
1538;0.582258;0.650989;0.000203
1539;1.139804;-0.383609;0.196086
1540;0.605611;-0.009514;0.133803
1541;-0.506481;-0.180144;-0.167914
1542;0.094399;-0.017978;-0.093505
1543;0.293976;0.016130;0.058683
1544;0.017541;-0.018413;-0.047454
1545;-0.149203;-0.097264;-0.084344
1546;-0.005819;-0.025249;0.031210
1547;-0.259663;-0.168046;-0.081366
1548;-0.504845;-0.327947;-0.263930
1549;-0.641730;-0.383950;-0.304502
1550;-1.020794;-0.818145;-0.151814
1551;-0.973700;-0.472474;-0.178528
1552;-0.557765;-0.267387;0.039265
1553;-0.138885;-0.134630;0.183823
1554;0.137093;0.400271;-0.173434
1555;0.167994;0.180337;0.082994
1556;-0.223718;0.392416;-0.148331
1557;-0.251986;0.233837;-0.205015
1558;0.244493;-0.370442;-0.037395
1559;0.652490;-0.102509;0.030295
1560;0.198356;-0.170763;-0.102053
1561;0.455640;-0.085264;-0.004663
1562;0.441812;-0.141298;0.013089
1563;0.428548;0.036874;0.048739
1564;0.580306;-0.067327;0.245174
1565;-0.459326;-0.407505;-0.234809
1566;0.242352;0.047883;-0.465911
1567;-0.186741;-0.062533;-0.129424
1568;0.624762;0.033599;0.141124
1569;-0.009718;-0.025603;0.055243
1570;-0.264328;0.033949;-0.123764
1571;-0.007313;-0.026722;0.060917
1572;0.155224;-0.020974;-0.076008
1573;-0.119232;-0.094937;-0.151245
1574;-0.123795;0.086380;-0.105481
1575;-0.006476;0.013669;-0.026653
1576;-0.019613;-0.058653;-0.097451
1577;-0.100113;-0.055331;-0.201836
1578;-0.009451;-0.031380;-0.036142
1579;0.042930;-0.047843;-0.116551
1580;-0.144437;-0.036505;-0.096913
1581;-0.007782;-0.017147;-0.066312
1582;-0.028719;-0.057003;-0.092844
1583;-0.095260;-0.167127;-0.038428
1584;0.004086;-0.119073;-0.115847
1585;-0.101431;-0.090679;-0.064684
1586;-0.175909;-0.030488;-0.093717
1587;-0.150951;-0.075374;-0.095147
1588;-0.192063;-0.073225;-0.133821
1589;-0.282969;-0.169576;-0.119819
1590;-0.396150;-0.240252;-0.121000
1591;-0.386176;-0.199173;-0.160888
1592;-0.193399;-0.021852;-0.112376
1593;0.146600;0.038171;0.034132
1594;0.317919;0.051456;0.046419
1595;0.147550;0.159664;0.047990
1596;-0.195769;0.414029;-0.234966
1597;-0.210356;0.146190;-0.284525
1598;0.194702;-0.082214;-0.158895
1599;0.501052;-0.214366;0.100520
1600;0.408327;0.003231;-0.100087
1601;0.085534;-0.009457;-0.067798
1602;0.331626;0.099713;-0.068858
1603;0.349080;0.075059;-0.065422
1604;-0.014130;-0.107711;0.015479
1605;-0.222828;-0.202559;-0.084821
1606;-0.240717;0.051117;-0.218742
1607;0.057047;-0.019564;-0.053674
1608;0.141706;0.010528;-0.018841
1609;-0.002743;-0.031963;-0.096980
1610;-0.090662;-0.032941;-0.119079
1611;-0.008349;-0.015386;-0.079610
1612;0.060506;-0.012041;-0.055624
1613;0.005571;-0.005224;-0.085321
1614;-0.053428;-0.025326;-0.091346
1615;-0.062352;-0.012009;-0.077650
1616;-0.033222;-0.005939;-0.063701
1617;-0.021933;-0.020514;-0.071698
1618;-0.022126;-0.000772;-0.073966
1619;0.014005;-0.025817;-0.066128
1620;0.034760;-0.012591;-0.074879
1621;0.021795;0.000204;-0.067865
1622;-0.012612;-0.037808;-0.052700
1623;0.010295;-0.001028;-0.068627
1624;-0.007495;-0.030408;-0.055645
1625;0.001305;-0.010090;-0.052024
1626;0.003089;-0.008978;-0.054298
1627;0.005091;-0.014469;-0.045564
1628;0.009799;-0.006425;-0.053952
1629;0.005831;-0.014943;-0.045623
1630;0.009528;-0.005482;-0.051588
1631;0.016328;-0.015404;-0.044951
1632;0.010286;-0.008140;-0.042287
1633;-0.008797;-0.005144;-0.033125
1634;-0.010333;-0.013939;-0.035504
1635;-0.004635;-0.002110;-0.049033
1636;0.002760;-0.014167;-0.029726
1637;0.017268;-0.013756;-0.028808
1638;-0.000123;-0.011153;-0.029402
1639;-0.004294;-0.013615;-0.032989
1640;-0.008198;0.001597;-0.027794
1641;0.006507;0.003122;-0.035536
1642;0.002491;-0.011465;-0.026882
1643;-0.010290;-0.001663;-0.025655
1644;0.000983;-0.003750;-0.021396
1645;0.000296;-0.015201;-0.021906
1646;0.000800;-0.002500;-0.022708
1647;0.005150;-0.003203;-0.015973
1648;0.004672;-0.010738;-0.019372
1649;-0.004121;-0.006834;-0.019676
1650;-0.000482;-0.009808;-0.019072
1651;0.011258;-0.002670;-0.021207
1652;0.010174;-0.009594;-0.018620
1653;0.004058;-0.003833;-0.015697
1654;-0.007835;-0.012032;-0.016741
1655;0.004033;-0.003344;-0.013910
1656;-0.002843;-0.003453;-0.016817
1657;-0.002951;0.000817;-0.017111
1658;0.004570;-0.009187;-0.015186
1659;-0.003317;-0.003602;-0.016867
1660;0.002919;-0.014019;-0.014736
1661;0.028024;-0.012742;-0.011018
1662;-0.011307;0.008180;-0.015406
1663;0.012896;-0.001940;-0.013406
1664;0.021432;-0.008519;-0.018150
1665;-0.005718;-0.009557;-0.014164
1666;0.012701;0.007318;-0.012399
1667;-0.012813;-0.007711;-0.018055
1668;-0.014173;-0.000836;-0.020739
1669;0.012264;-0.001100;-0.002129
1670;0.001395;-0.013777;-0.008344
1671;0.009104;-0.008419;-0.010713
1672;-0.003383;0.007245;0.006759
1673;-0.021332;0.001413;-0.005145
1674;0.005885;-0.008923;-0.006977
1675;-0.004582;0.000649;0.001912
1676;-0.010213;0.005641;-0.000216
1677;0.001979;0.000171;-0.009093
1678;0.004555;-0.010704;-0.007104
1679;-0.006428;0.000306;-0.006576
1680;-0.005436;-0.004776;-0.003076
1681;-0.012644;0.001250;-0.005976
1682;-0.016202;-0.002963;-0.009023
1683;-0.001003;-0.003758;-0.008647
1684;0.004058;-0.005959;-0.000601
1685;-0.000820;-0.003474;-0.003162
1686;0.007645;0.002617;-0.009295
1687;-0.000415;-0.006531;-0.009059
1688;-0.001410;-0.007665;-0.007907
1689;0.025376;0.006460;0.051431
1690;-0.018439;0.011284;-0.040598
1691;-0.012010;-0.021981;-0.024512
1692;-0.016042;-0.008986;-0.011161
