index;x;y;z
0;-0.005372;0.065806;-0.014053
1;0.109324;-0.010242;0.078876
2;-0.009487;0.002360;-0.006048
3;-0.077996;-0.023425;-0.013111
4;-0.012381;0.011909;0.002053
5;0.057407;-0.006166;-0.012183
6;0.022202;-0.003573;-0.017952
7;-0.031072;-0.013859;-0.007658
8;-0.041646;-0.000801;0.021744
9;0.058083;0.011801;0.010642
10;0.057032;0.005489;-0.025388
11;-0.007787;-0.030414;-0.020734
12;0.009081;0.001904;0.025924
13;-0.057597;-0.003224;0.038755
14;-0.195127;-0.057247;0.080435
15;-0.195534;-0.034246;0.174473
16;-0.281519;-0.035073;0.204854
17;-0.123070;-0.051327;-0.003295
18;0.214787;0.054196;-0.102027
19;0.397189;0.112906;-0.120086
20;0.225023;0.118434;-0.127403
21;0.114835;0.082729;-0.046263
22;0.053540;-0.030732;0.005586
23;-0.027242;-0.056073;0.004752
24;-0.081935;-0.032126;-0.054415
25;-0.070560;0.004411;-0.037781
26;0.021788;0.025008;0.005993
27;0.014275;-0.010723;0.031167
28;-0.009980;-0.031702;0.024617
29;0.006940;0.004563;-0.001766
30;-0.011883;0.011497;-0.028629
31;0.009906;-0.005474;-0.023999
32;0.022147;-0.008859;0.000952
33;0.010529;-0.011551;0.010541
34;0.004654;0.002652;0.002922
35;-0.042337;0.017059;0.009276
36;-0.052142;-0.023566;0.021556
37;0.004434;-0.017871;0.015562
38;0.061726;-0.002286;-0.033429
39;0.024378;0.013954;-0.040499
40;-0.005040;-0.008300;0.016856
41;0.004049;-0.011752;0.033494
42;-0.012583;-0.010286;0.024426
43;-0.049357;-0.003560;0.016339
44;-0.001192;-0.018151;0.001853
45;0.050267;0.000090;-0.017203
46;0.041550;0.003206;-0.005131
47;0.000686;0.007578;-0.002681
48;-0.024924;-0.014906;0.004571
49;-0.013244;-0.009084;0.013102
50;0.033225;-0.001703;-0.002237
51;0.054958;0.008911;-0.023827
52;-0.006675;-0.042254;-0.030303
53;-0.041201;0.045570;-0.034612
54;0.026903;-0.034091;0.050714
55;-0.100888;-0.074787;0.074827
56;0.073067;-0.018340;-0.037957
57;0.116257;0.085582;0.006553
58;-0.081290;-0.054933;0.112462
59;-0.348120;-0.186521;0.202542
60;-0.541641;-0.464017;0.300950
61;-0.302829;-0.239427;0.026052
62;0.438034;0.310064;-0.115510
63;0.065099;0.369338;-0.009077
64;0.339811;0.295013;0.000856
65;0.092465;0.217527;-0.093648
66;0.027495;0.101075;-0.171734
67;0.253918;0.013790;-0.112439
68;0.330377;0.067252;-0.119486
69;0.126180;-0.013770;-0.249246
70;0.042788;-0.001921;-0.108013
71;-0.419311;-0.826076;0.178350
72;-0.065202;0.316359;-0.477888
73;0.179075;0.304292;0.238870
74;0.121189;-0.184060;0.181534
75;-0.079497;-0.035850;0.080130
76;0.011666;0.019033;-0.013235
77;0.194031;-0.064803;-0.006526
78;0.069847;0.021314;-0.000812
79;-0.033498;-0.055756;-0.011747
80;-0.080543;-0.040474;0.030654
81;-0.075229;-0.030167;0.116906
82;-0.080364;-0.089845;-0.003273
83;-0.202137;-0.140140;0.055553
84;-0.533804;-0.191495;0.095917
85;-0.568813;-0.539426;0.117227
86;-0.608889;-0.521888;0.103079
87;-0.213338;-0.054117;0.096965
88;0.211664;0.124012;0.277476
89;0.542462;0.156767;0.120127
90;0.143933;0.108478;0.033251
91;-0.254198;0.325567;-0.062412
92;-0.241240;0.478842;-0.227207
93;0.063730;0.227450;-0.160688
94;0.275939;0.074756;-0.095994
95;0.305222;-0.007200;0.009053
96;0.341126;0.081954;-0.061495
97;0.069435;-0.160070;-0.028517
98;0.089859;-0.184459;-0.034581
99;0.102813;-0.247229;-0.116347
100;0.099159;-0.104821;0.006222
101;0.117886;0.060054;-0.428995
102;0.155263;0.106297;0.011649
103;0.118808;0.052084;0.093443
104;0.122785;-0.094243;0.061635
105;-0.056166;-0.072183;0.068766
106;0.226930;0.075881;-0.000569
107;0.108431;0.019134;0.000660
108;-0.135676;0.014746;0.077997
109;-0.026192;0.072911;0.006916
110;0.012052;-0.057232;-0.005852
111;-0.239328;-0.143166;0.122082
112;-0.168433;-0.026999;0.040508
113;-0.024269;-0.202937;0.032331
114;-0.268609;-0.210094;0.120628
115;-0.654250;-0.395895;0.299245
116;-0.636763;-0.581576;0.044938
117;-0.588905;-0.468341;0.040260
118;-0.064623;0.147697;0.142682
119;0.078143;0.183573;0.124613
120;0.250775;0.067693;0.066513
121;0.161104;0.090056;0.170195
122;-0.113585;0.349801;-0.081156
123;-0.072614;0.375451;-0.094537
124;0.132440;0.079039;-0.130649
125;0.255128;-0.014307;-0.004505
126;0.382791;0.005549;0.131665
127;0.128910;0.039438;-0.144195
128;0.188191;-0.008946;-0.075961
129;0.351753;0.187965;-0.200334
130;0.424913;0.019049;0.041710
131;-0.109944;-0.797422;0.183945
132;0.202029;0.278873;-0.787048
133;0.042848;0.386987;0.198317
134;0.387246;-0.106077;0.090453
135;0.231100;-0.050800;0.023351
136;-0.012123;-0.050705;-0.038516
137;0.049158;-0.046932;0.000543
138;0.055451;0.010446;-0.008994
139;-0.029145;0.009407;0.039840
140;-0.014718;-0.066760;0.017364
141;-0.121177;-0.043062;0.045735
142;-0.544460;-0.180384;0.201002
143;-0.643096;-0.337957;0.206427
144;-0.413865;-0.420755;0.176548
145;-0.439556;-0.670891;0.006036
146;-1.033212;-0.592911;0.123477
147;-0.410373;-0.052155;0.229485
148;0.230647;-0.229133;0.145101
149;0.252861;0.184332;-0.024057
150;0.282454;0.333733;0.029231
151;0.124892;0.306248;0.005901
152;-0.005022;0.622292;-0.222103
153;-0.089534;0.549833;-0.172334
154;0.141042;0.111786;-0.313251
155;0.271828;-0.052567;-0.060161
156;0.485457;-0.190768;0.124501
157;0.263604;-0.117463;0.010997
158;0.396507;-0.083820;-0.081474
159;-0.026921;-0.630609;-0.236074
160;-0.406174;-0.463477;0.005206
161;0.316896;0.472074;-0.413542
162;0.383322;0.323959;0.484676
163;0.572851;-0.132489;-0.019117
164;0.000786;-0.101210;-0.065327
165;-0.210446;-0.066940;0.034152
166;-0.006493;0.068782;0.044885
167;0.022920;-0.005352;0.058348
168;-0.126698;-0.006786;0.068152
169;-0.068857;-0.038471;0.016312
170;-0.156245;-0.137220;0.022363
171;-0.569161;-0.263740;0.171265
172;-0.437322;-0.422862;0.221567
173;-0.339292;-0.558488;0.099265
174;-0.635905;-0.611103;-0.042719
175;-0.655312;-0.173504;0.117382
176;-0.069543;-0.237984;0.215902
177;0.166576;0.025738;0.021813
178;0.213391;0.240186;0.039410
179;0.144491;0.302957;0.153438
180;0.152257;0.378107;-0.058389
181;-0.030801;0.630757;-0.037155
182;0.021621;0.369531;-0.236481
183;0.407000;-0.047979;-0.163069
184;0.378533;-0.079853;0.025099
185;0.166134;-0.371357;0.011639
186;0.024304;-0.263163;-0.065086
187;0.037663;-0.428523;-0.047575
188;-0.482742;-0.236787;0.021554
189;0.431173;0.445154;-0.300261
190;0.799647;0.427665;0.168972
191;0.639025;-0.103930;-0.096051
192;0.079939;-0.125540;0.122028
193;-0.208471;-0.016727;-0.148196
194;0.069319;-0.049472;0.017830
195;0.048207;-0.017034;0.084196
196;-0.153715;0.006285;0.046383
197;-0.194859;-0.091603;0.064772
198;-0.310322;-0.114717;0.065072
199;-0.598602;-0.224473;0.185020
200;-0.668517;-0.444351;0.287492
201;-0.320213;-0.739909;0.162107
202;-0.919034;-0.811905;-0.168085
203;-0.563181;-0.356915;0.305637
204;-0.011406;-0.063743;0.166365
205;0.020137;0.054679;0.001565
206;0.355767;0.278023;0.052840
207;0.265750;0.503988;0.266079
208;0.356867;0.542500;-0.173574
209;0.010903;0.790842;-0.115977
210;0.040714;0.369860;-0.400676
211;0.195696;-0.320294;-0.129041
212;0.386796;-0.331877;0.147359
213;0.409281;-0.097992;0.026848
214;0.552321;-0.077768;-0.112519
215;-0.380082;-0.699815;0.017240
216;-0.115780;-0.110271;-0.281842
217;0.614700;0.502138;-0.362462
218;0.459632;0.315463;0.554722
219;0.751193;-0.202917;-0.046231
220;-0.201052;-0.141186;-0.110840
221;-0.237253;-0.001117;0.117202
222;-0.000087;0.062326;0.006010
223;0.120196;0.005803;0.124988
224;-0.123360;-0.056960;0.057886
225;-0.158387;0.013836;-0.020807
226;-0.311758;-0.157363;0.049223
227;-0.651737;-0.342893;0.214800
228;-0.382849;-0.373919;0.200125
229;-0.295293;-0.451011;0.153300
230;-0.707308;-0.852860;0.199569
231;-0.654233;-0.287277;0.236812
232;-0.205863;-0.225750;0.116897
233;0.160666;-0.013422;-0.019745
234;0.161064;0.231132;0.011797
235;0.175332;0.447290;0.013909
236;0.081382;0.409225;-0.111155
237;0.169644;0.540474;-0.064571
238;0.084354;0.566289;-0.347893
239;0.200927;-0.045361;-0.139425
240;0.339523;-0.380489;0.026203
241;0.222390;-0.162481;-0.041957
242;0.270657;-0.207610;-0.088992
243;0.351446;-0.301023;0.072980
244;-0.631567;-0.399336;0.050104
245;0.359011;0.385048;-0.427536
246;0.623521;0.284277;-0.019783
247;0.485052;-0.022935;0.167247
248;0.242387;-0.153137;0.061074
249;-0.316656;-0.014346;-0.124794
250;0.009688;0.059634;0.023598
251;0.098779;-0.023955;0.082942
252;-0.001339;-0.019606;-0.007741
253;-0.179422;-0.009959;0.033976
254;-0.125116;-0.095592;-0.000040
255;-0.320779;-0.199285;0.140776
256;-0.588693;-0.358212;0.207130
257;-0.535867;-0.535298;0.282311
258;-0.598482;-0.812948;0.114498
259;-1.035419;-0.501280;0.028411
260;-0.508053;-0.269115;0.272827
261;0.000317;-0.304263;0.166977
262;0.300446;-0.005636;0.016443
263;0.296746;0.342426;0.021743
264;0.233525;0.686775;0.136070
265;0.376738;0.491189;-0.040799
266;0.182285;0.791756;-0.109822
267;0.124721;0.461531;-0.247727
268;0.305807;-0.468863;0.112219
269;0.424527;-0.277659;0.055959
270;0.377713;-0.057568;-0.180879
271;0.439216;-0.194458;-0.260404
272;-0.881198;-0.571975;-0.010292
273;-0.024923;0.084739;-0.316806
274;0.833402;0.520930;-0.062995
275;0.917196;0.200917;0.442004
276;0.456028;-0.153126;0.074332
277;-0.503786;-0.216010;-0.182071
278;-0.214335;0.077158;0.042421
279;0.099194;0.029130;0.050212
280;0.202784;-0.052635;-0.007798
281;-0.122426;-0.050904;-0.029523
282;-0.388395;-0.141486;0.033645
283;-0.713463;-0.252635;0.229042
284;-0.354074;-0.450847;0.205057
285;-0.403638;-0.514674;0.179658
286;-0.998325;-1.031777;0.127575
287;-1.064772;-0.425549;0.115009
288;-0.266217;-0.237886;0.099465
289;0.264001;-0.280420;-0.155344
290;0.193892;0.185823;-0.010499
291;0.489205;0.718210;0.249416
292;0.559500;0.425682;-0.037577
293;0.145546;1.059060;-0.188574
294;-0.127643;0.691009;-0.498215
295;0.129098;-0.605837;-0.034026
296;0.546568;-0.200824;0.237786
297;0.441784;-0.157494;0.079236
298;0.534443;-0.051854;-0.053078
299;-0.587297;-1.170962;-0.467327
300;-0.354011;0.039294;0.085977
301;0.552624;0.718320;-0.185579
302;0.896401;-0.122826;0.342800
303;0.571876;0.025990;0.112567
304;-0.113725;-0.046661;-0.066092
305;-0.370808;-0.015863;-0.063845
306;0.023792;-0.015670;-0.033787
307;0.222269;0.034067;0.028781
308;0.000960;-0.037197;0.024349
309;-0.174956;-0.036397;0.001781
310;-0.238591;-0.156833;0.028366
311;-0.530194;-0.211164;0.254184
312;-0.542396;-0.388440;0.252771
313;-0.419463;-0.492103;0.188239
314;-0.743491;-0.879376;0.007132
315;-0.910719;-0.449274;0.077221
316;-0.234517;-0.026720;0.111964
317;0.083841;-0.155846;-0.028775
318;0.317928;0.200441;-0.018520
319;0.437087;0.490974;0.169785
320;0.302995;0.473173;-0.059254
321;0.157121;0.714231;-0.072539
322;-0.121689;0.553837;-0.364811
323;0.129795;0.034409;-0.324710
324;0.380995;-0.348047;0.254707
325;0.370536;-0.203145;-0.179528
326;0.269077;-0.121368;0.001639
327;0.440904;-0.073456;-0.285916
328;-0.568260;-0.492141;-0.145490
329;-0.125401;-0.106096;-0.315782
330;0.727326;0.616498;-0.027358
331;0.532459;-0.028578;0.201853
332;0.603658;-0.196958;-0.067123
333;-0.180195;0.021506;-0.037262
334;-0.057882;0.028311;0.093397
335;-0.017352;-0.001122;0.089264
336;-0.098202;0.010483;0.011604
337;-0.227497;-0.092559;0.079693
338;-0.151888;-0.014226;-0.021407
339;-0.321427;-0.182866;0.111278
340;-0.367716;-0.273859;0.231744
341;-0.310835;-0.451212;0.261597
342;-0.673850;-0.773791;0.255874
343;-1.405955;-0.720734;0.320168
344;-0.872684;-0.064588;-0.008109
345;-0.048103;-0.242903;0.226751
346;0.347191;-0.124125;0.187217
347;0.427676;0.256777;0.019227
348;0.355820;0.422303;0.107247
349;0.316615;0.690339;-0.273126
350;0.032280;0.894667;-0.188443
351;0.031857;0.346988;-0.533012
352;0.093479;-0.240418;-0.070856
353;0.529427;-0.394822;0.125636
354;0.361899;-0.144431;0.005617
355;0.486431;-0.051380;-0.144220
356;-0.491861;-0.769257;-0.244141
357;-0.234061;-0.048507;-0.103243
358;0.798031;0.550115;-0.213599
359;0.709046;-0.014491;0.356237
360;0.716516;-0.064057;0.090750
361;-0.319977;-0.066687;-0.044428
362;-0.293817;0.007520;0.095674
363;-0.037049;0.023382;0.006286
364;0.058567;-0.027073;0.061959
365;-0.243620;-0.045507;0.062391
366;-0.633005;-0.136650;0.189576
367;-0.435358;-0.368229;0.181801
368;-0.415795;-0.434275;0.208941
369;-0.799264;-0.682449;0.419228
370;-1.169730;-0.612435;-0.083998
371;-0.561121;-0.263299;0.188882
372;0.034431;-0.373347;0.242223
373;0.387583;-0.007409;-0.011547
374;0.508234;0.392598;0.041586
375;0.408793;0.713034;0.189602
376;0.319628;0.704423;-0.137463
377;0.005322;0.878338;-0.166067
378;-0.027924;0.499690;-0.417155
379;0.309640;-0.492800;0.026074
380;0.389058;-0.275758;0.088878
381;0.073123;-0.296195;0.044680
382;0.468048;-0.088032;-0.216940
383;-0.023193;-0.382233;-0.235288
384;-0.626814;-0.382112;0.065066
385;0.693684;0.549780;-0.182811
386;0.489519;0.045233;0.028774
387;0.538289;-0.089624;0.027179
388;0.194103;-0.022099;0.025085
389;-0.230891;-0.052220;-0.099349
390;0.027461;-0.010573;0.067623
391;-0.055197;0.049529;0.041371
392;-0.224087;-0.052649;0.112314
393;-0.280850;-0.021861;0.034649
394;-0.573238;-0.185721;0.228256
395;-0.313543;-0.355211;0.237977
396;-0.398361;-0.476485;0.233687
397;-0.695813;-0.776947;0.268978
398;-1.211427;-0.527144;0.085042
399;-0.391397;-0.170728;0.243973
400;0.205988;-0.247274;0.120480
401;0.243675;-0.028256;-0.126962
402;0.207342;0.338642;-0.052271
403;0.190331;0.699683;-0.016231
404;0.295044;0.593160;-0.144415
405;0.232187;0.793670;-0.222163
406;0.190803;0.324958;-0.283437
407;-0.104102;-0.523925;-0.155716
408;0.166152;-0.328564;0.046377
409;0.520003;-0.174064;-0.072840
410;0.668262;-0.077866;0.090360
411;-0.603005;-0.628994;0.072504
412;0.258577;0.562816;-0.398410
413;0.764673;0.190486;-0.183553
414;0.357984;-0.309394;0.197153
415;0.242672;-0.031259;0.000371
416;-0.298410;0.056807;-0.069682
417;0.060127;-0.011668;0.103870
418;-0.012632;-0.006489;0.095725
419;-0.139364;-0.027713;0.005706
420;-0.268223;-0.093462;0.054242
421;-0.444152;-0.177363;0.183395
422;-0.601305;-0.379082;0.201125
423;-0.631078;-0.629943;0.297590
424;-0.994459;-0.971642;0.185132
425;-1.179801;-0.563924;0.014337
426;-0.190242;-0.218353;0.116148
427;0.361551;-0.063207;0.015664
428;0.339033;0.242358;-0.097892
429;0.554802;0.550881;0.176276
430;0.372020;0.670965;-0.067814
431;0.148009;0.971803;-0.145809
432;0.000733;0.626978;-0.350325
433;0.075210;-0.314498;-0.145505
434;0.333353;-0.427417;0.164971
435;0.549056;-0.031605;0.080621
436;0.562298;0.157037;-0.110039
437;0.065446;-0.690570;0.081006
438;-0.662846;-0.354030;0.241847
439;0.341105;0.750439;-0.389010
440;0.783715;0.144685;0.148800
441;0.848341;-0.241546;-0.007055
442;0.116740;-0.018831;-0.046012
443;-0.398000;-0.051404;-0.031577
444;-0.183823;0.076714;0.108069
445;0.104919;0.108909;0.174195
446;0.070680;-0.097275;0.068523
447;-0.232223;-0.115955;0.051134
448;-0.340517;-0.196563;-0.028081
449;-0.404957;-0.413226;0.112089
450;-0.971610;-0.575631;0.289496
451;-0.958774;-0.978739;0.354511
452;-1.089499;-0.703883;-0.129382
453;-0.309076;-0.229833;0.136978
454;0.318784;-0.166982;-0.024159
455;0.287530;0.177197;-0.153477
456;0.515957;0.556667;0.066787
457;0.286140;0.629691;-0.071072
458;0.042281;0.934772;-0.149689
459;-0.041390;0.574421;-0.169669
460;0.131269;-0.019596;-0.416236
461;0.262476;-0.348687;0.029648
462;0.589254;-0.245834;0.229623
463;0.575703;-0.007723;0.046544
464;0.091845;-0.767684;-0.023761
465;-0.610543;-0.316027;-0.026773
466;0.196543;0.785137;-0.520210
467;0.483682;0.390961;0.291893
468;0.876095;-0.506739;-0.090792
469;0.334579;0.027687;0.023248
470;-0.192059;0.040064;-0.077241
471;-0.086704;-0.082099;0.035572
472;0.001768;0.031230;0.079721
473;-0.010563;0.037425;0.059697
474;-0.170356;-0.082527;0.112590
475;-0.459452;-0.278224;0.159531
476;-0.710892;-0.252478;0.166909
477;-0.556252;-0.456861;0.114101
478;-0.523942;-0.669988;0.275741
479;-1.124326;-0.704388;-0.017523
480;-0.479607;-0.474705;0.259132
481;0.036698;-0.318066;0.077238
482;0.239536;0.060899;0.012558
483;0.303129;0.342985;0.012203
484;0.234870;0.565151;0.013597
485;0.360350;0.493074;-0.165967
486;0.114967;0.845664;-0.193173
487;0.043330;0.478063;-0.324527
488;0.250296;-0.550349;-0.051833
489;0.395190;-0.220326;0.060336
490;0.632671;0.007734;0.077128
491;-0.052783;-0.761686;-0.189972
492;-0.227891;-0.188815;-0.317225
493;0.347334;0.737189;-0.475211
494;0.792552;-0.097613;0.409134
495;0.514135;-0.074721;0.067621
496;0.101206;0.044075;0.012573
497;-0.217685;-0.092892;-0.089180
498;0.040427;0.017171;0.085073
499;-0.041499;0.059027;0.130329
500;-0.070901;-0.053202;0.082702
501;-0.299190;-0.122729;0.067312
502;-0.642380;-0.253810;0.224419
503;-0.779925;-0.368765;0.188833
504;-0.520142;-0.490641;0.196245
505;-0.909279;-1.031260;0.083329
506;-0.852374;-0.534207;0.114430
507;0.055752;-0.290581;0.236962
508;0.252888;-0.014678;-0.049340
509;0.260204;0.398266;-0.157921
510;0.349829;0.640799;0.037878
511;0.219489;0.638834;0.013761
512;0.138652;0.892616;-0.114157
513;0.267311;0.647340;-0.267089
514;0.337100;-0.253330;-0.124358
515;0.340760;-0.375192;0.172519
516;-0.031708;-0.287946;0.026755
517;0.294079;0.085779;-0.353784
518;-0.140066;-0.368666;-0.122341
519;-0.872417;-0.731100;0.439117
520;1.163319;0.825555;-0.095519
521;0.738652;0.357228;0.337703
522;0.830181;-0.271210;-0.083946
523;-0.279106;-0.204958;-0.133461
524;-0.299644;0.163186;0.008483
525;-0.005217;0.029742;0.085855
526;0.086334;-0.057944;0.066171
527;-0.212942;-0.039160;0.017399
528;-0.319002;-0.089932;0.027026
529;-0.424820;-0.173908;0.104171
530;-0.401456;-0.370635;0.198881
531;-0.451728;-0.587701;0.192180
532;-0.838849;-0.885220;-0.021103
533;-1.163023;-0.708044;-0.013126
534;-0.229037;-0.038338;-0.003944
535;0.145395;-0.151599;-0.062697
536;0.520360;0.090320;0.023825
537;0.509929;0.534069;0.113176
538;0.195359;0.697311;-0.009398
539;0.180638;0.885028;-0.072448
540;-0.160785;0.671302;-0.313610
541;-0.015587;-0.114026;-0.296027
542;0.460064;-0.644471;0.295315
543;0.408793;-0.088312;-0.145320
544;0.376359;-0.066710;-0.244640
545;-0.613919;-1.007904;-0.460832
546;-0.346569;0.065738;0.063819
547;0.746543;0.735102;-0.122291
548;0.898834;0.079227;0.468848
549;0.733983;-0.167453;-0.065691
550;-0.176241;-0.133018;-0.182462
551;-0.348603;0.055945;0.044048
552;0.127007;0.068645;-0.010293
553;0.101309;-0.011313;0.040229
554;-0.116463;-0.045041;-0.008971
555;-0.216105;-0.119142;-0.027325
556;-0.397550;-0.170791;0.077883
557;-0.582547;-0.322735;0.257201
558;-0.346309;-0.500187;0.218845
559;-0.524675;-0.549534;0.151550
560;-1.089139;-0.875631;0.115439
561;-0.715289;-0.356668;0.270481
562;0.035074;-0.144237;0.107440
563;0.180586;-0.025507;-0.093101
564;0.224122;0.295588;-0.025363
565;0.397970;0.587751;0.202671
566;0.333350;0.496070;-0.091825
567;0.205197;0.885795;-0.075839
568;0.256836;0.536071;-0.348188
569;0.098250;-0.306839;-0.014355
570;0.419694;-0.277775;0.014482
571;0.162304;-0.210445;-0.148648
572;0.450026;0.032663;-0.409517
573;-0.886648;-1.080296;-0.138843
574;-0.033004;0.261416;-0.193687
575;1.017455;0.544357;-0.268604
576;0.629372;0.029771;0.395235
577;0.506354;-0.130296;0.003734
578;-0.335231;-0.143703;-0.124296
579;-0.166713;0.090449;0.054845
580;0.053461;0.030182;0.020219
581;0.064759;-0.059421;0.029640
582;-0.172214;-0.015155;0.030525
583;-0.231384;-0.086670;0.004973
584;-0.471814;-0.231112;0.252416
585;-0.539716;-0.374803;0.253861
586;-0.416970;-0.551837;0.305685
587;-0.874857;-0.918491;0.247195
588;-0.959413;-0.518813;0.113235
589;-0.095471;0.043804;0.038395
590;0.083440;-0.039902;-0.070817
591;0.263727;0.137659;-0.122905
592;0.304421;0.412756;-0.017777
593;0.108394;0.618976;-0.125002
594;0.103410;0.667242;-0.158525
595;0.165165;0.445765;-0.277352
596;0.300372;-0.108779;-0.329369
597;0.164961;-0.355575;0.073653
598;0.482647;-0.203096;-0.018534
599;0.492272;-0.082872;-0.147748
600;-0.146364;-0.891192;-0.177833
601;-0.173525;-0.098430;-0.213559
602;0.367791;0.578289;-0.432336
603;0.292019;0.182665;0.302378
604;0.640625;-0.154336;0.017652
605;0.110762;0.027194;-0.057062
606;-0.189155;-0.056783;0.045985
607;0.019539;0.004752;-0.000321
608;0.051183;-0.000904;0.025722
609;-0.132803;-0.045067;0.049263
610;-0.255323;-0.077122;0.031294
611;-0.316948;-0.157037;0.125317
612;-0.532635;-0.267984;0.170589
613;-0.504748;-0.489606;0.283381
614;-0.702743;-0.813252;0.091316
615;-1.266660;-0.771458;0.111857
616;-0.444070;-0.297143;0.146188
617;0.102180;-0.182484;0.134432
618;0.351836;0.069972;0.102141
619;0.429407;0.404366;0.079835
620;0.350933;0.611160;0.264962
621;0.254057;0.750805;-0.151164
622;0.173740;0.886620;-0.111776
623;0.159029;0.426111;-0.356265
624;0.268364;-0.621315;0.062482
625;0.542110;-0.145275;-0.056901
626;0.199143;-0.150427;-0.284769
627;0.230226;-0.708739;0.099900
628;-0.859532;-0.411925;0.155701
629;0.287404;0.739803;-0.225285
630;1.003855;0.187916;0.057956
631;0.664151;-0.121484;0.075253
632;0.067074;-0.093146;-0.054336
633;-0.436355;-0.068233;-0.050171
634;0.012266;0.068065;-0.015266
635;0.120423;-0.018187;0.026333
636;-0.026210;-0.063163;0.072004
637;-0.198980;-0.045107;-0.025134
638;-0.311224;-0.163652;0.107189
639;-0.702356;-0.273128;0.269427
640;-0.464579;-0.492572;0.284739
641;-0.480314;-0.776017;0.226041
642;-1.193223;-0.728050;0.099804
643;-0.657262;-0.281653;0.181236
644;0.025217;-0.234282;0.114514
645;0.292501;0.060185;-0.057544
646;0.326158;0.322418;-0.076431
647;0.305147;0.553441;0.110103
648;0.353454;0.528398;-0.095842
649;0.133749;0.918397;-0.142080
650;0.175940;0.508819;-0.400286
651;0.143060;-0.462485;0.044616
652;0.291013;-0.336875;-0.181369
653;0.403090;-0.172247;-0.031064
654;0.656475;-0.187003;-0.083441
655;-0.826136;-0.719008;0.136392
656;0.096488;0.350070;-0.476290
657;0.648930;0.414584;-0.261585
658;0.623369;-0.003588;0.452197
659;0.482000;-0.061522;-0.031992
660;-0.329199;-0.120827;-0.131739
661;-0.116860;0.050698;0.061751
662;-0.035306;0.068416;0.044488
663;0.092672;-0.080905;0.005994
664;-0.090186;-0.010830;0.008347
665;-0.187328;-0.099413;-0.002929
666;-0.592958;-0.232839;0.225548
667;-0.564473;-0.385412;0.271726
668;-0.475078;-0.628035;0.409685
669;-1.047398;-0.970011;0.223314
670;-0.992532;-0.348744;0.086024
671;-0.016767;-0.092777;0.043602
672;0.351350;-0.080610;-0.040393
673;0.286170;0.248161;-0.117464
674;0.286487;0.464894;-0.007722
675;0.057443;0.638155;-0.164777
676;0.058838;0.769759;-0.116032
677;0.233369;0.377753;-0.244417
678;0.341303;-0.090705;-0.181963
679;0.284881;-0.352655;0.013232
680;0.242616;-0.199056;-0.159879
681;0.651615;0.065102;-0.408885
682;-0.204382;-0.933915;-0.161683
683;-0.376059;-0.132136;-0.023680
684;0.579645;0.783976;-0.279814
685;0.529461;0.147640;0.360966
686;0.665935;-0.223207;-0.089271
687;-0.155676;-0.067740;-0.132838
688;-0.273942;-0.038142;0.131330
689;-0.015944;0.083468;-0.006355
690;0.130912;-0.042367;-0.013570
691;-0.099167;-0.070922;0.072909
692;-0.262456;-0.057219;-0.001149
693;-0.338356;-0.220630;0.139546
694;-0.663601;-0.342658;0.224151
695;-0.591043;-0.577967;0.352377
696;-0.883048;-0.980678;0.278655
697;-0.981017;-0.466832;0.029034
698;-0.104887;-0.163092;0.106265
699;0.342342;-0.138036;-0.007185
700;0.273015;0.193278;-0.126024
701;0.281933;0.445681;0.015258
702;0.134642;0.620744;-0.204117
703;0.098057;0.822881;-0.092819
704;0.189126;0.500919;-0.295652
705;0.392427;-0.020484;-0.182058
706;0.378688;-0.364243;0.129550
707;0.190330;-0.309115;-0.096632
708;0.401759;-0.106363;-0.193495
709;0.470908;-0.309572;-0.013283
710;-1.257639;-0.822343;0.102906
711;0.462383;0.731455;-0.158177
712;0.833434;0.267122;0.075744
713;0.648958;-0.140170;-0.022347
714;0.147948;-0.118604;0.086490
715;-0.459119;-0.051273;-0.134726
716;-0.055863;0.054447;0.076297
717;0.115744;-0.013925;0.043042
718;0.040897;-0.036510;0.031132
719;-0.223741;-0.083546;0.055237
720;-0.285849;-0.074377;-0.002175
721;-0.595024;-0.229682;0.233664
722;-0.631800;-0.442579;0.298735
723;-0.606263;-0.739717;0.401302
724;-1.208548;-0.817221;0.040804
725;-0.555300;-0.356240;0.189311
726;0.245097;-0.115963;0.149546
727;0.158395;0.039352;-0.055021
728;0.215616;0.350923;0.028423
729;0.383222;0.552921;0.218719
730;0.350734;0.722947;-0.100564
731;0.132195;0.858418;-0.095266
732;0.227629;0.516464;-0.328728
733;0.364977;-0.546181;0.123934
734;0.242067;-0.135965;-0.303780
735;0.355864;-0.168669;-0.110077
736;0.387636;-0.206226;-0.020129
737;-0.838651;-0.706865;0.090996
738;0.225068;0.472313;-0.358963
739;0.920085;0.434034;-0.180985
740;0.671379;-0.130642;0.373539
741;0.290390;-0.187680;-0.124552
742;-0.491530;-0.066364;-0.049141
743;-0.054425;0.115752;0.048089
744;0.094342;-0.043221;0.033959
745;-0.006413;-0.017442;0.042093
746;-0.236404;-0.056029;0.023379
747;-0.346050;-0.155505;0.032742
748;-0.575833;-0.350275;0.183038
749;-0.557336;-0.524475;0.299596
750;-0.704900;-0.909902;0.309915
751;-1.129342;-0.622331;-0.024143
752;-0.405470;-0.295752;0.170364
753;0.171987;-0.150955;0.073689
754;0.379160;0.154054;-0.118292
755;0.352980;0.473016;-0.101892
756;0.144432;0.743217;-0.044951
757;0.090118;0.814989;-0.223426
758;0.072630;0.741416;-0.201430
759;0.316558;-0.047076;-0.252542
760;0.049248;-0.686827;0.185202
761;0.246367;-0.145282;-0.101681
762;0.673378;-0.098810;-0.142167
763;0.182571;-0.510002;-0.014560
764;-0.755506;-0.582011;0.034342
765;0.257024;0.688308;-0.467978
766;0.610963;0.341376;0.123307
767;0.783118;-0.249098;0.213109
768;0.165464;-0.065485;-0.116359
769;-0.478476;-0.014862;-0.039585
770;-0.063949;0.040050;0.010807
771;0.101677;-0.020355;-0.001326
772;0.016610;-0.068033;0.038156
773;-0.189138;-0.053305;-0.019280
774;-0.322280;-0.145633;0.108212
775;-0.644065;-0.325358;0.191809
776;-0.556772;-0.508852;0.257328
777;-0.590646;-0.780689;0.172637
778;-1.145334;-0.738172;0.253384
779;-0.639667;-0.214988;0.135338
780;0.110298;-0.267422;0.104205
781;0.440341;0.066586;-0.043177
782;0.376736;0.454369;-0.034083
783;0.210088;0.583663;0.090595
784;0.202990;0.698542;-0.146375
785;-0.017871;0.816721;-0.177004
786;0.218120;0.310319;-0.324226
787;0.324007;-0.537703;0.134279
788;0.302511;-0.117900;-0.180103
789;0.298663;-0.284926;-0.020793
790;0.481967;-0.032839;-0.371249
791;-0.931462;-0.890746;-0.007145
792;0.050794;0.340629;-0.194028
793;0.906315;0.544301;-0.154533
794;0.719117;-0.109976;0.281383
795;0.441681;-0.096529;-0.001741
796;-0.445251;-0.119848;-0.103617
797;-0.077509;0.053935;0.056601
798;0.070159;0.014127;0.005202
799;0.099635;-0.025877;0.036799
800;-0.156765;-0.037903;0.020916
801;-0.155137;-0.093377;-0.051483
802;-0.317055;-0.197314;0.107722
803;-0.710887;-0.330637;0.288379
804;-0.620434;-0.520429;0.338706
805;-0.643287;-0.848204;0.120681
806;-1.012146;-0.502916;0.011877
807;-0.245606;-0.196928;0.055398
808;0.265302;-0.140193;-0.054447
809;0.244353;0.225202;-0.148816
810;0.275309;0.512970;-0.078452
811;-0.021260;0.542621;-0.023392
812;0.012239;0.588212;-0.192396
813;0.209489;0.417705;-0.168395
814;0.516656;-0.113558;-0.010201
815;0.512203;-0.080726;-0.175897
816;-0.003046;-0.227309;-0.071787
817;0.484073;-0.048926;-0.289112
818;0.378457;-0.295241;0.161967
819;-0.584965;-0.748193;0.013341
820;0.415536;0.678084;-0.524149
821;0.510333;0.339015;0.118110
822;0.631996;-0.318974;0.164521
823;0.048597;-0.072284;-0.114504
824;-0.423328;-0.030381;0.026079
825;0.005914;0.048866;0.056844
826;0.080484;0.026550;-0.018671
827;0.048574;-0.092033;0.033328
828;-0.199741;-0.020557;0.039753
829;-0.365673;-0.151062;0.061684
830;-0.605135;-0.291878;0.208534
831;-0.547341;-0.458620;0.311394
832;-0.419325;-0.648772;0.208440
833;-1.085329;-0.711046;0.119097
834;-0.544071;-0.257573;0.155948
835;0.144710;-0.139067;0.103068
836;0.277490;0.105999;0.006386
837;0.238701;0.413226;-0.003823
838;0.166221;0.538034;0.086220
839;0.273758;0.591804;-0.166924
840;0.103099;0.761583;-0.183722
841;0.296452;0.241220;-0.267181
842;0.308555;-0.626287;0.109975
843;0.227983;-0.010606;-0.171372
844;0.294627;-0.247299;-0.258523
845;0.421486;0.080710;-0.256321
846;-0.612047;-0.923779;-0.026067
847;0.125859;0.299433;-0.580227
848;0.803187;0.497939;-0.071200
849;0.657582;-0.189521;0.342227
850;0.184564;-0.077242;-0.040521
851;-0.483571;-0.126605;-0.080682
852;-0.123171;0.070290;0.061854
853;0.088008;0.013395;0.042488
854;0.049649;-0.081331;0.017188
855;-0.235469;-0.049422;0.017640
856;-0.434006;-0.103624;0.046745
857;-0.518609;-0.317509;0.131728
858;-0.402535;-0.442723;0.224077
859;-0.402745;-0.666178;0.227903
860;-1.067019;-0.736902;0.162852
861;-0.720353;-0.288240;0.206658
862;0.002035;-0.295627;0.157346
863;0.220126;-0.063295;-0.053265
864;0.249890;0.268455;-0.023126
865;0.241716;0.539227;0.076067
866;0.164227;0.626315;0.003252
867;0.363813;0.721017;-0.101103
868;0.184808;0.642236;-0.305114
869;0.121844;-0.153640;-0.134804
870;0.205286;-0.479420;0.037156
871;0.330323;-0.195229;0.029712
872;0.472885;-0.002805;-0.310753
873;-0.639080;-1.002850;-0.465887
874;-0.100656;0.162231;-0.091457
875;0.721613;0.656176;-0.099217
876;0.842086;-0.069867;0.337505
877;0.495208;-0.043214;0.059429
878;-0.215956;-0.080068;-0.142882
879;-0.254183;0.040487;-0.026955
880;0.048924;0.025741;0.038982
881;0.098697;0.008764;0.005386
882;-0.049938;-0.061288;0.036893
883;-0.203185;-0.088508;-0.056486
884;-0.386927;-0.250096;0.207770
885;-0.687928;-0.417440;0.161880
886;-0.558221;-0.551584;0.156014
887;-0.874378;-0.971017;0.167197
888;-0.961965;-0.602633;0.007053
889;-0.087511;-0.080300;0.091608
890;0.345794;-0.079173;-0.081841
891;0.307327;0.167393;-0.042725
892;0.405180;0.608066;0.089321
893;0.074262;0.637455;-0.029804
894;0.180093;0.737682;-0.063866
895;0.127739;0.574261;-0.218944
896;0.274272;-0.026289;-0.171677
897;0.396708;-0.380853;0.131976
898;0.179231;-0.234340;-0.051831
899;0.366252;-0.129584;-0.290149
900;0.340788;-0.260757;0.042924
901;-1.216890;-0.827534;0.101079
902;0.438172;0.635583;-0.219918
903;1.135865;0.353533;0.115316
904;0.770843;-0.047816;0.175249
905;0.135121;-0.269682;-0.095058
906;-0.648157;-0.117195;-0.063820
907;-0.184091;0.182313;0.076038
908;0.172040;-0.046374;0.027483
909;0.095577;-0.087245;0.085470
910;-0.250751;0.010351;0.000574
911;-0.274767;-0.123289;0.015395
912;-0.428368;-0.300087;0.148089
913;-0.539866;-0.483345;0.123902
914;-0.510594;-0.716825;0.209491
915;-1.147936;-0.858100;0.166284
916;-0.527996;-0.272359;0.178698
917;0.121265;-0.081996;0.083138
918;0.250700;0.022545;-0.100175
919;0.272110;0.313821;-0.065451
920;0.158157;0.614025;0.071242
921;0.061073;0.582492;-0.228321
922;0.060438;0.715686;-0.134480
923;0.153319;0.329042;-0.393817
924;0.112508;-0.340572;-0.088440
925;0.189124;-0.308384;-0.008299
926;0.340890;-0.254792;0.077694
927;0.477738;-0.001172;-0.227038
928;-0.073793;-0.732835;-0.338002
929;-0.540437;-0.313308;0.078360
930;0.631592;0.801043;-0.099621
931;0.987805;0.009705;0.193454
932;0.451716;-0.092102;0.077078
933;0.021895;-0.102897;-0.045445
934;-0.471924;0.010844;-0.034079
935;-0.023106;0.058741;0.059743
936;0.053031;-0.002720;0.006316
937;0.009081;-0.085007;0.030898
938;-0.080231;-0.040863;-0.060916
939;-0.313428;-0.211578;0.073680
940;-0.540734;-0.291989;0.153283
941;-0.502693;-0.420575;0.186736
942;-0.628661;-0.617062;0.253874
943;-1.203081;-0.705773;0.000868
944;-0.646540;-0.312936;0.130532
945;0.133107;-0.113938;0.136697
946;0.305149;-0.149147;-0.048947
947;0.425056;0.224352;-0.001900
948;0.391134;0.662935;0.163280
949;0.344553;0.593874;-0.106302
950;0.021972;0.859153;-0.117769
951;-0.074923;0.444117;-0.333339
952;0.139060;-0.269182;-0.112355
953;0.400917;-0.278535;0.053216
954;0.405078;-0.133960;-0.111121
955;0.594601;-0.059267;-0.361494
956;-0.832195;-1.267798;-0.287302
957;-0.046795;0.380768;-0.331631
958;0.669171;0.644343;-0.051999
959;0.849719;-0.122818;0.421839
960;0.477368;-0.026561;-0.051487
961;-0.425344;-0.110815;-0.088382
962;-0.292787;0.006863;0.060002
963;0.043907;0.043518;0.024114
964;0.135722;0.003290;0.027754
965;-0.079336;-0.064525;0.076801
966;-0.222484;-0.029813;-0.015877
967;-0.321953;-0.209525;0.099295
968;-0.529154;-0.323588;0.224939
969;-0.566996;-0.553698;0.302707
970;-0.791848;-0.911004;0.178508
971;-1.045522;-0.490910;0.060072
972;-0.235358;-0.105183;0.023462
973;0.268833;-0.067535;-0.032743
974;0.255701;0.216070;-0.071365
975;0.349948;0.502943;0.050999
976;0.183310;0.526118;0.001570
977;0.136740;0.705495;-0.083716
978;0.094911;0.549495;-0.243950
979;0.137932;0.072907;-0.285193
980;0.130718;-0.465753;-0.023683
981;0.226459;-0.226524;-0.149691
982;0.526812;-0.101097;-0.150803
983;0.385494;-0.243603;-0.000933
984;-0.785548;-0.592639;0.012275
985;0.213318;0.442294;-0.335383
986;0.814604;0.192568;-0.152079
987;0.603318;-0.078529;0.158830
988;0.214994;-0.126485;-0.022272
989;-0.394450;-0.092883;-0.068628
990;-0.006477;0.088634;0.027419
991;0.081693;-0.026638;0.015972
992;-0.017553;-0.036802;0.016851
993;-0.269886;-0.061155;-0.012116
994;-0.246497;-0.115621;0.084957
995;-0.570258;-0.266096;0.154293
996;-0.599953;-0.463384;0.148190
997;-0.456403;-0.658138;0.270880
998;-1.017262;-0.825141;0.096564
999;-0.557605;-0.223080;0.129451
1000;0.057093;-0.116490;0.100279
1001;0.244101;0.041817;-0.047166
1002;0.322265;0.334933;-0.062728
1003;0.203947;0.440607;0.142618
1004;0.110766;0.624091;-0.198661
1005;0.084309;0.756676;-0.132950
1006;0.277549;0.268187;-0.309009
1007;0.215509;-0.391393;0.068099
1008;0.365283;-0.145235;0.051935
1009;0.227155;-0.316386;-0.073504
1010;0.457313;0.053023;-0.444183
1011;-0.711096;-1.114458;-0.572361
1012;-0.280119;-0.016687;0.049940
1013;0.880433;0.824722;-0.065850
1014;0.960739;0.022409;0.327027
1015;0.563240;-0.143865;0.067855
1016;-0.276367;-0.171811;-0.161818
1017;-0.448004;0.087361;0.029357
1018;0.012813;0.035019;0.080880
1019;0.087332;-0.068322;0.107624
1020;-0.212070;-0.012466;0.032420
1021;-0.268313;-0.053127;-0.060061
1022;-0.237504;-0.272956;0.077347
1023;-0.586863;-0.405798;0.213255
1024;-0.574654;-0.483200;0.311200
1025;-0.671346;-0.868853;0.217262
1026;-0.712065;-0.312956;-0.015878
1027;-0.083181;-0.144491;0.092448
1028;0.036941;-0.119878;-0.051914
1029;0.244295;0.234527;-0.101717
1030;0.299622;0.401494;-0.057949
1031;-0.105723;0.548155;-0.114338
1032;0.083145;0.651347;-0.101145
1033;0.251220;0.393339;-0.230648
1034;0.134811;-0.010828;-0.356858
1035;0.311057;-0.391364;0.099708
1036;0.300575;-0.207829;-0.182635
1037;0.539682;-0.060454;-0.343663
1038;0.182457;-0.473806;0.047655
1039;-0.491772;-0.565893;0.043971
1040;0.453923;0.671549;-0.351718
1041;0.549182;0.190988;0.081418
1042;0.528697;-0.197560;0.161915
1043;0.019843;-0.055968;-0.069943
1044;-0.331952;-0.030027;-0.056896
1045;0.056156;0.072299;0.022051
1046;0.072619;-0.000242;0.009297
1047;-0.067175;-0.072797;-0.011749
1048;-0.189971;-0.106059;-0.001036
1049;-0.354237;-0.159423;0.143073
1050;-0.583598;-0.341710;0.204103
1051;-0.673439;-0.542551;0.352201
1052;-0.708702;-0.951428;0.153778
1053;-0.892452;-0.523276;0.033121
1054;-0.094616;-0.061639;-0.004334
1055;0.311591;-0.050103;-0.139097
1056;0.168235;0.202729;-0.076540
1057;0.200870;0.592191;0.002532
1058;0.029767;0.595238;-0.093035
1059;0.114728;0.596920;-0.033393
1060;0.145778;0.504227;-0.333791
1061;0.230552;-0.255751;-0.121129
1062;0.242907;-0.319960;-0.028004
1063;0.412827;-0.137407;-0.058235
1064;0.491629;-0.044516;-0.314111
1065;0.222014;-0.540438;0.114206
1066;-0.387998;-0.460311;-0.015538
1067;0.253197;0.566869;-0.495671
1068;0.501092;0.272097;0.157360
1069;0.607498;-0.181878;0.125278
1070;0.028133;-0.075865;-0.098649
1071;-0.347460;-0.064370;-0.046107
1072;0.021278;0.054360;-0.005296
1073;0.139761;-0.009885;-0.016294
1074;-0.019278;-0.094380;0.049558
1075;-0.257823;-0.058243;0.006680
1076;-0.300352;-0.179341;0.071515
1077;-0.631118;-0.373589;0.192116
1078;-0.593440;-0.512816;0.296737
1079;-0.610294;-0.848740;0.357402
1080;-0.959142;-0.534020;0.116096
1081;-0.170049;-0.088698;0.067100
1082;0.201836;-0.108110;-0.046868
1083;0.139940;0.122519;0.000944
1084;0.203481;0.538077;-0.070756
1085;0.165010;0.537339;-0.095483
1086;0.161665;0.554760;-0.093664
1087;0.078171;0.597787;-0.353649
1088;0.273446;-0.026584;-0.312728
1089;0.335675;-0.481494;0.219524
1090;0.418821;-0.124525;-0.204760
1091;0.375739;-0.150893;-0.251406
1092;0.322337;-0.391075;0.033738
1093;-0.565770;-0.644476;-0.036564
1094;0.331719;0.595020;-0.507674
1095;0.610410;0.271035;0.003218
1096;0.662127;-0.222788;0.174307
1097;0.067464;-0.050812;-0.042712
1098;-0.414172;-0.064986;-0.089918
1099;0.029758;0.025121;0.013320
1100;0.122976;0.022828;0.014548
1101;0.018971;-0.083826;0.046391
1102;-0.252380;-0.051723;0.007720
1103;-0.288038;-0.083976;0.011555
1104;-0.619173;-0.276871;0.158002
1105;-0.532510;-0.491015;0.239579
1106;-0.563380;-0.691326;0.236605
1107;-1.202053;-0.841287;0.146854
1108;-0.619963;-0.264988;0.224352
1109;0.163206;-0.164461;0.107120
1110;0.265454;0.043153;-0.019186
1111;0.369734;0.479401;0.002392
1112;0.288951;0.493716;0.224546
1113;0.205066;0.664562;-0.153829
1114;0.013197;0.768720;-0.178914
1115;0.096829;0.271546;-0.399399
1116;0.234999;-0.666655;0.222655
1117;0.556046;-0.059367;-0.144849
1118;0.449032;-0.136012;-0.175004
1119;0.452287;-0.192550;-0.061643
1120;-0.571775;-0.652238;0.011800
1121;0.052468;0.320954;-0.257815
1122;0.686968;0.405813;-0.097935
1123;0.628125;-0.055237;0.378203
1124;0.302212;-0.053333;-0.034720
1125;-0.399924;-0.109934;-0.155651
1126;-0.046170;0.054196;0.019860
1127;0.093011;0.020185;-0.011977
1128;0.073160;-0.044634;-0.004386
1129;-0.139142;-0.076576;0.010683
1130;-0.232661;-0.129834;0.084333
1131;-0.486236;-0.269449;0.133053
1132;-0.728813;-0.500764;0.219886
1133;-0.642350;-0.824882;0.248770
1134;-1.042411;-0.740384;0.114752
1135;-0.372354;-0.159078;-0.005466
1136;0.189155;-0.119219;-0.010210
1137;0.204025;0.107584;-0.107861
1138;0.247186;0.480345;-0.041026
1139;0.091999;0.525697;-0.032952
1140;0.129025;0.616868;-0.182754
1141;-0.055537;0.657976;-0.255206
1142;0.212895;0.076317;-0.366013
1143;0.200836;-0.518248;0.041518
1144;0.365080;-0.198715;-0.105860
1145;0.442591;-0.201690;-0.104538
1146;0.692978;-0.033131;-0.423154
1147;-1.051164;-0.892779;-0.089137
1148;0.133015;0.348475;-0.451563
1149;0.808242;0.479128;-0.111576
1150;0.527030;-0.135920;0.289467
1151;0.333125;-0.113706;-0.006173
1152;-0.450585;-0.014544;-0.130413
1153;-0.036272;0.027539;-0.004417
1154;0.169610;0.032387;0.009380
1155;0.068861;-0.068058;0.031798
1156;-0.236408;-0.078996;0.044305
1157;-0.317541;-0.059015;0.001333
1158;-0.530604;-0.195343;0.204646
1159;-0.444701;-0.390356;0.168896
1160;-0.547440;-0.537602;0.313814
1161;-1.008236;-0.919321;-0.034564
1162;-0.829053;-0.383359;0.067356
1163;0.040375;-0.191485;0.190598
1164;0.294617;-0.018529;-0.020930
1165;0.272665;0.341019;-0.026958
1166;0.199678;0.477453;0.161451
1167;0.230037;0.585070;-0.097161
1168;0.059200;0.809734;-0.104105
1169;0.268093;0.383019;-0.265671
1170;0.214523;-0.290985;0.044344
1171;0.430492;-0.204230;-0.058630
1172;0.087286;-0.253310;-0.109143
1173;0.451326;-0.036057;-0.348804
1174;-0.442229;-1.088201;-0.495441
1175;-0.102767;0.032054;0.004311
1176;0.701298;0.688037;-0.216846
1177;0.711931;0.002530;0.257593
1178;0.481467;-0.092479;-0.050111
1179;-0.300688;-0.081568;-0.120728
1180;-0.175939;0.000004;0.015903
1181;0.039006;0.032382;0.034515
1182;0.009734;0.014213;0.056849
1183;-0.104184;-0.081340;0.009229
1184;-0.107389;-0.072514;-0.033832
1185;-0.384775;-0.218278;0.132981
1186;-0.783812;-0.406462;0.238086
1187;-0.564898;-0.473069;0.130070
1188;-0.711761;-0.910401;0.230357
1189;-0.930044;-0.454942;0.039402
1190;-0.069216;-0.191217;0.075161
1191;0.383189;-0.058012;-0.070068
1192;0.312114;0.361742;-0.190073
1193;0.242412;0.425413;-0.055162
1194;-0.025595;0.603569;-0.271160
1195;-0.098403;0.780885;-0.186101
1196;0.188606;0.240960;-0.297798
1197;0.255437;-0.075598;-0.242807
1198;0.290967;-0.359245;0.038548
1199;0.504939;-0.153942;-0.052658
1200;0.616265;-0.015592;-0.255607
1201;-0.105363;-0.942926;-0.252948
1202;-0.602932;-0.221420;-0.054315
1203;0.401644;0.727243;-0.246502
1204;0.666800;0.153387;0.266551
1205;0.627776;-0.215507;0.012167
1206;0.001255;-0.006721;-0.056039
1207;-0.290605;0.055408;-0.068238
1208;-0.006179;-0.024851;-0.029159
1209;0.083336;-0.007237;0.022372
1210;-0.037194;-0.032791;0.017819
1211;-0.129321;-0.055135;-0.003756
1212;-0.367103;-0.218489;0.090945
1213;-0.578256;-0.350992;0.215164
1214;-0.517280;-0.520811;0.273327
1215;-0.583876;-0.857723;0.136384
1216;-1.063807;-0.654428;0.072672
1217;-0.325096;-0.144867;0.092459
1218;0.215726;-0.075441;-0.032371
1219;0.216155;0.178388;-0.058745
1220;0.370504;0.501642;0.094497
1221;0.293544;0.508700;-0.059477
1222;0.165135;0.704476;-0.073814
1223;0.085405;0.593969;-0.253191
1224;0.133856;0.104161;-0.221711
1225;0.377031;-0.475412;0.014701
1226;0.295305;-0.165589;-0.258841
1227;0.293340;-0.243482;-0.174233
1228;0.488978;0.061986;-0.386334
1229;-0.706585;-0.880431;-0.194682
1230;0.203259;0.309046;-0.214406
1231;0.807074;0.428547;-0.041459
1232;0.529075;-0.155162;0.183872
1233;0.323544;-0.093492;-0.088444
1234;-0.434947;-0.032025;-0.089853
1235;-0.030852;0.033542;0.018679
1236;0.080057;-0.012562;0.016988
1237;-0.038466;-0.019492;0.011200
1238;-0.312749;-0.106711;0.016454
1239;-0.278859;-0.155655;0.010670
1240;-0.484178;-0.372531;0.136636
1241;-0.609920;-0.474641;0.262421
1242;-0.564291;-0.665628;0.229939
1243;-1.057690;-0.606955;0.003105
1244;-0.384510;-0.169090;0.134046
1245;0.201268;-0.160527;0.021508
1246;0.300730;0.160534;-0.065586
1247;0.373446;0.415730;0.106022
1248;0.136192;0.501179;-0.121463
1249;-0.024901;0.672138;-0.053459
1250;0.126488;0.388294;-0.213673
1251;0.348666;0.122516;-0.202295
1252;0.446664;-0.174092;0.012408
1253;0.363819;-0.308788;-0.128175
1254;0.327855;-0.167925;-0.150236
1255;0.366657;-0.099767;-0.397612
1256;-0.972233;-0.831076;-0.336586
1257;0.010973;0.279830;-0.071433
1258;0.935640;0.591440;0.059257
1259;0.856929;-0.171707;0.135925
1260;0.314314;-0.129419;-0.024699
1261;-0.431756;-0.096525;-0.180309
1262;-0.145022;0.083787;0.046603
1263;0.088114;-0.029928;0.042972
1264;0.015106;0.010791;0.022289
1265;-0.232897;-0.054210;-0.010778
1266;-0.266075;-0.134382;0.012119
1267;-0.389160;-0.264497;0.151178
1268;-0.613784;-0.464474;0.198281
1269;-0.422554;-0.737705;0.171898
1270;-0.979479;-0.749068;0.325739
1271;-0.531160;-0.147542;0.052771
1272;0.071481;-0.194626;0.001469
1273;0.174776;-0.030417;-0.039451
1274;0.116108;0.354852;-0.108765
1275;0.046049;0.456263;-0.094859
1276;0.149013;0.533955;-0.111592
1277;0.225574;0.603000;-0.187088
1278;0.353050;0.185025;-0.330245
1279;0.141447;-0.305844;-0.085183
1280;0.300402;-0.265623;-0.086049
1281;0.368801;-0.175950;-0.267945
1282;0.624915;0.179303;-0.578217
1283;-0.819586;-1.290827;-0.240787
1284;-0.045090;0.228181;-0.186607
1285;0.839827;0.560498;-0.312353
1286;0.592647;-0.198079;0.303395
1287;0.408061;-0.048656;-0.045351
1288;-0.366920;-0.053971;-0.144287
1289;-0.019411;0.039461;0.031927
1290;0.093013;0.050537;0.010995
1291;0.023440;-0.053416;-0.000149
1292;-0.210828;-0.093640;-0.001597
1293;-0.271017;-0.074355;-0.005247
1294;-0.645567;-0.262728;0.179049
1295;-0.529373;-0.456953;0.190386
1296;-0.388433;-0.502148;0.199886
1297;-1.014320;-0.908545;0.153740
1298;-0.915543;-0.505601;0.168996
1299;-0.138047;-0.191217;0.159450
1300;0.334844;-0.029860;-0.007928
1301;0.307776;0.295462;0.073078
1302;0.335925;0.468574;0.289587
1303;0.451984;0.577840;0.011033
1304;0.233516;0.921205;-0.065491
1305;0.121903;0.621206;-0.354289
1306;0.046644;-0.464601;-0.123705
1307;0.355842;-0.175028;-0.076407
1308;0.293743;-0.138853;-0.148529
1309;0.708807;0.025659;-0.254655
1310;-0.477983;-1.160506;-0.254146
1311;-0.040662;0.154437;-0.172675
1312;0.629838;0.488245;-0.370657
1313;0.431431;-0.111469;0.314243
1314;0.570961;-0.010005;0.038308
1315;-0.250131;-0.063189;-0.096074
1316;-0.144318;-0.009318;0.021136
1317;0.004821;0.056455;-0.006297
1318;0.029074;-0.015509;0.015697
1319;-0.053082;-0.066010;-0.053798
1320;-0.195993;-0.084626;0.002884
1321;-0.467518;-0.218008;0.075450
1322;-0.588496;-0.397038;0.150138
1323;-0.546092;-0.564048;0.331823
1324;-1.018800;-0.893523;0.086242
1325;-0.919332;-0.383734;0.035231
1326;-0.055286;-0.210661;0.068610
1327;0.304520;-0.072389;-0.052896
1328;0.373222;0.363812;-0.098202
1329;0.306944;0.447505;0.036017
1330;0.214450;0.660151;-0.141242
1331;0.108633;0.876145;-0.123669
1332;0.146777;0.468566;-0.344663
1333;0.187242;-0.274162;-0.216184
1334;0.319557;-0.229163;0.078349
1335;0.456858;-0.190747;-0.094894
1336;0.643732;0.017293;-0.235424
1337;-0.416611;-1.227667;-0.425811
1338;-0.282926;-0.044754;-0.043880
1339;0.512762;0.609917;-0.337844
1340;0.490853;0.081389;0.384649
1341;0.597454;-0.108572;0.003609
1342;-0.146915;-0.065728;-0.141863
1343;-0.190511;0.002375;-0.055691
1344;0.028524;0.063628;-0.000066
1345;0.065104;-0.002238;-0.011368
1346;-0.035944;-0.056739;0.000411
1347;-0.093417;-0.128747;-0.002140
1348;-0.468141;-0.196074;0.170947
1349;-0.665431;-0.371124;0.233007
1350;-0.522767;-0.497299;0.196682
1351;-0.916945;-0.998518;0.131799
1352;-1.039894;-0.566757;-0.063422
1353;-0.074096;-0.135870;0.091416
1354;0.307221;-0.059097;-0.041610
1355;0.369259;0.267197;-0.097909
1356;0.306420;0.413158;0.058003
1357;0.204084;0.658256;0.066547
1358;0.293652;0.867727;-0.111524
1359;0.283438;0.583258;-0.168201
1360;0.095935;0.187216;-0.370577
1361;0.062967;-0.457475;0.129075
1362;0.172978;-0.295961;-0.100562
1363;0.440706;-0.103777;-0.255250
1364;-0.449967;-0.900842;-0.428344
1365;-0.257787;-0.062425;0.082278
1366;0.839227;0.600449;-0.345425
1367;0.883372;0.061260;0.321111
1368;0.567758;-0.095857;0.071544
1369;-0.231838;-0.162750;-0.179921
1370;-0.306626;0.082977;-0.053126
1371;0.007092;0.044987;0.015288
1372;0.068978;-0.035623;0.065858
1373;-0.063020;-0.077088;0.074873
1374;-0.163443;-0.046998;-0.045586
1375;-0.308799;-0.266936;0.115161
1376;-0.622655;-0.400331;0.137279
1377;-0.616526;-0.511045;0.182161
1378;-0.827352;-0.841260;0.250897
1379;-0.725185;-0.544266;0.050735
1380;-0.031628;-0.112332;0.007786
1381;0.267072;-0.019490;-0.078271
1382;0.279915;0.306034;-0.127698
1383;0.300368;0.499770;0.009500
1384;0.028895;0.538831;-0.161485
1385;-0.032955;0.707338;-0.168971
1386;0.082280;0.376616;-0.280279
1387;0.541219;-0.288158;-0.025712
1388;0.321607;-0.086935;-0.082413
1389;0.100811;-0.241068;0.036871
1390;0.429596;-0.172854;-0.251568
1391;-0.066676;-0.507428;-0.081501
1392;-0.751627;-0.444272;0.018227
1393;0.589337;0.694788;-0.257041
1394;0.866771;0.312764;0.288330
1395;0.615600;-0.153797;0.062207
1396;-0.120298;-0.187597;-0.071703
1397;-0.336498;0.042884;-0.078303
1398;0.035433;0.077441;0.031642
1399;0.139532;0.009493;0.004629
1400;0.037613;-0.054010;-0.024497
1401;-0.120834;-0.083557;0.040667
1402;-0.407570;-0.199794;0.097887
1403;-0.729276;-0.418791;0.199186
1404;-0.602000;-0.570829;0.146682
1405;-0.866458;-0.925338;0.153241
1406;-0.944120;-0.586121;0.101350
1407;-0.088372;-0.092516;0.145657
1408;0.406819;0.015272;0.027791
1409;0.441064;0.308677;-0.116845
1410;0.371604;0.472995;0.093987
1411;0.129721;0.740146;-0.228176
1412;0.018122;0.787141;-0.087410
1413;0.105794;0.204129;-0.309819
1414;0.051348;-0.151887;-0.258577
1415;0.095820;-0.261260;0.049525
1416;0.297760;-0.315412;-0.075738
1417;0.639799;0.056858;-0.119694
1418;0.191479;-0.488649;0.027244
1419;-0.591392;-0.391060;-0.095625
1420;0.476065;0.585769;-0.395001
1421;0.918069;0.209964;0.251206
1422;0.575966;-0.096418;-0.018910
1423;0.058110;-0.187953;0.006187
1424;-0.425441;0.008919;-0.054168
1425;-0.017862;0.105981;0.015568
1426;0.131783;-0.046664;0.032998
1427;0.013592;-0.053193;0.028239
1428;-0.234720;-0.089069;0.005931
1429;-0.330448;-0.214931;0.100312
1430;-0.620663;-0.400872;0.131193
1431;-0.614802;-0.505025;0.023030
1432;-0.731152;-0.808191;0.204178
1433;-0.844544;-0.695523;0.044215
1434;-0.059852;-0.077574;0.078875
1435;0.232036;-0.037337;-0.073223
1436;0.278291;0.257992;-0.073641
1437;0.406697;0.580786;0.017519
1438;0.175396;0.607251;-0.003714
1439;0.108280;0.782810;-0.100904
1440;0.000665;0.596027;-0.293460
1441;0.212550;-0.156267;-0.206171
1442;0.454873;-0.254649;0.111704
1443;0.193727;-0.216300;-0.083648
1444;0.353596;-0.126698;-0.237265
1445;0.081285;-0.392422;0.039037
1446;-0.843088;-0.641307;0.134500
1447;0.619257;0.699265;-0.226331
1448;1.058704;0.219735;0.136883
1449;0.647746;-0.147494;0.099644
1450;-0.059031;-0.166387;-0.030017
1451;-0.457531;0.067184;-0.094874
1452;-0.014072;0.077270;0.033823
1453;0.118969;-0.036382;0.015429
1454;-0.035907;-0.023161;0.016481
1455;-0.290961;-0.090429;-0.009009
1456;-0.386545;-0.121743;0.158520
1457;-0.406659;-0.294173;0.155892
1458;-0.502841;-0.519760;0.122926
1459;-0.794295;-0.879917;0.093919
1460;-1.105741;-0.671230;-0.077404
1461;-0.311583;-0.160381;0.104633
1462;0.226664;-0.064891;-0.026490
1463;0.284111;0.252434;-0.125401
1464;0.431019;0.479449;-0.015576
1465;0.209336;0.558797;0.020688
1466;0.100161;0.836177;-0.269910
1467;0.010908;0.620511;-0.237683
1468;0.148142;-0.104490;-0.341327
1469;0.235978;-0.463110;0.161918
1470;0.332382;-0.151685;-0.050363
1471;0.460142;-0.069698;-0.169610
1472;-0.306699;-1.088732;-0.552993
1473;-0.309742;-0.060184;0.032243
1474;0.683238;0.810960;-0.215371
1475;0.941830;-0.041333;0.371096
1476;0.598414;-0.200549;-0.012766
1477;-0.221633;-0.020617;-0.120484
1478;-0.320192;0.068008;-0.043147
1479;-0.013434;-0.016321;0.065833
1480;0.049548;0.018948;0.022954
1481;-0.093224;-0.072465;0.039924
1482;-0.304732;-0.154073;0.022939
1483;-0.295231;-0.278209;0.079834
1484;-0.508968;-0.447369;0.127871
1485;-0.765498;-0.645812;0.209006
1486;-1.227652;-0.939281;-0.018157
1487;-0.478285;-0.286328;0.080435
1488;0.142313;-0.019585;0.098555
1489;0.324126;0.106249;-0.091786
1490;0.374259;0.383197;-0.068729
1491;0.277416;0.624778;0.172283
1492;0.196260;0.644377;-0.207796
1493;0.066996;0.767270;-0.154393
1494;0.136223;0.323223;-0.340458
1495;0.142040;-0.530090;0.105030
1496;0.133490;-0.185155;-0.266164
1497;0.288293;-0.232636;0.037115
1498;0.557511;-0.094838;-0.214268
1499;-0.919249;-0.814700;-0.084241
1500;0.384782;0.597756;-0.573813
1501;0.999491;0.229350;0.012519
1502;0.653774;-0.186365;0.154851
1503;0.235441;-0.127503;-0.043817
1504;-0.498685;-0.000662;-0.130111
1505;-0.068275;0.095484;0.071261
1506;0.087437;-0.005587;0.008809
1507;-0.082281;-0.067117;0.103835
1508;-0.388482;-0.115131;0.087065
1509;-0.347820;-0.108617;0.078114
1510;-0.373850;-0.437824;0.106209
1511;-0.736948;-0.609675;0.015008
1512;-1.253644;-0.985427;0.026656
1513;-0.812095;-0.585060;0.077176
1514;0.141382;0.091439;0.217114
1515;0.364978;0.151432;0.094198
1516;0.405597;0.381351;0.039004
1517;0.392285;0.525814;0.192894
1518;0.375714;0.741095;-0.054343
1519;0.024327;0.853590;-0.142205
1520;-0.103428;0.394414;-0.426911
1521;0.015325;-0.465894;-0.096261
1522;0.227335;-0.298883;0.072943
1523;0.375299;-0.195349;0.099705
1524;0.520600;-0.020364;-0.215925
1525;-0.584091;-0.880044;-0.123999
1526;-0.053992;0.112861;-0.620941
1527;0.795669;0.464891;-0.115643
1528;0.769973;0.001234;0.328672
1529;0.560303;-0.047537;0.097714
1530;-0.406823;-0.085053;-0.115709
1531;-0.298228;0.040468;-0.009689
1532;0.005494;-0.005332;0.040645
1533;0.127195;0.002862;0.002829
1534;-0.145441;-0.041003;0.034134
1535;-0.140873;-0.062897;-0.048660
1536;-0.209554;-0.268756;-0.017036
1537;-0.600983;-0.327098;0.046477
1538;-0.598836;-0.529860;0.097471
1539;-1.027905;-1.007796;0.115075
1540;-0.796525;-0.358771;0.014747
1541;-0.072817;-0.099634;0.112898
1542;0.331073;0.108077;-0.017893
1543;0.619534;0.528857;-0.004272
1544;0.221788;0.296631;0.196125
1545;0.007689;0.595726;-0.263083
1546;-0.190753;0.713004;-0.252547
1547;0.063729;0.129861;-0.321308
1548;0.465597;-0.296153;0.080772
1549;0.434599;0.010191;-0.086559
1550;0.112882;-0.217467;-0.052762
1551;0.532714;0.007225;-0.118589
1552;-0.266155;-0.753735;0.094595
1553;0.172709;0.313167;-0.559925
1554;0.833959;0.423967;-0.371103
1555;0.687590;-0.210744;0.436464
1556;0.307274;-0.032061;-0.107928
1557;-0.389201;-0.103003;-0.094446
1558;-0.124346;0.056694;0.057579
1559;0.073689;0.060106;-0.039948
1560;0.042387;-0.116230;0.001533
1561;-0.288190;-0.058586;0.022457
1562;-0.344768;-0.187111;0.080874
1563;-0.435300;-0.297095;0.069209
1564;-0.548784;-0.401073;0.127650
1565;-0.761382;-0.865832;0.231805
1566;-1.081404;-0.589320;0.075884
1567;-0.501892;-0.093577;0.103415
1568;0.095672;-0.228833;0.185694
1569;0.249268;0.091112;0.013653
1570;0.473770;0.395214;0.039693
1571;0.343070;0.445917;0.117744
1572;0.214144;0.667419;-0.178541
1573;0.235068;0.599594;-0.217415
1574;0.083505;-0.028622;-0.223316
1575;0.496405;-0.003402;-0.126298
1576;0.412766;0.068575;-0.065102
1577;0.250790;-0.030604;-0.238529
1578;0.388749;0.002157;-0.221257
1579;-0.150483;-0.703237;0.020039
1580;-0.399312;-0.312549;0.006343
1581;0.235228;0.395755;-0.471428
1582;0.247676;0.063553;0.221951
1583;0.338990;-0.024278;-0.023415
1584;-0.160503;-0.099558;0.016951
1585;-0.357266;-0.137800;-0.026852
1586;0.056012;0.068761;0.011367
1587;0.218930;0.054766;0.010358
1588;-0.072369;-0.024963;-0.016647
1589;-0.259434;-0.014512;-0.015930
1590;-0.114162;0.004728;-0.015313
1591;0.151405;-0.052947;-0.021944
1592;0.148568;0.063262;0.072878
1593;-0.191836;-0.055381;-0.118256
1594;-0.113688;-0.055389;-0.026318
1595;0.105554;0.056692;0.033031
1596;0.001547;-0.011311;-0.022077
1597;-0.195958;0.008103;0.081308
1598;-0.241968;-0.134505;-0.065279
1599;-0.328115;-0.043756;0.193738
1600;-0.443766;-0.257098;0.094947
1601;-0.243854;-0.204167;-0.139558
1602;-0.123974;-0.292092;-0.053539
1603;0.090448;0.016333;-0.021529
1604;0.217683;0.198979;-0.151833
1605;0.312007;0.302276;-0.128131
1606;0.152753;0.460822;-0.271969
1607;0.368446;0.300468;-0.174025
1608;0.309785;0.021548;-0.099987
1609;0.333493;0.261446;-0.121987
1610;0.348431;0.216698;-0.184556
1611;-0.060975;-0.589502;0.110075
1612;-0.494250;-0.217920;-0.084260
1613;-0.234906;0.405496;-0.071119
1614;0.136801;-0.163411;0.059893
1615;0.250591;-0.021083;-0.017391
1616;-0.070955;0.032694;-0.016782
1617;-0.269510;-0.100630;0.000163
1618;-0.042411;0.029088;-0.059194
1619;0.041960;-0.006606;-0.009191
1620;-0.032701;0.006207;-0.016575
1621;0.008467;-0.024659;-0.057403
1622;0.067482;-0.004163;-0.051817
1623;0.048661;0.002350;-0.029523
1624;-0.017173;-0.003128;-0.034683
1625;0.003737;-0.005276;-0.046448
1626;0.009171;-0.008275;-0.049594
1627;0.042694;-0.007913;-0.040739
1628;0.037819;0.001772;-0.065020
1629;0.003657;-0.008829;-0.046159
1630;0.011704;-0.002820;-0.033244
1631;0.022388;0.000106;-0.036482
1632;0.018903;-0.009467;-0.036406
1633;-0.010092;-0.009247;-0.033251
1634;-0.004128;-0.000310;-0.020853
1635;0.013273;-0.007737;-0.023489
1636;0.008500;-0.002298;-0.031533
1637;0.016587;-0.003053;-0.045560
1638;0.007079;0.001330;-0.030848
1639;0.016690;-0.005441;-0.028429
1640;0.000375;-0.000629;-0.025957
1641;-0.005576;-0.006829;-0.022183
1642;-0.010881;-0.007172;-0.029156
1643;0.013346;-0.002802;-0.013513
1644;0.016758;0.001608;-0.017038
1645;0.000083;-0.011001;-0.013931
1646;-0.004579;-0.004617;-0.017382
1647;0.010135;-0.004599;-0.015084
1648;0.011933;-0.005520;-0.017173
1649;0.019140;0.001673;-0.026221
1650;-0.008645;-0.003999;-0.015980
1651;0.003259;-0.013643;-0.028759
1652;0.002704;-0.007645;-0.018855
1653;-0.000255;0.003940;-0.006580
1654;0.004688;-0.007042;-0.004722
1655;0.001460;-0.007590;-0.023580
1656;0.007217;-0.002139;-0.006814
1657;0.014032;0.004043;-0.019958
1658;-0.001394;-0.008217;-0.007306
1659;0.005896;-0.006923;-0.006216
1660;0.001639;-0.002889;-0.006561
1661;0.010868;-0.007203;-0.009318
1662;0.004078;0.000203;-0.013470
1663;0.000313;-0.013406;-0.009532
1664;0.006785;0.003320;-0.009094
1665;0.002763;-0.007873;-0.007662
1666;-0.000156;-0.001849;-0.010168
1667;-0.005709;-0.009349;-0.010112
1668;0.005304;0.002189;-0.007465
1669;0.004432;-0.007023;-0.009589
1670;0.004174;-0.002251;-0.007132
1671;0.000252;-0.000544;-0.005742
1672;0.004213;-0.007910;-0.010000
1673;-0.011783;-0.001974;-0.009167
1674;-0.002401;-0.000985;-0.007214
1675;0.001107;-0.004291;-0.001182
1676;0.003289;-0.004386;-0.006777
1677;-0.000421;-0.005777;-0.009933
1678;0.010176;-0.003928;-0.006904
1679;0.003498;-0.000594;-0.001270
1680;-0.001752;-0.004860;-0.003000
1681;-0.003447;-0.005778;-0.004734
1682;-0.006717;-0.006702;-0.003341
1683;0.007054;0.002715;-0.002639
1684;-0.003513;-0.002068;-0.001547
1685;0.012455;0.000109;-0.006371
1686;0.014119;0.008596;0.006442
1687;-0.028327;-0.018703;-0.016227
1688;-0.006235;-0.013468;0.001456
1689;0.030064;-0.000370;-0.002298
1690;-0.025741;-0.017113;-0.022393
1691;-0.010912;-0.003425;-0.020586
