index;x;y;z
0;-0.155039;0.014609;-0.070445
1;0.195373;-0.013093;0.135709
2;0.103227;0.023073;0.068457
3;-0.083198;-0.024121;-0.046919
4;-0.061694;0.015229;-0.070777
5;0.026974;-0.027396;0.004354
6;0.016407;0.010650;0.037288
7;-0.010380;0.000552;0.009235
8;-0.025253;0.004918;-0.005353
9;-0.033501;-0.021558;0.010584
10;-0.022007;0.002943;0.028312
11;0.003867;-0.014461;0.041726
12;0.004575;-0.003753;0.025332
13;-0.033731;-0.017357;0.014439
14;-0.075960;-0.002494;0.011394
15;-0.079974;-0.021912;0.018954
16;-0.097876;-0.003827;-0.001407
17;0.220931;-0.006805;-0.035034
18;0.205154;0.045965;-0.044271
19;-0.075420;-0.015693;-0.045227
20;0.003328;0.005871;-0.039949
21;0.052509;0.003680;-0.002285
22;0.029377;-0.002198;0.026565
23;-0.004021;0.015424;-0.002512
24;-0.058348;0.000497;-0.019647
25;-0.088628;-0.031647;-0.002940
26;0.056690;-0.004288;-0.020664
27;0.122374;0.026575;-0.005931
28;0.029224;0.001931;-0.011029
29;-0.047140;-0.010963;-0.027220
30;-0.036570;-0.025030;0.004758
31;0.005002;0.002604;0.025283
32;0.015427;0.010563;0.001486
33;-0.010066;0.000399;-0.027634
34;-0.027173;-0.012410;-0.027374
35;0.018477;-0.018868;0.006208
36;0.008197;0.008457;0.022724
37;-0.004471;-0.004056;0.000811
38;0.013483;-0.001538;-0.022336
39;0.040763;-0.001909;-0.020964
40;0.053542;-0.011665;-0.013261
41;0.019653;-0.019727;-0.048814
42;-0.067995;-0.016157;0.001004
43;-0.111309;-0.019337;0.058305
44;-0.123325;-0.048375;0.064022
45;-0.172369;-0.059470;0.056997
46;-0.170436;-0.125595;0.126115
47;-0.118396;-0.165989;0.150330
48;-0.039824;-0.036242;0.097328
49;0.125042;0.021410;0.084774
50;0.201702;0.095142;0.102720
51;-0.005043;0.191241;0.001865
52;-0.193061;0.174094;-0.071729
53;-0.035383;0.065996;-0.117185
54;0.019441;-0.012572;-0.102392
55;0.014398;-0.010297;-0.078447
56;0.237131;-0.036662;-0.071603
57;0.242370;0.002970;-0.103436
58;0.205062;0.054062;-0.120939
59;0.239358;0.046619;-0.092333
60;0.196443;0.043312;-0.032708
61;0.240597;0.119970;-0.024701
62;0.229030;0.098133;0.024312
63;-0.205681;-0.491017;0.154434
64;-0.134516;0.164006;-0.212570
65;0.035504;-0.028264;0.015027
66;0.124634;0.011936;0.018486
67;-0.164230;0.034866;0.098068
68;0.008223;-0.022772;0.054747
69;0.128124;-0.042962;0.037271
70;0.148788;-0.032855;-0.019871
71;0.058920;0.004083;0.018065
72;-0.000228;-0.001778;0.014385
73;-0.029977;-0.016248;0.001474
74;0.012483;-0.006479;0.010529
75;0.041599;-0.042473;0.006309
76;-0.033229;-0.037771;-0.015158
77;-0.101226;-0.151664;0.072805
78;-0.183707;-0.125502;0.084056
79;-0.211638;-0.221938;0.068240
80;-0.420782;-0.317122;0.065748
81;-0.511142;-0.256884;0.072505
82;-0.582025;-0.177313;0.080684
83;-0.446607;-0.160380;0.072217
84;-0.027778;-0.150635;0.181826
85;0.061132;-0.037143;0.142285
86;-0.254586;0.094735;0.091584
87;-0.394827;0.338460;-0.173390
88;-0.099401;0.101917;-0.165626
89;0.099309;-0.045971;-0.083446
90;0.207550;0.053235;-0.140009
91;0.270758;-0.134606;-0.024975
92;0.509822;-0.043134;-0.046041
93;0.408636;-0.063424;0.026097
94;0.338298;-0.041423;0.087536
95;0.456567;0.044891;-0.013526
96;0.379851;-0.161199;-0.023659
97;-0.005048;-0.457473;0.103565
98;0.151494;0.130889;-0.408060
99;0.108269;-0.001743;-0.123554
100;0.210208;0.103814;0.248222
101;0.143901;-0.101689;0.037426
102;-0.084165;-0.071788;-0.077109
103;-0.084213;-0.013389;0.059277
104;0.121744;0.019457;0.018871
105;0.020788;0.001324;0.027752
106;-0.065421;0.038670;0.019586
107;0.061803;-0.055893;0.009019
108;0.056091;0.014879;-0.026698
109;-0.067652;-0.115282;0.026213
110;-0.184685;-0.056290;0.089380
111;-0.255066;-0.159232;0.007381
112;-0.342479;-0.344272;0.130594
113;-0.423538;-0.478633;0.067172
114;-0.744109;-0.427468;-0.068927
115;-0.911489;-0.216457;-0.082785
116;-0.162595;-0.122641;0.062214
117;0.081294;-0.271277;0.280571
118;0.051071;-0.015453;0.139157
119;-0.155938;0.174412;0.193222
120;-0.320007;0.449994;-0.161562
121;-0.300996;0.366321;-0.158124
122;0.170557;-0.014839;-0.122923
123;0.320787;-0.030175;-0.133690
124;0.500846;-0.247465;0.007460
125;0.754464;-0.136846;-0.032398
126;0.696482;-0.217237;0.109345
127;0.674913;-0.011912;-0.076396
128;-0.091053;-0.485419;0.001425
129;0.166616;0.047161;-0.199344
130;0.035280;0.250434;-0.151750
131;0.410413;-0.135530;0.374886
132;0.202219;-0.044275;-0.033658
133;-0.090508;-0.090334;-0.015373
134;-0.076040;0.042742;0.082708
135;0.072011;0.036763;-0.024027
136;-0.071022;-0.106337;0.003433
137;-0.103211;0.009556;0.008597
138;-0.114028;-0.108824;-0.024588
139;-0.496055;-0.214511;0.105502
140;-0.240602;-0.330384;0.133750
141;-0.504892;-0.563349;0.196974
142;-1.170083;-0.727195;0.006081
143;-0.936128;-0.272242;0.027777
144;-0.070242;-0.182698;0.121389
145;0.083544;-0.072664;0.244701
146;0.129034;0.313839;0.030703
147;0.130703;0.358591;0.128245
148;-0.117415;0.723845;-0.139341
149;-0.276283;0.515840;-0.133106
150;0.069234;0.027227;-0.337893
151;0.725212;-0.560341;0.065599
152;1.020295;-0.243567;0.032719
153;0.582892;-0.105947;-0.151721
154;0.593463;-0.233360;-0.165416
155;-0.885048;-0.273600;0.014625
156;0.470034;0.086200;-0.428363
157;0.114329;0.166243;0.088091
158;0.702372;-0.004519;0.190154
159;-0.100995;-0.083901;-0.111504
160;-0.297730;-0.061134;0.027594
161;0.010209;0.070096;0.027485
162;0.178251;-0.024028;0.009135
163;-0.120967;-0.037496;-0.047582
164;-0.199305;-0.077672;-0.020179
165;-0.382688;-0.098784;0.065937
166;-0.418215;-0.369964;0.145581
167;-0.533615;-0.409697;0.160106
168;-0.866361;-0.932639;0.236438
169;-0.978423;-0.477286;0.139696
170;-0.249616;-0.170960;0.074546
171;-0.153158;0.019885;0.034396
172;0.084723;0.172267;0.030436
173;0.079264;0.461850;0.084093
174;0.154810;0.507141;-0.061649
175;-0.011354;0.650685;-0.090141
176;0.137823;0.185756;-0.273190
177;0.316610;-0.388455;-0.167958
178;0.893141;-0.427919;0.245189
179;0.510096;-0.131470;-0.220468
180;0.710733;-0.124876;-0.076866
181;-0.433600;-0.649860;-0.245891
182;0.014302;0.018539;0.062070
183;0.677544;0.134934;-0.288887
184;0.578183;-0.007917;0.414381
185;0.256628;-0.023946;0.000457
186;-0.288247;-0.150620;-0.032827
187;-0.186455;0.050656;0.045964
188;0.113315;0.017981;0.048492
189;0.024686;-0.036270;-0.005217
190;-0.088208;-0.077185;-0.043003
191;-0.243069;-0.103666;-0.032216
192;-0.629716;-0.204432;0.053939
193;-0.442981;-0.420013;0.174323
194;-0.404156;-0.603045;0.217193
195;-0.942970;-0.743488;0.138407
196;-0.810335;-0.256540;0.204130
197;-0.332881;-0.297676;0.148862
198;-0.004918;0.023643;0.030469
199;-0.060131;0.277667;0.000570
200;0.107216;0.413803;0.101663
201;0.049210;0.349775;-0.040104
202;-0.037768;0.599712;-0.109921
203;0.226945;0.086669;-0.227920
204;0.632263;-0.469824;0.107033
205;1.119052;-0.186131;0.125684
206;0.293448;-0.202060;-0.199657
207;0.481611;-0.119892;-0.304015
208;-0.904626;-0.363485;-0.177233
209;0.432268;0.303291;-0.188536
210;0.709922;0.133127;0.034697
211;0.698799;-0.078777;0.094791
212;-0.209022;-0.141056;-0.055369
213;-0.118745;-0.039715;-0.040648
214;0.127319;0.019726;0.024308
215;0.080608;-0.004946;0.031968
216;-0.164674;-0.017839;-0.004475
217;-0.171967;-0.069616;-0.044007
218;-0.509224;-0.055738;0.055422
219;-0.479942;-0.345694;0.137383
220;-0.273162;-0.351276;0.048419
221;-0.759757;-0.732032;0.201272
222;-1.234717;-0.680411;0.123574
223;-0.633757;-0.239240;-0.029263
224;-0.183469;-0.179292;0.123605
225;0.126598;0.023062;0.194699
226;0.206295;0.511738;0.002939
227;0.255574;0.294247;0.214565
228;0.060721;0.717151;-0.105009
229;-0.045750;0.522679;-0.198835
230;0.071537;-0.032329;-0.394204
231;0.717052;-0.766817;0.437934
232;0.836695;-0.058321;-0.199583
233;0.381830;-0.137452;-0.060833
234;0.214030;-0.542451;0.152416
235;-0.468724;0.082204;0.051869
236;0.593658;0.250305;-0.287745
237;0.261375;-0.031176;-0.060883
238;0.447978;-0.022148;0.151528
239;-0.041538;-0.158687;-0.127806
240;-0.089124;-0.061732;0.091761
241;0.081731;0.046843;-0.011146
242;0.026369;-0.045026;-0.006510
243;-0.102900;-0.024056;-0.002597
244;-0.150201;-0.064966;0.021873
245;-0.537365;-0.068929;0.014769
246;-0.609438;-0.411472;0.149462
247;-0.429744;-0.408427;0.122030
248;-0.868441;-1.144889;0.315954
249;-1.140256;-0.547745;0.294336
250;-0.396656;-0.239414;0.090039
251;-0.105307;0.109878;0.041713
252;0.187295;0.131886;0.023588
253;0.062240;0.467180;0.025024
254;0.109890;0.528288;-0.076889
255;-0.002344;0.695818;-0.112075
256;0.385414;0.149520;-0.137934
257;0.491323;-0.286259;-0.115503
258;0.890540;-0.524678;0.382898
259;0.578673;-0.082609;-0.181349
260;0.791580;-0.108697;-0.261960
261;-0.931109;-0.877155;-0.368323
262;0.065344;0.352557;0.072787
263;0.853408;0.137759;-0.059929
264;0.930903;-0.121371;0.222230
265;0.135277;-0.077724;-0.103506
266;-0.383976;-0.177263;-0.046150
267;-0.033667;0.039340;0.040919
268;0.143195;0.003158;0.042483
269;-0.087120;-0.088138;0.020957
270;-0.254973;-0.064660;-0.016272
271;-0.717949;-0.171332;-0.000971
272;-0.507092;-0.409652;0.096647
273;-0.334578;-0.433424;0.073025
274;-0.764243;-0.993252;0.214615
275;-0.961234;-0.571465;0.256458
276;-0.461917;-0.144349;0.076982
277;-0.117039;-0.043030;0.047676
278;-0.000663;0.055243;0.097206
279;0.156740;0.552841;0.125276
280;0.388553;0.292479;0.004963
281;0.125176;0.674450;-0.012669
282;-0.023886;0.432812;-0.421229
283;-0.088246;-0.263911;-0.288372
284;1.088595;-0.795130;0.585540
285;0.866193;0.022528;-0.144089
286;0.670786;-0.180302;0.078730
287;-0.498959;-0.827065;-0.315869
288;0.216129;0.314266;-0.017107
289;0.685073;0.123996;-0.165227
290;0.500675;-0.089691;0.330280
291;0.236513;0.070552;0.082959
292;-0.133516;-0.140117;-0.082514
293;-0.100170;-0.015329;0.053120
294;0.069083;0.028056;0.014734
295;-0.012045;-0.011498;-0.010072
296;-0.232823;-0.081571;0.008516
297;-0.384241;-0.077425;0.025753
298;-0.556507;-0.394903;0.101794
299;-0.488802;-0.517465;0.067123
300;-0.662141;-0.868181;0.308119
301;-1.209655;-0.668753;0.243131
302;-0.535975;-0.175890;0.040313
303;-0.310051;-0.108634;0.119447
304;0.076281;0.003787;0.099683
305;0.108343;0.370912;-0.028119
306;0.182956;0.388532;-0.011466
307;0.087154;0.659329;-0.104078
308;0.113870;0.481915;-0.291298
309;0.180130;-0.021289;-0.237895
310;0.576251;-0.752181;0.124682
311;0.722000;-0.261038;0.016448
312;0.637875;-0.110779;0.061355
313;0.214818;-0.771517;0.031785
314;-0.280123;-0.098920;-0.230522
315;0.475131;0.462498;-0.419067
316;0.294313;-0.081306;0.396692
317;0.645746;-0.003931;0.122304
318;-0.068822;-0.105348;-0.100767
319;-0.203481;-0.071999;-0.000789
320;0.038359;0.037735;0.025284
321;0.060554;0.020254;0.080263
322;-0.100522;-0.040078;0.016683
323;-0.237946;-0.077947;0.011196
324;-0.662126;-0.281375;0.004401
325;-0.599141;-0.567996;0.083044
326;-0.751525;-0.733442;0.042365
327;-1.545924;-0.919569;0.093994
328;-0.783709;-0.306830;-0.042909
329;-0.039596;-0.313176;0.246854
330;0.061698;0.072239;0.159558
331;0.362086;0.498382;0.095042
332;0.078179;0.445407;0.241683
333;-0.008057;0.874629;-0.131454
334;-0.051238;0.641099;-0.193704
335;0.168869;-0.133253;-0.224851
336;0.793720;-1.047866;0.771860
337;0.923031;0.051209;-0.218520
338;0.592412;-0.245041;0.170724
339;-0.256300;-0.850466;-0.224408
340;-0.768622;0.237320;-0.085139
341;0.780359;0.611564;0.175812
342;1.034590;-0.146005;0.371680
343;0.532762;0.089717;0.074196
344;-0.647575;-0.360199;-0.059585
345;-0.141042;0.133773;-0.079983
346;0.273809;-0.020351;0.094780
347;0.114842;-0.037947;-0.006677
348;-0.290951;-0.156055;0.039881
349;-0.329486;-0.048610;0.028331
350;-0.534749;-0.325226;-0.085899
351;-0.567508;-0.429792;-0.012940
352;-0.657314;-0.737537;0.228807
353;-1.256733;-0.815775;-0.090952
354;-0.710728;-0.356565;0.075180
355;-0.324389;-0.256545;-0.006628
356;-0.019138;-0.028296;0.092262
357;0.242688;0.637079;-0.065762
358;0.249426;0.161299;0.097145
359;0.027611;0.789942;-0.151786
360;-0.076595;0.561642;-0.254155
361;0.021416;-0.217018;-0.231966
362;0.869997;-0.854187;0.664829
363;0.966121;0.015299;0.082462
364;0.522910;-0.125856;0.087945
365;-0.180054;-1.236151;-0.145731
366;-0.338068;0.372620;-0.053780
367;0.612275;0.532331;-0.074245
368;0.794681;-0.050109;0.200771
369;0.540886;0.086770;0.229499
370;-0.475923;-0.295550;-0.156602
371;-0.255717;0.016489;0.024545
372;0.188959;0.067320;0.055170
373;0.149907;-0.015956;-0.021267
374;-0.124958;-0.097798;0.011633
375;-0.167947;-0.095812;0.006523
376;-0.545917;-0.177792;-0.084975
377;-0.682625;-0.476155;0.057227
378;-0.478104;-0.523142;0.064388
379;-1.076452;-1.008944;0.063987
380;-1.108009;-0.616977;0.159681
381;-0.448468;-0.170297;0.111156
382;0.177172;0.007959;0.142583
383;0.369744;0.357097;-0.035411
384;0.169270;0.408492;0.107793
385;0.011537;0.695032;-0.082388
386;-0.163141;0.702424;-0.187491
387;0.017865;0.074923;-0.232462
388;0.136905;-0.781371;0.032661
389;0.836115;-0.274166;0.212794
390;0.728519;-0.159999;-0.081036
391;0.807727;-0.101294;-0.207548
392;-1.071624;-1.462801;-0.601616
393;0.290941;0.172132;-0.101214
394;1.155469;0.282554;-0.082460
395;0.962184;-0.106085;0.462683
396;-0.025446;0.063878;-0.048130
397;-0.478394;-0.113403;-0.105216
398;-0.276307;0.002354;-0.122537
399;0.273011;0.101322;0.150517
400;0.120497;-0.111072;-0.029444
401;-0.227711;-0.003310;-0.024067
402;-0.298908;-0.064750;-0.018124
403;-0.459016;-0.313672;0.093476
404;-0.380363;-0.456507;0.125392
405;-0.535173;-0.880544;0.167196
406;-1.459257;-0.700707;-0.092408
407;-0.838233;-0.333595;0.074399
408;-0.198468;-0.025515;0.083762
409;0.127729;0.047206;0.196477
410;0.252544;0.494359;-0.034567
411;0.175654;0.267792;0.146063
412;-0.164602;0.645128;-0.072529
413;-0.140839;0.539112;-0.256827
414;0.076253;-0.099537;-0.231966
415;0.533665;-0.676177;0.257812
416;0.760631;-0.130879;-0.010882
417;0.485204;-0.129552;0.158742
418;0.521750;-0.609729;-0.089453
419;-0.695101;-0.074586;-0.392148
420;0.553773;0.871444;0.051626
421;1.019207;-0.351647;0.578267
422;0.733220;0.099763;0.082852
423;-0.487553;-0.201162;-0.099970
424;-0.403467;0.035304;-0.021105
425;0.149253;0.052825;0.037504
426;0.196789;-0.018776;0.017126
427;-0.184471;-0.058354;0.008593
428;-0.238382;-0.129709;-0.089271
429;-0.197084;-0.093606;-0.001075
430;-0.383563;-0.257023;-0.027529
431;-0.470735;-0.458397;-0.025627
432;-0.510493;-0.608286;-0.110894
433;-1.321043;-0.912606;-0.123722
434;-0.750263;-0.288287;0.087007
435;-0.158849;-0.395322;0.271906
436;0.125612;0.077561;0.214400
437;0.206795;0.461488;0.161055
438;0.034947;0.377411;0.073285
439;-0.148887;0.732690;-0.135079
440;0.006071;0.488608;-0.128413
441;0.430010;-0.142135;-0.199939
442;0.750011;-0.650276;0.495636
443;0.842008;-0.045241;0.003372
444;0.433022;-0.127795;0.078703
445;0.256591;-0.651629;0.169005
446;-0.685946;-0.157063;-0.395065
447;0.573475;0.643062;-0.397962
448;0.642623;-0.082389;0.536107
449;0.784577;0.050246;0.126706
450;-0.357748;-0.123458;-0.005129
451;-0.302392;-0.058015;-0.040256
452;0.171628;0.072767;-0.020248
453;0.184106;-0.009338;0.047226
454;-0.172742;-0.037585;0.115831
455;-0.185554;0.012816;0.046831
456;-0.126506;-0.117125;-0.031245
457;-0.549833;-0.289061;-0.008267
458;-0.799414;-0.449037;0.023196
459;-0.722794;-0.772080;-0.039214
460;-1.102931;-0.837725;-0.052210
461;-0.517739;-0.324107;0.123328
462;-0.201082;-0.065126;0.112774
463;0.188577;0.052469;0.098359
464;0.151753;0.549795;-0.102227
465;0.176719;0.293567;0.014030
466;-0.154812;0.583274;-0.156756
467;-0.193904;0.401602;-0.246948
468;0.130025;-0.231824;-0.257495
469;0.723760;-0.533223;0.363832
470;0.877721;-0.065588;0.054185
471;0.644153;-0.021072;0.152927
472;-0.046573;-1.579276;-0.148853
473;-0.413034;0.359121;-0.275967
474;0.708218;0.790104;-0.143422
475;0.683930;-0.423736;0.372256
476;0.510449;0.054577;0.027385
477;-0.372309;-0.166460;-0.008050
478;-0.136403;-0.014432;-0.059018
479;0.153077;0.033692;0.021727
480;0.002331;-0.017344;0.094007
481;-0.118033;-0.020827;0.009818
482;-0.119563;-0.017467;0.017011
483;-0.281928;-0.219225;0.043833
484;-0.572431;-0.338592;-0.005609
485;-0.707467;-0.510464;-0.015177
486;-1.101348;-1.066699;0.125404
487;-0.893351;-0.493262;0.282670
488;-0.125302;-0.148762;0.202753
489;0.143090;-0.073367;0.180600
490;0.122346;0.448609;-0.072387
491;0.006356;0.261310;0.029010
492;-0.172694;0.504040;-0.067053
493;-0.130119;0.428105;-0.163783
494;0.131431;0.053164;-0.232525
495;0.504365;-0.285511;0.037558
496;0.820498;-0.287813;0.240724
497;0.396209;-0.071824;-0.169321
498;0.752285;-0.161032;-0.043596
499;-0.496665;-1.128078;-0.400749
500;0.145699;0.199202;-0.000162
501;0.908461;0.425632;-0.251851
502;0.857238;-0.331539;0.299671
503;0.208620;0.019617;0.010136
504;-0.336311;-0.172500;0.009428
505;0.013736;0.064578;-0.037700
506;0.164905;-0.008747;0.038036
507;-0.043771;0.005007;0.028844
508;-0.104515;-0.048636;0.022966
509;-0.210788;-0.103477;-0.019359
510;-0.659865;-0.202457;0.010355
511;-0.614722;-0.422145;0.032040
512;-0.437859;-0.596302;0.070112
513;-1.298924;-0.905547;-0.015513
514;-1.012330;-0.493074;0.315740
515;-0.128276;-0.254453;0.217190
516;0.188996;-0.097149;0.264050
517;0.405368;0.503929;0.021374
518;0.113290;0.245198;0.189857
519;-0.180110;0.696541;-0.093351
520;-0.126663;0.513698;-0.080486
521;0.149253;0.058090;-0.234842
522;0.571069;-0.327269;0.131644
523;0.967838;-0.151314;0.232548
524;0.507737;-0.092737;-0.119768
525;0.696778;-0.156892;-0.063767
526;-0.901500;-0.845149;-0.134447
527;0.389377;0.359135;-0.308468
528;1.057297;0.255985;0.107428
529;0.904220;-0.138054;0.229547
530;-0.194835;-0.039578;-0.067905
531;-0.325669;-0.122457;-0.094811
532;0.084828;0.025722;0.003600
533;0.209884;0.008396;0.043333
534;-0.016221;-0.063779;-0.036168
535;-0.133652;-0.054946;0.007522
536;-0.240690;-0.111057;0.025966
537;-0.464502;-0.175239;0.033700
538;-0.580001;-0.353130;0.030156
539;-0.639189;-0.677841;0.045832
540;-1.361584;-0.788499;-0.086907
541;-0.830225;-0.464527;0.273994
542;-0.126851;-0.343572;0.136470
543;0.158461;0.014627;0.116087
544;0.423577;0.468062;-0.003705
545;0.130504;0.269566;0.214283
546;-0.066808;0.731078;-0.146079
547;-0.134394;0.439859;-0.201458
548;0.003706;0.020562;-0.263389
549;0.565674;-0.662747;0.375431
550;1.132989;0.002940;0.237497
551;0.580910;-0.108188;0.037979
552;0.647631;-0.040535;-0.034746
553;-0.928407;-0.587247;-0.036456
554;0.508032;0.458836;-0.378052
555;0.723839;0.047548;0.118420
556;0.906043;-0.095315;0.201204
557;-0.212459;-0.044779;-0.073246
558;-0.330089;-0.110152;-0.115178
559;-0.013675;0.028797;0.055458
560;0.166445;0.020324;0.042878
561;-0.043494;0.001659;0.002163
562;-0.070911;-0.104938;-0.018268
563;-0.162588;-0.105103;0.047550
564;-0.561385;-0.282434;0.031034
565;-0.687586;-0.483121;0.026461
566;-0.573296;-0.755838;-0.077798
567;-1.391017;-0.998453;-0.033348
568;-0.712268;-0.255866;0.040702
569;-0.000081;-0.242041;0.126283
570;0.297797;0.068566;0.120847
571;0.397151;0.577058;0.035151
572;0.059410;0.390858;0.085999
573;-0.098258;0.747692;-0.197276
574;-0.214198;0.480119;-0.314452
575;-0.062579;-0.117618;-0.364134
576;0.489457;-0.738260;0.264274
577;0.912067;-0.034676;0.137282
578;0.775121;-0.024840;0.266870
579;0.046481;-0.999132;-0.196381
580;-0.218838;0.127744;-0.410841
581;0.603845;0.620770;-0.201402
582;0.665293;-0.273251;0.517964
583;0.470955;0.096738;0.030179
584;-0.366726;-0.151281;-0.063223
585;-0.207913;0.020044;0.028587
586;0.072054;0.103071;0.083562
587;-0.005685;-0.047283;0.038963
588;-0.100869;-0.076922;-0.011328
589;-0.108643;-0.112085;-0.065754
590;-0.304663;-0.216132;-0.013266
591;-0.786559;-0.330100;-0.018980
592;-0.695499;-0.571494;-0.015898
593;-0.880128;-0.961968;-0.113552
594;-0.878411;-0.654054;0.211877
595;-0.326688;-0.269560;0.109704
596;0.107305;0.008982;0.082168
597;0.227834;0.335761;-0.182072
598;0.118424;0.367690;0.001145
599;0.016065;0.436696;-0.015094
600;-0.107068;0.642028;-0.265847
601;-0.266358;0.243577;-0.343939
602;0.183972;-0.469173;-0.067815
603;0.904199;-0.378209;0.449637
604;0.830860;-0.093140;0.102628
605;0.875831;0.112381;0.168829
606;-0.409425;-1.719963;-0.496648
607;-0.024102;0.580274;-0.218358
608;0.755049;0.342604;0.058361
609;0.782850;-0.262553;0.362022
610;0.141544;0.137682;0.020756
611;-0.402712;-0.181582;-0.052396
612;0.054857;0.025679;-0.082753
613;0.215967;0.010044;0.065032
614;-0.025404;-0.063949;0.021624
615;-0.167971;-0.087826;-0.029661
616;-0.231147;-0.169451;-0.030543
617;-0.577618;-0.211102;-0.040049
618;-0.748112;-0.498136;-0.028480
619;-0.354248;-0.744552;-0.018567
620;-0.936240;-0.690635;-0.009075
621;-0.673296;-0.341477;0.049185
622;-0.346438;-0.211762;0.049963
623;0.107456;-0.029144;0.136821
624;0.145351;0.610674;-0.092165
625;0.216890;-0.026891;0.223828
626;-0.055488;0.637276;-0.112674
627;-0.087322;0.428906;-0.202007
628;-0.105542;-0.018852;-0.290566
629;0.472110;-0.695695;0.273844
630;1.032331;0.018251;0.110589
631;0.581033;-0.126622;-0.070575
632;0.895925;0.129238;-0.403227
633;-1.433936;-2.021318;-0.376027
634;0.298042;0.653982;-0.420191
635;1.174706;0.224687;0.148836
636;0.993734;-0.183189;0.267599
637;-0.216164;0.021316;-0.190901
638;-0.512161;-0.189710;-0.106406
639;0.080484;0.092464;0.073664
640;0.285523;0.069408;0.038981
641;-0.033646;-0.113206;-0.044050
642;-0.281347;-0.094445;-0.058620
643;-0.224548;-0.159217;-0.029982
644;-0.603449;-0.312439;-0.070534
645;-0.788654;-0.474807;-0.143393
646;-0.684512;-0.665046;-0.158482
647;-1.252849;-0.852255;-0.063179
648;-0.511749;-0.189094;0.060576
649;-0.120137;-0.302002;0.221773
650;0.101324;0.140261;0.189879
651;0.299721;0.459914;0.257479
652;0.050539;0.276143;0.353793
653;-0.085763;0.691571;-0.062089
654;-0.045776;0.463241;-0.003700
655;0.303343;-0.046070;-0.038819
656;0.660527;-0.291312;0.278928
657;0.754343;-0.120423;0.015413
658;0.292535;-0.028940;-0.180238
659;0.353540;-0.498654;0.000778
660;-0.602911;0.133052;-0.227604
661;0.810400;0.382873;-0.233817
662;0.939319;-0.014702;0.158438
663;0.537986;-0.059499;0.110890
664;-0.414332;-0.220061;-0.091588
665;-0.158129;0.074014;-0.031722
666;0.156155;0.015138;0.042068
667;0.150569;0.008731;-0.032939
668;-0.039366;-0.110699;-0.013194
669;-0.061598;-0.056519;0.044042
670;-0.410121;-0.186839;-0.019835
671;-0.747423;-0.306888;-0.061123
672;-0.608867;-0.492035;-0.080675
673;-0.652217;-0.911337;-0.152774
674;-1.232414;-0.754743;0.022242
675;-0.486531;-0.236333;0.058630
676;0.070004;-0.149885;0.070315
677;0.334127;0.279230;-0.150457
678;0.167109;0.266529;0.022880
679;-0.109502;0.548087;-0.084823
680;-0.267476;0.641689;-0.254996
681;-0.136070;0.094285;-0.305107
682;0.263744;-0.177450;-0.254477
683;0.613423;-0.647577;0.354586
684;0.864771;0.007397;0.076960
685;0.748422;0.068360;0.187589
686;-0.036119;-1.361629;-0.330996
687;-0.185501;0.193252;-0.369931
688;0.582296;0.526984;-0.204831
689;0.603003;-0.248067;0.647118
690;0.465407;0.102711;0.004137
691;-0.209562;-0.140051;-0.170807
692;-0.193506;-0.001205;-0.021910
693;0.072786;0.068519;0.043868
694;0.026956;-0.039677;0.001086
695;-0.128314;-0.109917;0.003096
696;-0.097760;-0.080843;-0.059227
697;-0.335326;-0.210719;0.048896
698;-0.633540;-0.300950;0.014550
699;-0.674253;-0.511237;-0.012890
700;-0.897384;-1.162824;-0.078610
701;-1.036071;-0.532600;0.155356
702;-0.310629;-0.158696;0.075397
703;0.096575;-0.093158;0.165249
704;0.239584;0.398440;-0.145564
705;0.097450;0.271867;0.043082
706;-0.050162;0.482806;0.015722
707;-0.035823;0.624058;-0.186916
708;0.009677;0.169240;-0.206929
709;0.286985;-0.215675;-0.167061
710;0.675205;-0.373938;0.306431
711;0.680658;-0.140339;0.008895
712;0.700063;-0.036890;0.006881
713;-0.500661;-1.446664;-0.477525
714;-0.040285;0.341123;-0.214079
715;1.033641;0.147769;-0.192868
716;0.707875;0.036632;0.331515
717;0.241262;0.024781;0.179508
718;-0.451492;-0.173095;-0.089748
719;-0.114218;0.027783;-0.081770
720;0.169322;0.014675;0.082863
721;0.059151;-0.029578;-0.019160
722;-0.107795;-0.102000;-0.058774
723;-0.095757;-0.151306;-0.051759
724;-0.450079;-0.137017;-0.068905
725;-0.642285;-0.352822;-0.048384
726;-0.737716;-0.551998;0.012725
727;-1.093852;-0.965261;-0.059644
728;-0.873038;-0.581301;0.134170
729;-0.366232;-0.304212;0.019889
730;0.120180;-0.099820;0.136640
731;0.283840;0.436410;-0.150972
732;0.242951;0.167152;0.042460
733;-0.024599;0.595844;-0.114092
734;-0.100631;0.603577;-0.201884
735;-0.160576;0.092999;-0.267250
736;0.387191;-0.421691;0.026492
737;1.130844;-0.265755;0.416838
738;0.748865;0.088430;0.050062
739;0.747824;0.063614;0.030419
740;-0.555536;-1.881275;-0.192245
741;0.201053;0.655516;-0.449577
742;1.024307;0.039971;0.097325
743;0.936100;-0.155628;0.276552
744;-0.130311;0.105994;0.017312
745;-0.420128;-0.170645;-0.068421
746;0.026647;0.083931;0.017714
747;0.170459;-0.002518;0.022926
748;-0.130989;-0.076231;-0.026519
749;-0.146066;-0.101856;-0.041447
750;-0.050112;-0.098617;-0.008392
751;-0.423957;-0.233480;-0.040237
752;-0.754033;-0.356800;0.019661
753;-0.614478;-0.694421;0.062711
754;-1.308938;-0.887339;-0.032528
755;-0.810708;-0.388575;0.124607
756;-0.144023;-0.304511;0.066801
757;0.175587;0.032553;0.065186
758;0.229652;0.496688;-0.051092
759;0.138967;0.244082;0.124789
760;-0.024756;0.690772;-0.153830
761;-0.054893;0.447424;-0.159543
762;-0.055359;0.104765;-0.427376
763;0.325507;-0.553016;0.083576
764;1.183152;-0.209916;0.289530
765;0.811890;0.057936;0.011491
766;0.317750;-0.366573;0.306508
767;-0.731898;-0.140874;-0.418464
768;0.579536;0.894458;-0.293510
769;0.849236;-0.510496;0.461293
770;0.828919;0.110137;0.055387
771;-0.333334;-0.128068;-0.191809
772;-0.320868;-0.049634;-0.045597
773;0.135376;0.079785;-0.000475
774;0.230474;0.022379;-0.020221
775;-0.098430;-0.070062;-0.028108
776;-0.198167;-0.119229;-0.025198
777;-0.213797;-0.069113;-0.023519
778;-0.304404;-0.230744;-0.063410
779;-0.599824;-0.505117;0.023821
780;-0.568856;-0.716180;0.125495
781;-1.135278;-0.766965;-0.077590
782;-0.897934;-0.398549;0.129632
783;-0.214135;-0.323820;0.064655
784;0.066954;-0.087184;0.090445
785;0.249597;0.371217;-0.111031
786;0.094656;0.191215;0.074587
787;-0.130909;0.615320;-0.149306
788;-0.129480;0.538282;-0.246175
789;-0.042151;0.067384;-0.510235
790;0.391834;-0.459679;-0.096221
791;1.175449;-0.327691;0.258990
792;1.126604;0.245760;0.239781
793;0.189757;-1.315477;0.037525
794;0.180983;0.397500;-0.399428
795;0.688356;0.483938;-0.235994
796;0.395462;-0.497439;0.321926
797;0.360605;0.245315;0.001321
798;-0.227147;-0.257588;-0.035497
799;-0.215463;-0.050324;-0.023446
800;0.032104;0.060604;0.043896
801;-0.072887;-0.074342;0.009029
802;-0.203452;-0.082957;-0.030974
803;-0.210215;-0.113403;-0.030768
804;-0.467745;-0.248108;-0.034746
805;-0.741283;-0.381404;0.032666
806;-0.638495;-0.887709;0.013712
807;-1.374752;-0.910301;0.071984
808;-0.565234;-0.491086;0.231250
809;0.120546;-0.212819;0.117702
810;0.117444;0.273141;-0.061654
811;-0.013143;0.258963;-0.009726
812;-0.242159;0.563111;-0.151254
813;-0.109228;0.516903;-0.215962
814;0.146715;0.242057;-0.175593
815;0.495868;-0.060901;-0.147796
816;0.848189;-0.613232;0.251653
817;0.861608;-0.061669;0.034751
818;0.882176;0.062763;-0.111798
819;-0.542006;-1.770136;-0.293082
820;0.239829;0.486840;-0.259273
821;1.036121;0.342485;-0.001440
822;0.892172;-0.365369;0.443507
823;0.093301;0.022371;-0.084992
824;-0.359268;-0.132516;-0.106911
825;-0.065120;0.018271;0.033667
826;0.204554;0.089622;0.048833
827;-0.043241;-0.020022;0.014494
828;-0.211540;-0.110034;-0.040307
829;-0.356652;-0.031744;-0.067325
830;-0.545795;-0.282042;0.031032
831;-0.425980;-0.411342;0.058733
832;-0.618698;-0.692258;0.247955
833;-1.336200;-0.641328;0.014321
834;-0.713440;-0.251023;-0.003201
835;0.061651;-0.457053;0.108506
836;0.054388;-0.042562;0.069409
837;0.009042;0.426832;-0.047986
838;-0.064358;0.184790;0.055010
839;-0.175725;0.616445;-0.197421
840;-0.022250;0.551290;-0.138834
841;0.284928;0.105981;-0.151950
842;0.627418;-0.335658;0.038622
843;0.907368;-0.256575;0.084715
844;0.482263;-0.229082;-0.266440
845;0.704357;-0.236003;-0.142407
846;-0.909819;-0.473125;-0.113791
847;0.501473;0.586953;-0.397165
848;0.894221;-0.183769;0.182957
849;0.601179;0.042304;0.040563
850;-0.364576;-0.125100;-0.100586
851;-0.256207;-0.066097;-0.031706
852;0.153783;0.042990;0.014120
853;0.132562;0.010711;-0.015144
854;-0.156866;-0.108222;-0.026857
855;-0.287116;-0.041185;-0.046507
856;-0.306533;-0.144440;-0.065971
857;-0.598935;-0.356545;0.022080
858;-0.568510;-0.445872;0.149481
859;-0.731491;-1.034542;0.143085
860;-1.179304;-0.515303;0.070689
861;-0.309022;-0.309505;0.054863
862;-0.062235;-0.109901;0.050950
863;0.100762;0.270489;-0.092849
864;0.025436;0.365002;-0.022249
865;0.014566;0.485528;-0.023343
866;-0.019667;0.670993;-0.226266
867;0.131359;0.292809;-0.230054
868;0.213977;-0.153762;-0.394765
869;0.523923;-0.749005;0.189183
870;0.835381;-0.160055;-0.053793
871;0.898687;0.000222;-0.155213
872;-0.602838;-1.140728;-0.082785
873;0.384144;0.422981;-0.343607
874;0.501531;0.286310;-0.062102
875;0.648895;-0.286308;0.240517
876;0.025839;0.075962;-0.111584
877;-0.169096;-0.187211;-0.071975
878;0.016260;-0.003677;0.004749
879;0.106725;0.018970;-0.023168
880;-0.095952;-0.091880;-0.045553
881;-0.166830;-0.047853;-0.008968
882;-0.203730;-0.193174;-0.098917
883;-0.729505;-0.297636;0.038708
884;-0.663605;-0.481396;0.131552
885;-0.550586;-0.934513;0.094644
886;-1.160473;-0.554396;0.083171
887;-0.518139;-0.296855;0.011251
888;-0.025789;-0.211737;0.091152
889;0.039964;0.205074;-0.065397
890;0.053746;0.239086;0.020562
891;-0.064260;0.460816;-0.073451
892;0.011968;0.635198;-0.134376
893;0.218713;0.217903;-0.142035
894;0.378211;-0.184886;-0.184262
895;0.812879;-0.563911;0.219894
896;0.625123;-0.146765;-0.217787
897;0.764439;-0.087101;-0.218211
898;-0.343241;-1.096028;-0.392983
899;0.107512;0.141589;0.299362
900;1.133120;0.500443;-0.292328
901;0.676692;-0.304090;0.563842
902;0.103718;0.104950;-0.059575
903;-0.401033;-0.207101;-0.164765
904;-0.089252;0.020200;0.055802
905;0.184823;0.084296;0.002120
906;0.042502;-0.108599;-0.051835
907;-0.208143;-0.124194;-0.064070
908;-0.291008;-0.125113;-0.015396
909;-0.630744;-0.241325;-0.053079
910;-0.586154;-0.469808;0.011590
911;-0.613357;-0.773893;0.084083
912;-1.177730;-0.748986;0.039497
913;-0.615212;-0.358378;-0.031731
914;-0.203500;-0.191651;0.022328
915;-0.000365;0.010869;0.054117
916;0.145502;0.459252;-0.061340
917;0.262348;0.260962;0.000710
918;0.033213;0.751784;-0.177003
919;0.001801;0.549534;-0.278345
920;0.057263;-0.032038;-0.312238
921;0.500144;-0.899114;0.279610
922;1.104591;-0.063629;0.069143
923;0.729613;-0.141893;0.000500
924;0.045477;-1.108149;-0.239263
925;-0.384334;0.105927;-0.308624
926;0.510709;0.688612;-0.158504
927;0.652527;-0.339542;0.562412
928;0.430075;0.094727;-0.009351
929;-0.344717;-0.168924;-0.118602
930;-0.156273;-0.084690;-0.037015
931;0.128935;0.057891;0.003891
932;0.079630;-0.021483;-0.014823
933;-0.124281;-0.063355;-0.040102
934;-0.135139;-0.107576;-0.013021
935;-0.327073;-0.182227;-0.037609
936;-0.690646;-0.325697;-0.029501
937;-0.685620;-0.472818;-0.023762
938;-0.679525;-0.933827;0.015881
939;-1.003918;-0.831941;0.208403
940;-0.465013;-0.156786;0.056958
941;-0.061977;-0.106054;0.008561
942;0.192987;0.111441;0.017237
943;0.108285;0.543478;0.044642
944;0.271027;0.254390;0.071260
945;0.202150;0.723386;-0.095855
946;-0.013473;0.553722;-0.298404
947;-0.023628;-0.177705;-0.367442
948;0.928653;-0.849313;0.509928
949;0.992216;0.035564;-0.247236
950;0.534339;-0.158782;-0.218218
951;-0.750938;-1.552887;-0.482718
952;0.201282;0.534587;-0.120012
953;0.814023;0.238307;0.071748
954;0.810702;-0.242551;0.138279
955;0.089121;0.046024;-0.047230
956;-0.304944;-0.230833;-0.118256
957;-0.005126;0.033181;-0.006673
958;0.188933;0.032683;0.019739
959;-0.034149;-0.072312;-0.046653
960;-0.233797;-0.033323;-0.005956
961;-0.319203;-0.086792;-0.074029
962;-0.594008;-0.281295;-0.013207
963;-0.529019;-0.429279;0.043080
964;-0.469843;-0.660964;0.143754
965;-1.197854;-0.789324;0.054324
966;-0.790536;-0.453429;0.060034
967;-0.413822;-0.210273;0.036265
968;-0.069756;-0.061671;-0.017526
969;-0.026546;0.340469;-0.019250
970;0.098391;0.388764;0.158014
971;0.288437;0.375557;0.144014
972;0.331577;0.707973;-0.178038
973;0.249935;0.199556;-0.205342
974;0.645256;-0.803564;0.243174
975;0.775164;-0.042158;-0.292236
976;0.478024;-0.207005;-0.202035
977;0.027670;-0.528762;-0.107558
978;-0.272417;-0.142915;0.094927
979;1.173161;0.387160;-0.298663
980;0.573106;-0.166123;0.246219
981;0.285229;0.018212;0.113965
982;-0.359036;-0.156335;-0.131661
983;-0.174156;0.004051;-0.010078
984;0.119724;0.084070;0.063562
985;0.071597;-0.024275;-0.059149
986;-0.137118;-0.130265;-0.098943
987;-0.068488;-0.078614;0.000592
988;-0.394694;-0.176161;-0.135731
989;-0.778501;-0.470749;0.104929
990;-0.564595;-0.434972;0.156631
991;-0.851004;-0.930957;0.045839
992;-0.991519;-0.577431;0.184136
993;-0.566039;-0.322725;0.008405
994;-0.088397;-0.017075;0.046715
995;0.209898;0.237921;-0.082640
996;0.081364;0.340127;-0.024353
997;0.125468;0.459573;0.066334
998;0.168470;0.629473;-0.217995
999;0.070592;0.447544;-0.292943
1000;0.207615;-0.324371;-0.235256
1001;0.997013;-0.585067;0.308506
1002;0.666729;-0.162281;-0.178311
1003;0.751768;-0.157141;-0.206254
1004;-1.091809;-0.665677;-0.103368
1005;0.387486;0.460943;-0.135665
1006;0.902337;-0.016156;-0.197684
1007;0.826337;-0.177998;0.235374
1008;-0.147074;-0.061572;-0.139102
1009;-0.260619;-0.121937;-0.080322
1010;0.037936;0.027752;0.028517
1011;0.162506;0.030269;0.004681
1012;-0.156229;-0.130355;-0.042808
1013;-0.345902;-0.141150;-0.031513
1014;-0.504215;-0.215000;-0.074573
1015;-0.518548;-0.310591;-0.148763
1016;-0.644027;-0.511961;0.083364
1017;-1.099670;-1.151425;0.310682
1018;-0.772938;-0.594275;0.049405
1019;-0.329400;-0.126257;0.047759
1020;0.022995;0.002299;0.021128
1021;0.002100;0.087067;-0.051786
1022;0.167736;0.570607;0.061875
1023;0.154664;0.469456;-0.147528
1024;0.061246;0.554331;-0.201696
1025;0.004041;0.237696;-0.326630
1026;0.183696;-0.311243;-0.328276
1027;0.766197;-0.648505;0.459297
1028;1.195344;0.118053;-0.087134
1029;0.986345;0.295374;-0.156296
1030;-1.347949;-2.615747;-0.367513
1031;0.389530;0.833522;-0.420387
1032;0.832441;0.331666;0.012773
1033;0.773434;-0.368414;0.411481
1034;-0.063162;0.192640;-0.162544
1035;-0.360666;-0.289856;-0.135608
1036;0.012317;0.047465;0.015699
1037;0.209923;0.092887;0.004691
1038;-0.000992;-0.056367;-0.048455
1039;-0.225485;-0.119313;-0.084176
1040;-0.323774;-0.091633;0.031907
1041;-0.591296;-0.294388;0.028204
1042;-0.706128;-0.444216;0.044137
1043;-0.626094;-0.656073;0.020961
1044;-1.225345;-1.111447;0.035380
1045;-0.559673;-0.342172;0.084911
1046;0.030534;-0.118336;0.140706
1047;0.072155;0.049319;0.056120
1048;0.167066;0.532276;-0.048618
1049;0.136174;0.410901;0.072808
1050;0.012635;0.733741;-0.166521
1051;0.136161;0.622813;-0.156881
1052;0.428286;-0.047087;-0.038486
1053;0.812953;-0.750907;0.355412
1054;0.555524;-0.088262;-0.235494
1055;0.871834;0.004835;-0.173356
1056;-0.581017;-1.606215;-0.420011
1057;0.310966;0.375728;-0.126255
1058;0.858541;0.516737;-0.110302
1059;0.656424;-0.456403;0.481979
1060;0.118485;0.174271;-0.143366
1061;-0.386786;-0.223967;-0.086755
1062;-0.139739;-0.014881;0.046134
1063;0.154267;0.109932;0.006945
1064;0.100853;-0.084424;-0.055332
1065;-0.143151;-0.073163;-0.075122
1066;-0.265166;-0.124790;0.051919
1067;-0.584039;-0.180967;-0.041834
1068;-0.590812;-0.475334;0.052528
1069;-0.520232;-0.562682;0.165856
1070;-1.250230;-0.849566;0.132022
1071;-0.797089;-0.503326;-0.012580
1072;-0.298239;-0.204931;-0.015730
1073;0.067047;-0.026984;-0.003976
1074;0.163021;0.286169;-0.148350
1075;0.208931;0.353805;0.026620
1076;0.008801;0.697153;-0.148276
1077;-0.055458;0.626176;-0.277185
1078;0.019152;0.153226;-0.381515
1079;0.388217;-0.544723;-0.015649
1080;1.087370;-0.314676;0.125008
1081;0.891695;-0.047587;-0.143089
1082;0.549800;-0.280011;0.157459
1083;-0.964280;-0.297842;-0.092621
1084;0.555508;0.738247;-0.508804
1085;0.375085;-0.221252;0.340333
1086;0.652975;0.041223;0.061463
1087;-0.206026;-0.078370;-0.144740
1088;-0.080274;-0.130536;-0.091049
1089;0.120498;0.056009;-0.025411
1090;0.048558;-0.008461;-0.004047
1091;-0.118428;-0.062761;-0.071954
1092;-0.100829;-0.075975;-0.037190
1093;-0.271487;-0.142458;-0.035057
1094;-0.724136;-0.292918;0.075602
1095;-0.653361;-0.492537;0.131453
1096;-0.637200;-0.984672;0.046553
1097;-1.105854;-0.721911;0.191870
1098;-0.410347;-0.167518;0.044475
1099;-0.089517;-0.040241;0.011222
1100;0.036279;0.159339;-0.042575
1101;0.086166;0.331082;0.000715
1102;0.163540;0.461597;-0.014323
1103;0.158350;0.663960;-0.116783
1104;0.134860;0.302461;-0.264302
1105;0.193664;-0.224123;-0.313802
1106;0.911238;-0.652139;0.419307
1107;0.727115;-0.074807;-0.307806
1108;0.728634;-0.073307;-0.268772
1109;-0.850678;-1.301179;-0.639246
1110;0.254193;0.305997;0.148373
1111;1.200646;0.048982;-0.231778
1112;0.719496;-0.047592;0.332765
1113;-0.090815;-0.003633;0.000963
1114;-0.341040;-0.147834;-0.186966
1115;0.036882;-0.016250;0.021730
1116;0.161082;0.059586;0.021089
1117;-0.118530;-0.050761;-0.037184
1118;-0.082318;-0.159028;-0.067651
1119;-0.193105;-0.042246;-0.029354
1120;-0.659470;-0.214341;-0.027085
1121;-0.564652;-0.455639;0.083156
1122;-0.677370;-0.741503;0.259256
1123;-1.289122;-0.757795;-0.039042
1124;-0.727276;-0.437767;-0.020627
1125;-0.164094;-0.207977;0.068953
1126;0.096896;-0.012517;0.014532
1127;0.120764;0.494331;-0.100459
1128;0.158484;0.375292;0.070957
1129;0.058337;0.670843;-0.127984
1130;0.006647;0.689263;-0.263694
1131;0.177726;0.019665;-0.241396
1132;0.570971;-0.908444;0.301501
1133;0.944016;-0.042929;-0.138136
1134;0.627521;-0.215741;-0.146462
1135;0.028724;-0.775976;-0.133387
1136;-0.517735;0.021006;-0.064952
1137;0.596171;0.523828;-0.100567
1138;0.742087;-0.212656;0.228948
1139;0.412950;0.107039;0.114764
1140;-0.274360;-0.213419;-0.165720
1141;-0.101920;0.011869;-0.153146
1142;0.121919;0.020582;0.022334
1143;-0.002306;0.009536;-0.012365
1144;-0.179343;-0.069191;-0.057221
1145;-0.100446;-0.046583;-0.009466
1146;-0.328851;-0.163597;-0.048207
1147;-0.619116;-0.454289;0.016573
1148;-0.665297;-0.554484;0.004528
1149;-1.251935;-1.030404;-0.112396
1150;-0.988801;-0.741371;0.008637
1151;-0.183475;-0.083362;0.082796
1152;0.091326;0.039607;0.034457
1153;0.141714;0.270934;-0.014900
1154;0.055599;0.550562;0.062059
1155;0.126410;0.475023;0.073908
1156;0.078976;0.703652;-0.137881
1157;0.146230;0.231242;-0.222603
1158;0.191444;-0.557319;-0.071937
1159;0.702978;-0.388784;0.134471
1160;0.454666;-0.094874;-0.139309
1161;0.747305;-0.347350;0.053773
1162;-0.882322;-0.283066;-0.147971
1163;0.515299;0.658425;-0.257654
1164;1.140875;-0.208297;0.047832
1165;0.858167;0.007596;0.077344
1166;-0.329498;-0.171339;-0.016390
1167;-0.316386;0.004769;-0.099853
1168;0.128600;-0.015323;-0.000320
1169;0.159467;-0.022737;0.020287
1170;-0.142568;-0.067943;-0.000098
1171;-0.088739;-0.068003;-0.049221
1172;-0.359035;-0.132482;-0.096306
1173;-0.681112;-0.299850;-0.077721
1174;-0.446916;-0.459025;-0.034253
1175;-0.513473;-0.866659;0.117187
1176;-0.998302;-0.923119;0.165709
1177;-0.440587;-0.105479;-0.017135
1178;-0.175912;0.056092;-0.066469
1179;0.285057;0.001899;0.038217
1180;0.124349;0.609881;-0.166483
1181;0.111049;0.245026;0.060758
1182;0.015489;0.656858;-0.168921
1183;0.084258;0.297145;-0.218439
1184;0.009991;-0.279045;-0.377993
1185;0.615694;-0.419199;0.286331
1186;0.763556;-0.149797;0.017742
1187;0.747038;-0.146566;-0.047100
1188;0.522915;-0.117569;-0.130177
1189;-1.472203;-0.430734;-0.105036
1190;0.956236;0.486322;-0.330138
1191;0.725573;0.018511;0.403344
1192;0.712410;-0.013010;0.147175
1193;-0.538214;-0.232628;-0.094553
1194;-0.318762;0.061823;-0.127766
1195;0.206158;-0.021217;0.058548
1196;0.154416;0.067291;0.009422
1197;-0.232545;-0.090422;-0.072846
1198;-0.212170;-0.038704;-0.110660
1199;-0.141176;-0.159817;-0.025637
1200;-0.545119;-0.275567;-0.027299
1201;-0.705294;-0.507593;0.062521
1202;-0.807100;-1.006545;-0.029171
1203;-0.975688;-0.671180;0.030807
1204;-0.301799;-0.258115;0.073391
1205;-0.052175;-0.083969;0.007107
1206;0.065284;0.251597;-0.109974
1207;-0.030481;0.472593;-0.057643
1208;-0.016492;0.386937;0.038221
1209;-0.085372;0.582976;-0.185711
1210;0.143819;0.231780;-0.088445
1211;0.420356;-0.418485;-0.051836
1212;0.866441;-0.220259;0.199841
1213;0.362048;-0.291774;-0.194452
1214;0.848289;-0.119639;-0.049305
1215;-0.223833;-1.015599;-0.233545
1216;0.034790;0.133495;0.002721
1217;0.975928;0.527365;-0.124727
1218;0.993978;-0.281797;0.256213
1219;0.060307;0.064230;0.025625
1220;-0.468838;-0.191121;-0.133380
1221;0.061292;0.005668;-0.047488
1222;0.277713;-0.012872;0.035273
1223;0.021548;-0.039432;-0.012304
1224;-0.213629;-0.101554;-0.047451
1225;-0.272440;-0.062760;-0.088748
1226;-0.581188;-0.202978;-0.066587
1227;-0.558920;-0.412018;-0.000321
1228;-0.391959;-0.587911;0.191233
1229;-1.167295;-0.884555;0.092418
1230;-0.851129;-0.439356;0.082113
1231;-0.227150;-0.379581;0.031719
1232;0.026599;0.013435;0.026228
1233;0.108622;0.424566;-0.096821
1234;0.104815;0.190100;0.068866
1235;-0.110512;0.606444;-0.157652
1236;0.118608;0.439388;-0.063455
1237;0.236976;0.165022;-0.368242
1238;0.512142;-0.372997;-0.043716
1239;0.866770;-0.198296;0.056547
1240;0.833551;-0.117844;-0.093557
1241;0.764673;-0.061066;-0.231581
1242;-0.935109;-0.866983;-0.184245
1243;0.334115;0.249959;-0.547432
1244;0.745947;-0.118830;0.091260
1245;0.792793;0.079961;0.082225
1246;-0.145112;-0.168043;-0.044915
1247;-0.212093;-0.084042;-0.155836
1248;0.034909;0.022137;0.044032
1249;0.148214;0.022818;0.001860
1250;-0.111351;-0.097773;-0.040134
1251;-0.220952;-0.068525;0.014129
1252;-0.432109;-0.102379;-0.151422
1253;-0.687115;-0.454978;0.012334
1254;-0.447001;-0.364958;-0.021326
1255;-0.592127;-0.852677;0.061758
1256;-0.974916;-0.639295;0.018364
1257;-0.524974;-0.244239;0.084456
1258;-0.157893;-0.194654;0.050642
1259;0.097961;0.098761;0.092315
1260;0.201661;0.517774;0.052209
1261;0.186536;0.275636;0.154683
1262;0.137911;0.710435;-0.076452
1263;0.050562;0.474101;-0.178871
1264;0.143059;-0.261450;-0.181975
1265;1.313832;-0.486041;0.713292
1266;0.744716;0.000431;-0.427307
1267;0.360457;-0.187943;-0.389638
1268;-0.459731;-0.875821;-0.197264
1269;-0.004125;0.130852;0.183398
1270;1.379469;0.408960;-0.305515
1271;0.677689;-0.254417;0.281647
1272;0.088140;0.079490;-0.025195
1273;-0.532441;-0.239120;-0.157839
1274;-0.030376;0.021843;-0.001553
1275;0.269938;0.038974;0.025884
1276;-0.074069;-0.091932;-0.041347
1277;-0.283113;-0.111539;-0.097120
1278;-0.144451;-0.113246;0.008635
1279;-0.537498;-0.217116;-0.038757
1280;-0.701355;-0.446783;0.054810
1281;-0.608156;-0.582998;0.145915
1282;-1.306733;-0.809730;0.006799
1283;-0.771047;-0.545268;-0.049828
1284;-0.166830;-0.380030;0.060138
1285;0.116056;0.021327;-0.006811
1286;0.300309;0.417423;-0.095560
1287;0.082553;0.365493;-0.119539
1288;-0.037673;0.713335;-0.226614
1289;0.018692;0.451945;-0.246491
1290;0.148460;-0.064294;-0.377815
1291;0.636568;-0.630797;0.196615
1292;1.040502;-0.121435;0.143931
1293;0.911907;0.119979;0.036789
1294;0.053726;-1.438739;-0.253502
1295;0.090958;0.460911;-0.186682
1296;0.874226;0.269076;-0.078624
1297;0.581943;-0.257723;0.411301
1298;0.173470;0.106272;-0.030568
1299;-0.246177;-0.178682;-0.124151
1300;-0.081005;-0.021773;0.007233
1301;0.138912;0.059450;-0.018525
1302;-0.014066;-0.006779;-0.089551
1303;-0.196163;-0.145324;-0.006799
1304;-0.259705;-0.126885;-0.068436
1305;-0.528326;-0.279883;-0.030422
1306;-0.712414;-0.524231;0.084162
1307;-0.574948;-0.680433;0.131578
1308;-1.284761;-0.781283;0.151750
1309;-0.624323;-0.385966;-0.088114
1310;-0.120937;-0.142991;0.019871
1311;0.012547;0.098348;-0.025817
1312;0.157398;0.324647;-0.010412
1313;0.182353;0.457990;-0.093610
1314;-0.077453;0.716318;-0.196716
1315;-0.095076;0.333441;-0.301999
1316;0.009013;-0.110161;-0.423313
1317;0.642985;-0.887297;0.403993
1318;1.156623;0.028790;-0.174698
1319;0.780175;-0.098147;-0.048814
1320;-0.224580;-1.087618;-0.203658
1321;-0.008184;0.224582;-0.176597
1322;0.869649;0.382667;-0.270712
1323;0.517659;-0.316491;0.405176
1324;0.292593;0.121819;-0.100023
1325;-0.320656;-0.238227;-0.058582
1326;-0.072510;0.011850;0.010495
1327;0.121672;0.056647;-0.074454
1328;0.043228;-0.058339;-0.044403
1329;-0.151032;-0.057335;-0.053475
1330;-0.185924;-0.117284;-0.037865
1331;-0.428663;-0.171651;-0.036392
1332;-0.645757;-0.449953;0.049935
1333;-0.792744;-0.561964;-0.020394
1334;-1.332797;-1.029931;-0.108306
1335;-0.718481;-0.468981;-0.064444
1336;-0.067252;-0.312565;0.074996
1337;0.030506;0.002879;0.083542
1338;0.128092;0.532229;0.035566
1339;-0.031065;0.315338;0.114803
1340;-0.092983;0.634683;-0.051989
1341;0.179893;0.442301;-0.145580
1342;0.501543;-0.098299;-0.067309
1343;1.280629;-0.494801;0.640149
1344;0.483955;0.059975;-0.515432
1345;0.311620;-0.269904;-0.168923
1346;-0.568017;-0.815614;-0.130221
1347;0.170566;0.173616;0.161245
1348;1.629071;0.390448;-0.136439
1349;0.729344;-0.212550;0.276462
1350;0.010742;0.011474;-0.135028
1351;-0.578033;-0.203997;-0.090012
1352;-0.011357;0.105715;0.034035
1353;0.219196;0.007277;-0.029433
1354;-0.090871;-0.085495;-0.043826
1355;-0.144861;-0.058199;-0.091780
1356;-0.143995;-0.081544;0.074222
1357;-0.369077;-0.318368;0.025877
1358;-0.648940;-0.406135;-0.083098
1359;-0.881595;-0.837396;-0.002560
1360;-1.128389;-0.773565;-0.023538
1361;-0.346186;-0.257764;-0.052572
1362;0.020477;-0.100161;0.028280
1363;0.080623;0.209475;-0.120806
1364;0.035091;0.356448;-0.055791
1365;-0.079820;0.492303;-0.101134
1366;-0.215599;0.623333;-0.262089
1367;-0.040335;0.054217;-0.196874
1368;0.316704;-0.292787;-0.259035
1369;0.766875;-0.380068;0.111449
1370;0.642836;-0.149587;-0.093114
1371;1.065726;0.081014;-0.109182
1372;-0.604841;-1.902959;-0.688203
1373;0.020462;0.480504;-0.085303
1374;0.841398;0.425185;-0.036098
1375;0.759437;-0.368666;0.462449
1376;0.085633;0.055577;-0.158232
1377;-0.421967;-0.167472;-0.160273
1378;-0.007360;0.054576;0.019254
1379;0.175706;0.028297;-0.052491
1380;-0.039685;-0.051384;-0.032583
1381;-0.121654;-0.144430;-0.029614
1382;-0.180614;-0.125974;0.069889
1383;-0.566839;-0.404039;0.002524
1384;-0.768443;-0.442232;-0.055806
1385;-0.790561;-0.905161;0.000558
1386;-1.116126;-0.643157;0.144603
1387;-0.442071;-0.315466;0.067037
1388;0.059540;-0.014808;0.070092
1389;0.255059;0.289907;-0.141477
1390;0.122526;0.406948;-0.047277
1391;-0.078538;0.590759;-0.157391
1392;-0.141418;0.587344;-0.227440
1393;0.070427;-0.006655;-0.329128
1394;0.276720;-0.383812;-0.187331
1395;0.796158;-0.408368;0.138171
1396;0.922502;-0.054030;-0.041644
1397;0.926066;-0.053282;-0.059410
1398;-0.536993;-0.806611;-0.125987
1399;0.443019;0.639972;-0.356209
1400;0.709843;-0.216267;0.026275
1401;0.527560;-0.083921;0.202123
1402;-0.158579;0.089614;-0.051020
1403;-0.203771;-0.191370;-0.209143
1404;-0.002873;0.038940;-0.025855
1405;0.143173;0.048395;-0.044420
1406;-0.109269;-0.152269;-0.075407
1407;-0.182411;-0.064530;-0.026827
1408;-0.122443;-0.173183;0.009045
1409;-0.353038;-0.407948;-0.068428
1410;-0.822933;-0.491169;-0.044332
1411;-0.877206;-0.763230;-0.020609
1412;-1.155808;-0.594370;0.070299
1413;-0.432415;-0.352439;0.031797
1414;-0.071870;-0.093501;0.076486
1415;0.110586;0.085569;-0.030030
1416;0.179357;0.402152;-0.035607
1417;0.085742;0.345380;-0.121758
1418;-0.077356;0.634098;-0.239175
1419;-0.068146;0.226493;-0.294137
1420;0.215973;-0.245278;-0.262941
1421;0.753718;-0.582560;0.206595
1422;0.651982;-0.082733;-0.059899
1423;0.905451;-0.041234;0.012776
1424;-0.154650;-0.785203;-0.176159
1425;-0.147774;0.171237;-0.170773
1426;1.052581;0.314028;-0.258836
1427;0.392124;-0.090429;0.316380
1428;0.214940;0.090548;0.128278
1429;-0.337625;-0.210911;-0.266384
1430;-0.164224;0.035531;-0.071180
1431;0.168423;0.050198;0.014298
1432;0.093736;-0.071940;-0.089389
1433;-0.186385;-0.100769;-0.019006
1434;-0.206684;-0.070777;-0.025714
1435;-0.167133;-0.281565;-0.005887
1436;-0.603668;-0.369557;-0.105460
1437;-0.731052;-0.615321;0.033986
1438;-0.966337;-0.773576;0.121167
1439;-0.790803;-0.581687;0.099464
1440;-0.272380;-0.213714;0.057883
1441;0.129992;0.053837;0.003317
1442;0.134409;0.175801;-0.112704
1443;0.127829;0.505213;-0.031855
1444;0.034045;0.438852;-0.184560
1445;-0.200229;0.584508;-0.251654
1446;-0.087546;0.027073;-0.314921
1447;0.221141;-0.395698;-0.220111
1448;0.725735;-0.453356;0.233850
1449;1.027392;0.021780;0.143868
1450;0.968771;0.072785;0.026807
1451;-0.598660;-1.483578;-0.195310
1452;0.365617;0.579521;-0.520734
1453;0.895223;-0.022405;0.063295
1454;0.720508;-0.032234;0.327849
1455;-0.044149;0.006027;-0.075041
1456;-0.527232;-0.125683;-0.099499
1457;-0.130465;0.031409;0.014575
1458;0.220015;0.037659;-0.004802
1459;0.016042;-0.109449;-0.070999
1460;-0.205605;-0.104266;-0.086654
1461;-0.183123;-0.118218;0.129439
1462;-0.417990;-0.248392;-0.116802
1463;-0.710944;-0.519248;-0.068114
1464;-0.695321;-0.752738;0.037507
1465;-1.143457;-0.809652;0.005184
1466;-0.569128;-0.330170;0.120336
1467;-0.049693;-0.108143;0.058157
1468;0.171418;0.045273;0.030546
1469;0.290784;0.489367;-0.015903
1470;0.205938;0.310155;0.047872
1471;0.037131;0.704013;-0.219306
1472;-0.127922;0.387012;-0.240375
1473;-0.007022;-0.133877;-0.244106
1474;0.657956;-0.653884;0.270204
1475;0.809068;-0.055125;-0.070156
1476;0.865682;-0.140597;0.033737
1477;0.785532;0.044345;-0.275784
1478;-1.358167;-0.684213;-0.184857
1479;0.565976;0.630255;-0.347744
1480;0.920610;-0.353520;0.205073
1481;0.712613;-0.014126;0.212357
1482;-0.282662;-0.048135;-0.149349
1483;-0.378781;-0.056731;-0.116583
1484;0.063014;0.036061;0.045288
1485;0.204720;0.012175;-0.016591
1486;-0.085664;-0.113764;-0.103724
1487;-0.158130;-0.047162;-0.066992
1488;-0.111385;-0.117989;0.077554
1489;-0.449430;-0.241607;-0.043019
1490;-0.697352;-0.478629;0.068028
1491;-0.627350;-0.807957;0.056876
1492;-1.235556;-0.633814;0.013396
1493;-0.679546;-0.377311;-0.021267
1494;-0.262866;-0.264287;-0.019349
1495;-0.020915;0.048128;-0.013955
1496;0.161005;0.390404;-0.088052
1497;0.125830;0.243084;-0.009109
1498;0.025768;0.603329;-0.238935
1499;-0.017649;0.409571;-0.312068
1500;0.157014;-0.155104;-0.314194
1501;0.612067;-0.717991;0.234987
1502;0.813599;-0.181283;-0.116409
1503;0.906854;-0.064051;-0.104265
1504;-0.215519;-1.237900;-0.291430
1505;-0.139452;0.217825;-0.161057
1506;0.977978;0.560316;-0.155627
1507;0.634971;-0.322408;0.393768
1508;0.216819;0.091868;0.008348
1509;-0.488045;-0.162800;-0.157790
1510;-0.175040;0.016261;-0.035523
1511;0.160183;0.075701;0.043618
1512;0.033519;-0.086707;-0.030621
1513;-0.130131;-0.084222;-0.091375
1514;-0.061780;-0.127496;0.049133
1515;-0.290602;-0.201053;-0.050026
1516;-0.612690;-0.313155;-0.147527
1517;-0.251666;-0.384859;-0.077919
1518;-0.653561;-0.601888;0.075616
1519;-0.887851;-0.296145;-0.028639
1520;-0.367821;-0.387445;0.037399
1521;-0.192609;-0.240712;0.210076
1522;-0.081578;0.092939;-0.014098
1523;-0.049830;0.020099;-0.023926
1524;-0.119826;0.348773;-0.220516
1525;-0.248677;0.431793;-0.414366
1526;-0.096532;-0.214555;-0.207124
1527;0.582485;-0.325603;-0.182839
1528;1.033952;-0.073202;0.052965
1529;0.796637;-0.039081;-0.045928
1530;0.873237;0.125600;0.003414
1531;0.000753;-1.330335;-0.201947
1532;0.298242;0.382216;-0.082634
1533;0.889276;-0.027546;-0.307649
1534;0.417638;-0.216797;0.092985
1535;-0.078429;0.019489;0.045568
1536;-0.197586;-0.044828;-0.079798
1537;-0.051429;-0.033656;-0.048040
1538;0.056913;-0.009073;-0.061713
1539;-0.020791;-0.058934;-0.098901
1540;0.084468;-0.069333;0.033151
1541;-0.133995;-0.093989;-0.076075
1542;-0.446850;-0.225880;-0.086002
1543;-0.322064;-0.195544;-0.036144
1544;-0.249866;-0.380296;0.044596
1545;-0.447228;-0.365034;-0.006001
1546;-0.709290;-0.368643;-0.029662
1547;-0.710278;-0.269164;0.007178
1548;-0.371201;-0.250263;0.061975
1549;-0.137283;-0.085902;0.062409
1550;0.003746;0.056518;0.023610
1551;0.033351;0.129042;0.011146
1552;0.019651;0.303796;-0.148604
1553;-0.148862;0.507005;-0.349251
1554;-0.090481;-0.086846;-0.222955
1555;0.177933;-0.102164;-0.354908
1556;0.300062;-0.390608;-0.034295
1557;0.669458;-0.082181;-0.193896
1558;0.456036;-0.019435;-0.217116
1559;0.492954;-0.036833;0.038838
1560;0.587910;0.126597;0.056122
1561;-0.145558;-0.751170;0.048091
1562;-0.032476;-0.002701;-0.586334
1563;-0.319371;0.117066;-0.339011
1564;0.401359;-0.150959;0.244853
1565;0.417210;0.223096;0.057897
1566;-0.201202;-0.142705;0.044241
1567;-0.382495;0.011002;-0.071033
1568;0.081843;-0.101232;-0.017674
1569;0.083262;0.025573;-0.028596
1570;-0.094340;-0.012969;-0.098453
1571;-0.024440;-0.017900;-0.090133
1572;0.017043;-0.019652;-0.109768
1573;-0.047281;-0.052565;-0.038065
1574;-0.031992;-0.005050;-0.071018
1575;-0.003898;-0.018172;-0.046064
1576;-0.000286;-0.028617;-0.046713
1577;-0.019941;-0.017043;-0.126433
1578;-0.063938;0.047861;-0.059668
1579;-0.048909;0.021091;-0.048281
1580;-0.007562;-0.065394;-0.100811
1581;-0.016684;-0.056465;-0.115110
1582;-0.057077;-0.000751;-0.071637
1583;-0.044609;-0.016761;-0.063541
1584;0.015053;-0.013519;-0.076901
1585;0.022377;-0.028152;-0.044204
1586;0.001033;0.004961;-0.060367
1587;-0.007089;-0.020002;-0.070453
1588;0.006974;-0.004394;-0.071398
1589;-0.008292;-0.015131;-0.040767
1590;0.014976;-0.019880;-0.046541
1591;0.004271;-0.002922;-0.073572
1592;0.006665;-0.008719;-0.070704
1593;0.026693;-0.012487;-0.049982
1594;0.028798;-0.015233;-0.037584
1595;0.018788;-0.004189;-0.041905
1596;0.010019;-0.010042;-0.039912
1597;0.006400;-0.006303;-0.035799
1598;0.005138;-0.009445;-0.039991
1599;0.012985;-0.008954;-0.037034
1600;0.023560;-0.005425;-0.036489
1601;0.016017;-0.007845;-0.034481
1602;0.002968;-0.001752;-0.032703
1603;0.011992;-0.016855;-0.032977
1604;0.012693;-0.001788;-0.033227
1605;0.007744;-0.011516;-0.023148
1606;0.000571;-0.004913;-0.030076
1607;0.011531;-0.007245;-0.031738
1608;0.010252;-0.011117;-0.026935
1609;-0.001982;-0.002068;-0.024398
1610;0.002451;-0.008521;-0.022459
1611;0.008080;0.000454;-0.017968
1612;0.001844;-0.009124;-0.020679
1613;0.005653;-0.006767;-0.019563
1614;0.003760;-0.007873;-0.022155
1615;-0.002270;0.002289;-0.007768
1616;0.020417;-0.005053;-0.014052
1617;0.000474;-0.005692;-0.020443
1618;0.001347;-0.005240;-0.018372
1619;0.016998;-0.002730;-0.015775
1620;0.008648;-0.004446;-0.012657
1621;-0.003971;-0.008050;-0.022638
1622;0.001745;-0.009455;-0.011086
1623;0.005734;0.000670;-0.013695
1624;0.001257;-0.002445;-0.008863
1625;-0.003148;-0.008548;-0.013343
1626;0.001703;-0.000550;-0.013169
1627;0.004388;-0.008121;-0.013697
1628;0.046570;0.002109;0.028595
1629;0.021595;-0.003054;-0.004418
1630;-0.085355;-0.044941;-0.051474
1631;-0.076238;-0.043700;-0.087350
