index;x;y;z
0;-0.115486;0.048243;-0.004500
1;0.183667;-0.012508;0.073036
2;0.035622;-0.012321;0.003684
3;-0.078332;0.000467;-0.032974
4;-0.002628;-0.002649;-0.003539
5;0.019790;-0.004230;-0.010114
6;-0.032682;0.001554;-0.000654
7;0.003788;-0.004675;0.011392
8;0.010649;-0.004918;0.042177
9;0.000873;0.001800;0.020000
10;-0.027082;-0.009355;0.004153
11;-0.012732;-0.014416;0.008925
12;0.005767;-0.007014;0.008338
13;-0.000781;-0.008725;-0.015744
14;0.004195;-0.005487;-0.019251
15;0.098626;0.005111;0.017382
16;0.110955;-0.004748;0.006588
17;-0.005154;-0.008497;-0.015981
18;-0.069106;-0.000271;-0.036546
19;-0.048639;0.018923;-0.036171
20;-0.016327;-0.014436;0.004574
21;0.024750;-0.012056;0.021203
22;0.005016;0.012992;0.000961
23;-0.005059;0.013079;-0.028274
24;-0.005368;0.006364;-0.030134
25;-0.011912;0.005347;-0.011159
26;0.000782;-0.026305;0.000742
27;0.001145;-0.007553;0.003964
28;-0.008636;-0.003782;0.007464
29;-0.009415;0.002869;-0.005160
30;-0.020518;0.003913;0.003834
31;-0.005053;-0.000227;0.008456
32;-0.014855;-0.004870;-0.028086
33;-0.046690;-0.012835;0.045501
34;-0.068234;-0.000608;0.026344
35;-0.084124;0.007570;0.005794
36;0.118279;-0.035600;0.021640
37;0.163282;-0.003296;0.005368
38;0.045180;-0.005516;-0.018877
39;0.003305;0.009311;-0.047217
40;0.030434;-0.003462;-0.004792
41;-0.003806;-0.000090;0.012834
42;-0.018661;-0.003980;-0.003039
43;0.007749;-0.000227;-0.003198
44;0.042018;-0.007765;0.002927
45;0.015756;-0.005556;-0.023181
46;-0.019830;0.011866;-0.029517
47;0.021658;-0.000569;-0.005012
48;0.078050;-0.013616;0.006266
49;0.026632;-0.025531;-0.004392
50;-0.091286;-0.013438;-0.019078
51;-0.176053;-0.104982;0.030881
52;-0.394386;-0.097326;0.156113
53;-0.316326;-0.110986;0.240815
54;0.148971;-0.087691;0.202297
55;-0.113395;0.123314;0.010964
56;-0.370989;0.230105;-0.022171
57;0.162164;0.015528;0.082490
58;0.185021;-0.000228;-0.029115
59;-0.106881;0.003521;-0.166499
60;-0.008248;-0.051757;-0.130897
61;0.321616;-0.068447;-0.040781
62;0.431533;0.052836;-0.036840
63;0.391862;0.071540;-0.013905
64;0.333047;0.039039;0.008819
65;0.364281;0.075746;-0.014858
66;-0.625501;-0.506320;0.152531
67;0.226446;-0.052566;-0.336007
68;0.044782;0.122058;-0.021734
69;0.336315;-0.042485;0.273382
70;0.205203;0.033549;-0.137342
71;-0.497711;-0.009393;0.029678
72;0.027897;0.055762;0.015003
73;0.203381;-0.048713;0.127610
74;-0.006127;-0.029168;0.020282
75;-0.073523;-0.002994;-0.025397
76;0.074103;0.011158;0.045313
77;0.063035;0.002562;0.010352
78;-0.002072;-0.030461;-0.002493
79;-0.004418;0.001456;0.011186
80;0.036464;-0.014268;0.011626
81;0.058074;-0.032940;0.007816
82;0.065543;-0.003587;-0.000600
83;-0.016975;-0.075170;0.045210
84;-0.044709;-0.074126;0.126509
85;-0.192950;-0.247868;0.021891
86;-0.393066;-0.162303;-0.087571
87;-0.460515;-0.188902;-0.068539
88;-0.337347;-0.276486;0.002736
89;-0.427792;-0.205870;0.049226
90;-0.300089;-0.139218;0.128262
91;-0.301248;-0.058390;0.109914
92;-0.333888;0.093377;-0.001078
93;-0.519572;0.177293;-0.061435
94;-0.348234;0.150399;-0.168347
95;0.182612;-0.165287;0.010007
96;0.228138;-0.025546;-0.095549
97;0.116824;-0.068163;-0.111474
98;0.319531;-0.035935;-0.005764
99;0.527191;-0.123718;0.118866
100;0.664820;-0.007043;0.215646
101;0.725824;0.061832;0.209933
102;0.168034;-0.878996;0.157829
103;0.057208;0.087525;-0.353051
104;0.345838;-0.003883;-0.143442
105;0.335040;0.029369;0.073786
106;0.079372;-0.043006;0.101805
107;-0.204243;-0.030274;0.022151
108;0.069689;-0.022496;0.048621
109;0.139042;-0.011559;0.064754
110;-0.047240;-0.020540;0.010746
111;-0.111259;0.007439;-0.019304
112;-0.013354;0.012945;0.024062
113;-0.053769;-0.033458;0.003633
114;-0.149854;-0.051879;-0.002213
115;-0.074217;-0.129243;0.057607
116;-0.180060;-0.147310;-0.017192
117;-0.409799;-0.268297;-0.044614
118;-0.489051;-0.502702;-0.083113
119;-0.782376;-0.580244;-0.107558
120;-0.450374;-0.090822;-0.038732
121;-0.227820;-0.264322;0.247923
122;-0.035287;0.072297;0.061524
123;-0.219613;0.107106;0.038918
124;-0.407160;0.440108;-0.089558
125;-0.473741;0.350138;-0.181697
126;-0.092710;-0.033689;-0.011602
127;0.282221;-0.223295;0.054720
128;0.496665;-0.275059;0.297052
129;1.072235;-0.057414;0.299704
130;0.943188;-0.158245;0.207884
131;0.501450;-0.433774;-0.051036
132;-0.247599;-0.298386;-0.395436
133;0.397757;0.190705;-0.175352
134;0.206375;-0.157462;0.048973
135;0.239713;0.075981;0.276626
136;-0.036396;-0.128739;-0.102691
137;-0.116571;-0.015396;0.005328
138;0.069880;0.053103;0.099511
139;0.060619;0.031949;-0.033130
140;-0.073798;-0.088935;-0.039889
141;-0.085768;-0.040954;0.002570
142;-0.199922;-0.083014;-0.028296
143;-0.351862;-0.253501;-0.035178
144;-0.458194;-0.366534;0.009570
145;-0.699804;-0.764346;0.071301
146;-1.083135;-0.642104;0.023951
147;-0.592397;-0.018913;-0.015725
148;-0.181878;-0.112465;0.230387
149;-0.200513;0.220120;0.098636
150;0.025014;0.248857;-0.020516
151;-0.091570;0.538411;-0.081754
152;-0.283934;0.396646;-0.153227
153;-0.100478;0.067219;-0.212719
154;0.187283;-0.384639;-0.085271
155;0.597789;-0.637792;0.417928
156;1.126752;-0.026205;0.369713
157;1.004217;-0.139385;0.365024
158;0.127655;-0.712118;0.002619
159;-0.497220;0.001872;-0.456045
160;0.432960;0.102764;-0.173565
161;0.446057;-0.038591;0.271552
162;0.401013;0.036229;0.270288
163;-0.181949;-0.086653;-0.092403
164;-0.117831;-0.088956;-0.043745
165;0.200554;0.034541;0.087176
166;-0.028027;0.007607;0.033431
167;-0.171542;-0.006897;-0.018685
168;-0.033847;-0.035084;0.027448
169;-0.108440;-0.051767;-0.072443
170;-0.404962;-0.141109;-0.106941
171;-0.387049;-0.313721;-0.044290
172;-0.552924;-0.500652;-0.031561
173;-1.101133;-0.989821;-0.095251
174;-1.020195;-0.472192;0.024007
175;-0.298415;-0.260429;0.045359
176;-0.114217;-0.006622;0.227538
177;-0.005104;0.529639;-0.137218
178;-0.071396;0.299147;-0.080952
179;-0.252892;0.623409;-0.182132
180;-0.264057;0.390729;-0.111050
181;0.117749;-0.381806;0.122115
182;0.971295;-0.856272;0.639169
183;1.283830;0.037983;0.402181
184;0.629546;-0.253371;0.214693
185;0.205917;-0.756291;-0.149873
186;-0.649641;0.198860;-0.404058
187;0.454307;0.150134;0.079111
188;0.673608;-0.027915;0.225982
189;0.343414;0.050018;0.236858
190;-0.212456;-0.104087;-0.123712
191;-0.018425;-0.027421;0.024440
192;0.232941;-0.009390;0.091689
193;-0.029648;0.021393;-0.022570
194;-0.214113;-0.051515;0.010579
195;0.011098;-0.029541;-0.045730
196;-0.211000;-0.058871;-0.077485
197;-0.567994;-0.219783;-0.035220
198;-0.271856;-0.350099;-0.029216
199;-0.599153;-0.780863;0.055027
200;-1.341508;-0.877497;-0.103434
201;-0.891370;-0.146596;-0.056082
202;-0.410335;-0.143152;0.244364
203;0.140887;-0.072601;0.290070
204;0.198790;0.406220;-0.165845
205;-0.255304;0.608404;-0.120200
206;-0.681590;0.646366;-0.299804
207;-0.105563;-0.100345;-0.129566
208;0.456366;-0.446250;-0.034115
209;0.743164;-0.673451;0.352706
210;1.237357;-0.137637;0.360073
211;1.183940;-0.144396;0.346822
212;-0.302533;-0.915481;-0.074765
213;0.200028;0.231945;-0.154344
214;0.383409;0.097400;0.014407
215;0.694394;-0.050628;0.296234
216;-0.002221;-0.047033;-0.056096
217;-0.256706;-0.078498;-0.050224
218;0.088812;-0.007375;0.009550
219;0.116414;-0.014426;0.041120
220;-0.114786;-0.025212;-0.002334
221;-0.115486;-0.016402;-0.007456
222;-0.137846;-0.083603;-0.012042
223;-0.482760;-0.098283;-0.118368
224;-0.570068;-0.403470;0.045679
225;-0.543721;-0.727830;0.221610
226;-1.277434;-0.888615;0.034715
227;-0.930544;-0.161424;-0.011401
228;-0.292757;-0.280818;0.144457
229;-0.143786;0.156472;0.168971
230;0.040790;0.383408;-0.085367
231;-0.112121;0.422459;0.010306
232;-0.224253;0.493625;-0.223728
233;-0.101545;0.241180;-0.053301
234;0.361282;-0.367161;0.079406
235;0.976818;-0.730279;0.484601
236;1.148272;-0.116348;0.079867
237;0.733596;-0.279177;0.045284
238;0.027327;-0.810810;-0.074351
239;-0.457436;0.071163;-0.275780
240;0.754151;0.248373;-0.062287
241;0.709062;-0.297818;0.273934
242;0.268958;0.029373;0.129036
243;-0.353291;-0.085169;-0.165354
244;-0.076386;-0.049327;0.009037
245;0.290795;0.018411;0.123332
246;-0.073353;-0.005525;0.009308
247;-0.246719;-0.075502;0.016495
248;-0.012199;-0.038371;-0.050800
249;-0.239882;-0.033396;-0.116074
250;-0.647954;-0.296667;-0.021711
251;-0.388604;-0.392291;0.021392
252;-0.831223;-1.009704;0.054136
253;-1.223320;-0.540989;-0.092579
254;-0.705119;-0.141366;-0.078823
255;-0.292748;-0.357296;0.182009
256;-0.165348;0.219433;0.077417
257;-0.046981;0.355748;-0.131133
258;-0.150706;0.403349;-0.060905
259;-0.191280;0.453645;-0.203204
260;-0.111583;0.177602;-0.156812
261;0.228403;-0.511630;0.046029
262;0.824728;-0.866779;0.528684
263;1.286261;-0.022122;0.250637
264;0.864894;-0.209721;0.196816
265;-0.189080;-0.960379;-0.237226
266;0.060967;0.321362;-0.066199
267;0.671661;-0.009237;0.104189
268;0.691616;-0.032368;0.216939
269;-0.002830;-0.051762;0.001099
270;-0.251802;-0.092213;-0.068412
271;0.077587;-0.022830;0.030839
272;0.169842;-0.010712;0.064980
273;-0.087974;-0.017083;-0.037796
274;-0.128979;-0.074427;0.002509
275;-0.104108;-0.112162;0.024535
276;-0.673833;-0.124772;-0.098463
277;-0.607085;-0.447656;0.030073
278;-0.281923;-0.777784;0.130922
279;-1.327126;-0.818121;0.121066
280;-0.942449;-0.184293;-0.053585
281;-0.600120;-0.224773;0.112562
282;0.266398;0.032766;0.230745
283;0.030905;0.475362;-0.163413
284;-0.315417;0.389725;-0.131990
285;-0.347529;0.470999;-0.162206
286;-0.036889;0.076874;-0.168628
287;0.265176;-0.364048;-0.070536
288;0.764853;-0.866187;0.684885
289;1.509808;-0.013684;0.346488
290;0.942427;-0.195462;0.076077
291;-0.074458;-1.017299;-0.196517
292;-0.399370;0.303360;-0.345883
293;0.653962;0.028128;0.011102
294;0.541053;-0.118599;0.292723
295;0.144484;0.057859;0.151165
296;-0.203717;-0.175669;-0.193656
297;0.028273;-0.060704;0.016971
298;0.196438;0.018800;0.090916
299;-0.054822;-0.021189;-0.016845
300;-0.126684;-0.053586;-0.048686
301;-0.035966;-0.089721;-0.056062
302;-0.518242;-0.079261;-0.136792
303;-0.590372;-0.400903;0.024940
304;-0.341316;-0.461862;-0.041700
305;-0.937323;-1.115336;0.052116
306;-1.212961;-0.443294;0.141263
307;-0.591934;-0.201064;0.017421
308;-0.136526;-0.114041;0.182170
309;-0.031672;0.253727;0.122570
310;0.016421;0.295735;-0.049885
311;-0.167870;0.568542;-0.095311
312;-0.194850;0.374784;-0.062191
313;0.044588;-0.009248;-0.317208
314;0.246619;-0.592081;0.007537
315;1.065408;-0.745921;0.603296
316;1.289781;-0.076524;0.314093
317;0.790960;-0.314184;0.083085
318;-0.509066;-0.388198;-0.193410
319;0.393093;0.246584;0.016733
320;0.406427;-0.056948;-0.033182
321;0.680772;0.036334;0.319736
322;-0.047295;-0.096537;-0.046500
323;-0.322127;-0.063332;-0.113535
324;0.073823;-0.004251;0.067932
325;0.148539;-0.008645;0.049908
326;-0.107277;-0.034921;-0.025540
327;-0.123206;-0.077119;-0.050177
328;-0.142893;-0.116328;-0.036749
329;-0.548127;-0.154448;-0.141574
330;-0.536349;-0.391900;-0.017214
331;-0.402242;-0.563253;0.005136
332;-1.206482;-0.900814;0.123811
333;-1.088614;-0.304181;0.091922
334;-0.667224;-0.254306;0.046602
335;0.045821;-0.014555;0.142864
336;-0.034717;0.449374;0.038622
337;-0.064941;0.194519;-0.125647
338;-0.130549;0.519242;-0.157245
339;-0.109844;0.411352;-0.123156
340;0.029560;-0.166918;-0.154483
341;0.542113;-0.814174;0.170486
342;1.234028;-0.341102;0.188505
343;0.934972;-0.256990;0.196618
344;0.783551;-0.288052;0.000734
345;-0.728213;-0.217737;-0.257832
346;0.719152;0.135537;-0.101639
347;0.440662;-0.041885;0.075176
348;0.349547;0.038809;0.228960
349;-0.220744;-0.076215;-0.136454
350;-0.211593;-0.100593;-0.021908
351;0.091151;0.051362;0.108971
352;0.093652;-0.032830;-0.022112
353;-0.038419;-0.070288;-0.071191
354;-0.065335;-0.060047;-0.057955
355;-0.298235;-0.137949;-0.117368
356;-0.701195;-0.337944;-0.078126
357;-0.343127;-0.384117;-0.007930
358;-0.505912;-0.843033;0.079589
359;-1.180786;-0.764051;0.045394
360;-0.826239;-0.115766;-0.008749
361;-0.508258;-0.306494;0.111023
362;0.002738;0.128418;0.191489
363;-0.029574;0.504509;-0.140381
364;-0.189479;0.272474;-0.038331
365;-0.087381;0.485826;-0.202748
366;0.018461;0.266668;-0.091558
367;0.268909;-0.369587;0.041670
368;0.744804;-0.793303;0.239433
369;0.911131;-0.199597;0.054078
370;0.964047;-0.245091;0.002422
371;0.202594;-0.867367;0.001820
372;-0.222278;0.131040;-0.224663
373;0.892535;0.197190;-0.141267
374;0.583355;-0.215947;0.205367
375;0.201479;0.054244;0.082293
376;-0.274628;-0.112342;-0.130381
377;-0.028068;-0.051433;-0.004052
378;0.170646;0.053965;0.078822
379;-0.005789;-0.029558;0.010665
380;-0.137387;-0.070349;-0.071101
381;-0.071116;-0.022440;0.007912
382;-0.290841;-0.088564;-0.201343
383;-0.669470;-0.366355;-0.039420
384;-0.330142;-0.390841;-0.005835
385;-0.518408;-0.934285;-0.052748
386;-1.145706;-0.711527;0.054389
387;-0.756166;-0.111258;-0.021602
388;-0.586328;-0.251049;0.119531
389;0.010947;0.112467;0.215200
390;0.050212;0.476169;-0.053158
391;-0.190196;0.289800;-0.081572
392;-0.044601;0.478895;-0.110704
393;-0.032692;0.298217;-0.222129
394;-0.051664;-0.459560;-0.154302
395;0.668624;-0.975003;0.464622
396;1.391680;-0.062932;0.311149
397;1.137201;-0.231705;0.238351
398;-0.046108;-1.046624;-0.059092
399;-0.120307;0.290019;-0.111850
400;0.569984;0.085331;-0.054422
401;0.633768;-0.094374;0.324224
402;0.137882;0.002911;0.066070
403;-0.242410;-0.111603;-0.095649
404;-0.049964;-0.018848;0.016471
405;0.156351;0.017893;0.062564
406;-0.051118;-0.028364;-0.037877
407;-0.116078;-0.077435;-0.029652
408;0.045526;-0.086046;-0.044902
409;-0.494453;-0.078042;-0.158355
410;-0.665901;-0.390392;0.049294
411;-0.300409;-0.399521;-0.006010
412;-0.771401;-0.998409;0.073895
413;-1.207140;-0.549991;0.100231
414;-0.734104;-0.230718;-0.011694
415;-0.373903;-0.135646;0.069989
416;0.004721;0.156768;0.053713
417;-0.054393;0.375030;-0.190517
418;-0.228427;0.386016;-0.129995
419;-0.118622;0.399910;-0.084929
420;0.108901;0.016561;-0.297137
421;0.234684;-0.606853;0.001980
422;0.997680;-0.713463;0.433338
423;1.283772;-0.173022;0.353912
424;1.037941;-0.170044;0.091904
425;-0.598860;-0.602178;-0.159276
426;0.308191;0.141911;0.051273
427;0.507758;0.160616;-0.102930
428;0.677851;-0.127083;0.374165
429;0.007605;-0.044129;-0.043083
430;-0.357937;-0.096201;-0.099879
431;0.033065;0.043125;0.070175
432;0.199022;0.015563;0.055582
433;-0.080733;-0.045746;-0.041693
434;-0.144485;-0.093252;-0.076365
435;-0.122770;-0.061223;-0.028480
436;-0.656680;-0.223265;-0.086714
437;-0.399168;-0.423940;0.027567
438;-0.444009;-0.850674;0.166396
439;-1.361326;-0.685798;-0.006962
440;-1.044836;-0.236231;0.100306
441;-0.675350;-0.274795;0.025648
442;0.084003;-0.018965;0.265313
443;0.045537;0.391068;-0.020887
444;-0.055474;0.296033;-0.127815
445;-0.251013;0.544917;-0.199080
446;-0.248908;0.370131;-0.196962
447;0.072335;-0.433743;-0.108267
448;0.679432;-0.773908;0.240376
449;1.366263;-0.259173;0.413345
450;1.043448;-0.266228;0.345695
451;0.197183;-1.073747;-0.144288
452;-0.385446;0.205270;-0.522610
453;0.804663;0.124346;-0.044123
454;0.601056;-0.092052;0.231643
455;0.328927;-0.029105;0.239854
456;-0.182878;-0.084131;-0.166045
457;-0.229532;-0.053093;-0.062597
458;0.151244;0.063233;0.106758
459;0.041175;-0.011795;-0.008704
460;-0.222745;-0.034635;-0.052898
461;-0.070952;-0.032284;-0.024918
462;-0.087082;-0.106651;-0.089558
463;-0.540855;-0.283965;-0.101402
464;-0.415418;-0.378909;0.024189
465;-0.481413;-0.731631;0.146061
466;-1.206598;-0.747112;-0.026280
467;-1.075800;-0.231732;0.047510
468;-0.658499;-0.228894;0.087775
469;0.056487;0.041544;0.204312
470;-0.054686;0.331529;0.113693
471;-0.062897;0.378740;-0.065112
472;-0.077381;0.496419;-0.068812
473;-0.110831;0.371050;-0.098215
474;0.005022;-0.151163;-0.281613
475;0.358675;-0.746099;0.107347
476;1.256500;-0.448073;0.337636
477;1.014238;-0.343612;0.215933
478;0.389444;-0.800009;0.006135
479;-0.544632;0.088348;-0.402960
480;0.785984;0.197793;0.080439
481;0.512538;-0.063953;0.026728
482;0.448183;-0.051575;0.199556
483;-0.160222;-0.073631;-0.133789
484;-0.186060;-0.091141;-0.045166
485;0.184223;0.029150;0.066658
486;-0.001060;0.008395;0.028378
487;-0.159689;-0.059906;-0.036327
488;-0.010239;-0.072617;-0.069979
489;-0.110299;-0.116300;-0.015520
490;-0.660044;-0.144683;-0.124481
491;-0.429219;-0.406330;0.031586
492;-0.391825;-0.631429;0.016303
493;-1.370651;-0.854900;0.048920
494;-1.148098;-0.321198;0.095975
495;-0.580454;-0.289288;0.077279
496;0.041992;0.036313;0.241963
497;0.016667;0.392512;0.027565
498;-0.042841;0.400117;-0.053853
499;-0.195777;0.491762;-0.053171
500;-0.117167;0.349668;-0.034267
501;0.217405;-0.215973;-0.109727
502;0.659459;-0.612863;0.235524
503;1.242301;-0.280856;0.192599
504;0.815222;-0.300742;0.068498
505;0.721476;-0.362950;0.083385
506;-0.742111;-0.138896;-0.169968
507;0.700146;0.188276;-0.069029
508;0.619021;-0.110611;0.030857
509;0.498475;0.039581;0.125973
510;-0.190333;-0.109388;-0.078787
511;-0.191801;-0.108862;-0.052707
512;0.158207;0.025086;0.058677
513;0.020855;-0.020134;0.005332
514;-0.144756;-0.028819;-0.037623
515;-0.086494;-0.069887;0.017927
516;-0.312799;-0.088304;-0.164419
517;-0.602686;-0.416364;-0.040663
518;-0.469234;-0.454748;-0.016799
519;-0.725566;-1.047329;0.127006
520;-1.340183;-0.435951;0.184235
521;-0.630630;-0.262385;0.075013
522;-0.121055;-0.098921;0.121734
523;0.122100;0.224663;0.031405
524;-0.147839;0.317501;-0.151111
525;-0.460728;0.569181;-0.124160
526;-0.473128;0.362091;-0.140250
527;0.159197;-0.142253;-0.233525
528;0.485753;-0.511946;0.043709
529;0.891659;-0.686553;0.480304
530;1.180024;-0.174331;0.142747
531;1.105700;-0.153718;-0.055480
532;-0.840843;-1.250309;-0.486407
533;0.175747;0.112053;0.036023
534;0.597373;0.265517;-0.143925
535;0.631470;-0.085086;0.332066
536;0.010361;-0.080762;-0.003640
537;-0.323359;-0.086942;-0.157095
538;0.074420;-0.009409;0.043383
539;0.208419;0.033518;0.064813
540;-0.081675;-0.039368;-0.058278
541;-0.125337;-0.139985;-0.048649
542;-0.084694;-0.061641;-0.012406
543;-0.505215;-0.089783;-0.216192
544;-0.590079;-0.473776;-0.008360
545;-0.375616;-0.505646;-0.006072
546;-1.001822;-0.929724;0.067227
547;-1.105220;-0.379478;0.109895
548;-0.627458;-0.267465;0.019989
549;0.010010;-0.090283;0.161224
550;-0.091723;0.350216;0.053425
551;-0.101944;0.268661;-0.133962
552;-0.273984;0.445558;-0.032335
553;-0.098729;0.397600;-0.026963
554;0.104813;-0.066406;-0.167319
555;0.386080;-0.682775;0.205418
556;1.235212;-0.483077;0.573380
557;1.109895;-0.246577;0.171524
558;0.768644;-0.225085;-0.171016
559;-0.787148;-0.479001;-0.360193
560;0.482449;0.306723;0.027994
561;0.670228;-0.042668;0.100967
562;0.705787;0.000531;0.264643
563;-0.210346;-0.126617;-0.075772
564;-0.320448;-0.070773;-0.107216
565;0.220640;0.007173;0.049347
566;0.141433;-0.000404;0.048349
567;-0.177314;-0.017380;-0.097604
568;-0.074139;-0.064671;-0.089136
569;0.020552;-0.099929;-0.005142
570;-0.388627;-0.092184;-0.218923
571;-0.659238;-0.403752;-0.031978
572;-0.409643;-0.505962;-0.047455
573;-0.762936;-1.040712;-0.047969
574;-1.084146;-0.516394;0.130079
575;-0.618596;-0.217032;-0.067017
576;-0.083668;-0.177606;0.166692
577;-0.093235;0.223919;0.042155
578;0.078541;0.354461;-0.167832
579;-0.338893;0.512711;-0.160770
580;-0.284095;0.423940;-0.163822
581;0.011337;0.019405;-0.270562
582;0.313152;-0.623312;0.034567
583;1.034751;-0.713786;0.502913
584;1.199732;-0.101759;0.337624
585;0.968070;-0.237342;0.131733
586;-0.591338;-0.764851;-0.470976
587;0.176146;0.144165;-0.269450
588;0.544070;-0.038496;0.037935
589;0.710920;0.000268;0.276819
590;-0.119308;-0.102521;-0.082146
591;-0.111846;-0.088702;-0.050285
592;0.185155;-0.011228;0.002048
593;0.045596;-0.036411;0.002053
594;-0.139319;-0.027666;-0.052294
595;-0.011933;-0.061641;0.043945
596;-0.129621;-0.108665;-0.062615
597;-0.562777;-0.089329;-0.227478
598;-0.542411;-0.434807;-0.019172
599;-0.534007;-0.503807;0.089912
600;-1.047320;-0.778256;0.117939
601;-1.041418;-0.407301;0.135018
602;-0.663104;-0.366633;0.027689
603;0.066803;-0.041331;0.261250
604;0.139160;0.295190;-0.030747
605;-0.086024;0.252610;-0.236910
606;-0.287397;0.506876;-0.132249
607;-0.191546;0.111125;-0.091084
608;-0.017785;0.045252;-0.470664
609;0.188205;-0.325579;-0.182251
610;0.682524;-0.666899;0.531900
611;1.784659;-0.014102;0.471853
612;1.126266;-0.071033;0.160309
613;-0.465103;-0.816569;0.078514
614;0.200083;0.031486;-0.301870
615;0.591197;0.160286;-0.046806
616;0.486441;0.011857;0.341470
617;-0.024369;0.007971;-0.003629
618;-0.321987;-0.147600;-0.193286
619;0.063544;0.005858;0.076378
620;0.142374;0.030134;0.102479
621;-0.126193;-0.038706;-0.099019
622;-0.117927;-0.086353;-0.061209
623;-0.098875;-0.068553;-0.092181
624;-0.509930;-0.243726;-0.128578
625;-0.312265;-0.355835;-0.034889
626;-0.483465;-0.554615;-0.008226
627;-1.228683;-0.973156;-0.010653
628;-1.129227;-0.447534;0.056355
629;-0.650804;-0.249536;-0.052174
630;-0.119444;-0.128540;0.182591
631;0.026693;0.235248;0.127956
632;-0.051251;0.551732;-0.070286
633;-0.103477;0.311739;-0.070462
634;0.047743;0.447905;-0.057427
635;0.006333;0.139997;-0.312968
636;0.159919;-0.604528;0.070418
637;1.369545;-0.618842;0.542304
638;1.089311;-0.230118;0.233766
639;0.689019;-0.166744;-0.176986
640;-0.970461;-0.616484;-0.537103
641;0.489095;0.308288;0.029347
642;0.610852;-0.007569;0.026035
643;0.752577;0.021578;0.301952
644;-0.141824;-0.162700;-0.115497
645;-0.224214;-0.084589;-0.157042
646;0.184841;0.004850;0.021942
647;0.082411;-0.000045;0.056177
648;-0.191491;0.006005;-0.035527
649;-0.082035;-0.090623;-0.054653
650;-0.082450;-0.079755;-0.034344
651;-0.600720;-0.195026;-0.144647
652;-0.471569;-0.416195;-0.004266
653;-0.353802;-0.573281;-0.053275
654;-1.012637;-0.905854;0.015201
655;-1.210152;-0.400814;0.098684
656;-0.596525;-0.285653;-0.035321
657;0.029634;-0.018418;0.191059
658;0.009430;0.393835;-0.028663
659;-0.091675;0.245347;-0.140115
660;-0.271004;0.535677;-0.203407
661;-0.296875;0.356193;-0.183340
662;0.051367;-0.320484;-0.218690
663;0.575627;-0.796944;0.205855
664;1.520143;-0.178900;0.387339
665;1.109094;-0.362578;0.443255
666;0.654256;-0.301752;-0.068281
667;-0.951203;-0.039956;-0.363724
668;0.760350;0.182572;-0.165797
669;0.493595;-0.162586;0.183538
670;0.333023;0.080104;0.287047
671;-0.256543;-0.182102;-0.222004
672;-0.159204;-0.038004;-0.059896
673;0.192224;0.042756;0.097945
674;0.028668;-0.031218;-0.049489
675;-0.184091;-0.075540;-0.088012
676;-0.055554;-0.050381;-0.057632
677;-0.142075;-0.148162;-0.088298
678;-0.613515;-0.345043;-0.115700
679;-0.375539;-0.374982;-0.018321
680;-0.471833;-0.767065;0.100585
681;-1.315940;-0.766635;0.057040
682;-0.777006;-0.187197;-0.098079
683;-0.580103;-0.230698;0.165657
684;0.058559;0.052678;0.220419
685;-0.030093;0.426744;-0.128769
686;-0.092442;0.308865;0.000990
687;-0.091103;0.508669;-0.155866
688;-0.020174;0.218046;-0.156786
689;0.177585;-0.322543;-0.072138
690;0.792456;-0.905352;0.487171
691;1.338031;-0.162898;0.061741
692;1.152212;-0.226516;0.026213
693;0.223073;-0.744691;0.141978
694;-0.470761;0.034409;-0.194941
695;0.706925;0.357125;-0.190224
696;0.586700;-0.417812;0.296426
697;0.282755;0.108632;0.095681
698;-0.264013;-0.190733;-0.196278
699;-0.069689;-0.027017;-0.053475
700;0.181219;0.052056;0.090543
701;-0.064211;-0.029866;-0.031932
702;-0.153244;-0.063187;-0.125650
703;-0.071585;-0.103680;-0.043539
704;-0.532544;-0.113160;-0.140509
705;-0.493002;-0.368365;0.024716
706;-0.333805;-0.484787;-0.003432
707;-0.943794;-1.002909;-0.107354
708;-1.153291;-0.633852;0.104604
709;-0.766369;-0.184376;-0.066788
710;-0.277886;-0.199593;0.175813
711;-0.023739;0.148894;0.120113
712;0.174865;0.572265;-0.109549
713;-0.006539;0.378572;-0.131468
714;-0.046631;0.519485;-0.161950
715;-0.102039;0.130416;-0.368308
716;0.101127;-0.776681;-0.001540
717;1.237996;-0.847750;0.554098
718;1.214909;-0.191644;0.297107
719;1.067942;-0.226255;0.147418
720;-0.973484;-1.029606;-0.515325
721;-0.063216;-0.101993;-0.222656
722;0.326618;0.265087;-0.374187
723;0.802388;-0.245044;0.647285
724;0.300024;-0.029844;0.181308
725;-0.395814;-0.109572;-0.248232
726;-0.185242;-0.032934;-0.023641
727;0.224226;0.034781;0.064691
728;-0.119974;0.080023;-0.067389
729;-0.239286;-0.037445;-0.101064
730;-0.004706;-0.071873;-0.127489
731;-0.595059;-0.108876;-0.110076
732;-0.294820;-0.374361;-0.003476
733;-0.322193;-0.433297;-0.015324
734;-0.818626;-0.905926;-0.099985
735;-1.104862;-0.634086;-0.018843
736;-0.690988;-0.261221;-0.031444
737;-0.434472;-0.177125;0.128400
738;0.014801;0.086546;0.125580
739;0.151018;0.561058;-0.161643
740;-0.206884;0.459312;-0.102448
741;-0.085921;0.476084;-0.153265
742;0.035650;0.185869;-0.171486
743;0.154996;-0.817475;0.228346
744;0.965096;-0.812753;0.385711
745;1.072827;-0.212973;0.124050
746;1.005293;-0.241270;0.107778
747;-0.487813;-1.483907;-0.276254
748;-0.568099;0.114527;-0.312105
749;0.581485;0.250556;0.247088
750;1.204107;-0.427165;0.728819
751;0.315025;0.011519;0.027566
752;-1.015365;0.022555;-0.124960
753;0.088581;-0.057140;-0.023596
754;0.669436;-0.026422;0.031493
755;-0.200800;-0.031081;-0.052576
756;-0.371047;-0.012010;-0.074091
757;0.105492;-0.097667;-0.038388
758;-0.293325;-0.165440;-0.119983
759;-0.691138;-0.409265;-0.115558
760;-0.466195;-0.486875;0.008216
761;-0.785381;-1.051026;-0.056813
762;-1.060533;-0.675168;0.105747
763;-0.772136;-0.081255;-0.026210
764;-0.113031;0.004921;0.016347
765;0.108958;0.079655;0.066739
766;0.208705;0.645557;-0.267049
767;-0.160522;0.513560;-0.141080
768;-0.060437;0.584290;-0.205862
769;-0.118220;0.062046;-0.372132
770;0.145033;-0.868693;-0.156581
771;0.929326;-0.560969;0.242271
772;1.171740;-0.371699;0.408990
773;1.024338;-0.303063;0.109745
774;-0.892475;-0.324276;-0.441350
775;0.419048;0.153618;-0.170515
776;0.421213;0.038570;-0.009811
777;0.874109;0.021976;0.305596
778;-0.017311;-0.117773;0.030429
779;-0.471535;-0.083914;-0.139277
780;0.053288;0.034370;-0.025499
781;0.312945;-0.014117;0.013646
782;-0.172118;-0.067638;-0.053285
783;-0.200640;-0.044213;-0.118467
784;-0.084161;-0.145968;-0.102301
785;-0.664865;-0.354377;-0.087267
786;-0.334812;-0.401200;-0.005811
787;-0.494231;-0.727418;-0.006521
788;-1.553839;-0.830239;0.045486
789;-0.993655;-0.225101;0.010017
790;-0.958381;-0.206936;0.149365
791;0.219997;-0.094762;0.402536
792;0.197971;0.610319;-0.116306
793;0.090251;0.254217;-0.096518
794;-0.050867;0.572569;-0.280317
795;-0.068880;0.302610;-0.236945
796;-0.009439;-0.458555;-0.289929
797;0.793850;-0.837541;0.445900
798;1.291990;-0.156687;0.417671
799;1.151253;-0.206197;0.404787
800;0.281708;-0.902415;0.093564
801;-0.989408;0.157708;-0.367562
802;0.764109;0.292486;0.014243
803;0.617401;-0.245488;0.364107
804;0.584551;0.092137;0.248280
805;-0.288254;-0.301721;-0.205519
806;-0.303787;0.013204;-0.037365
807;0.369152;0.062700;0.058283
808;0.132497;-0.029482;-0.070967
809;-0.344337;-0.033408;-0.059023
810;-0.159781;-0.052096;-0.038655
811;-0.324141;-0.171820;-0.045308
812;-0.496928;-0.463576;-0.049132
813;-0.418247;-0.558223;-0.052795
814;-0.848655;-0.859937;-0.140946
815;-0.989667;-0.508907;-0.017041
816;-0.742387;-0.201011;0.010299
817;0.018984;-0.114257;0.132297
818;0.060902;0.246347;0.011539
819;0.019610;0.374270;-0.182419
820;-0.257456;0.524492;-0.131503
821;-0.246603;0.469633;-0.183988
822;0.029747;-0.120130;-0.105137
823;0.583082;-0.647644;0.237951
824;1.286546;-0.465076;0.350692
825;0.930614;-0.330944;0.067133
826;0.771217;-0.219963;-0.231803
827;-1.565923;-1.229111;-1.140135
828;0.031395;0.052792;0.244035
829;0.639088;0.275886;0.163567
830;1.074845;-0.282477;0.573898
831;0.059490;-0.216833;-0.078583
832;-0.772216;0.004949;-0.319279
833;0.003608;0.005473;0.151662
834;0.463659;0.112030;0.021542
835;-0.196833;-0.142770;-0.102739
836;-0.296700;-0.039543;-0.143128
837;-0.276585;-0.056494;-0.061635
838;-0.424784;-0.363574;0.022322
839;-0.356724;-0.439145;0.011664
840;-0.720776;-1.010390;0.041254
841;-1.288938;-0.786449;0.080646
842;-0.596651;-0.104435;-0.095101
843;-0.354119;-0.177527;0.123768
844;-0.177716;0.164509;0.045606
845;0.108016;0.482726;-0.184689
846;-0.146385;0.610037;-0.110904
847;-0.023994;0.471159;-0.202632
848;0.201259;-0.082876;-0.089800
849;0.444175;-0.711093;-0.098434
850;0.803004;-0.332704;-0.021088
851;0.883225;-0.545398;0.377956
852;1.089228;-0.093692;0.045058
853;-0.503447;-0.442311;-0.445061
854;0.319098;0.239510;0.183453
855;0.276746;-0.042094;-0.084550
856;0.859259;-0.040645;0.188071
857;-0.087998;-0.134136;-0.029089
858;-0.303607;-0.057496;-0.099829
859;0.193849;-0.050351;-0.053605
860;0.224203;0.004719;-0.045728
861;-0.168679;-0.080487;-0.064416
862;-0.217776;-0.066852;0.030165
863;-0.427924;-0.119554;-0.097731
864;-0.591631;-0.407013;-0.059599
865;-0.504399;-0.622401;0.069941
866;-1.251675;-1.125298;0.197227
867;-0.845129;-0.351326;0.017623
868;-0.582261;-0.194663;0.024765
869;-0.136723;0.084204;0.025396
870;0.000778;0.321121;-0.251815
871;-0.269529;0.507127;-0.204331
872;-0.404956;0.433045;-0.197146
873;0.119540;0.025299;0.053743
874;0.694033;-0.275158;0.196193
875;0.885394;-0.572549;0.420525
876;0.848832;-0.046895;0.195988
877;0.660413;-0.269211;-0.034201
878;0.939421;-0.155469;-0.453874
879;-1.689813;-1.096471;-0.869194
880;0.462844;0.088684;0.024661
881;0.463158;0.288941;0.157529
882;0.886888;-0.053126;0.265441
883;-0.258957;-0.186427;-0.110803
884;-0.203758;-0.003867;-0.197858
885;0.132201;-0.056647;0.077397
886;0.088135;0.042061;0.010191
887;-0.203817;-0.015463;-0.117277
888;-0.038354;-0.141609;-0.043105
889;-0.258321;0.047230;-0.148883
890;-0.589268;-0.439066;-0.005088
891;-0.357300;-0.464181;-0.024213
892;-0.579828;-0.968071;0.086867
893;-1.443726;-0.484630;-0.012064
894;-0.689502;-0.258343;-0.094512
895;-0.496702;-0.262316;0.115126
896;-0.050999;0.099656;0.087823
897;-0.040874;0.427643;-0.208981
898;-0.167759;0.447995;-0.188044
899;-0.113399;0.476889;-0.269536
900;0.135620;0.108470;-0.116320
901;0.484325;-0.536304;0.020740
902;0.990004;-0.701823;0.351150
903;0.904918;-0.199224;0.114916
904;1.073074;-0.115897;0.038501
905;-0.928646;-0.275276;-0.403956
906;0.315009;0.358076;-0.144978
907;0.590674;-0.285569;-0.087041
908;0.921481;0.124441;0.187116
909;-0.101184;-0.287921;-0.029130
910;-0.143722;-0.067193;-0.054905
911;0.100324;-0.015095;0.035913
912;0.096980;-0.020703;-0.024028
913;-0.104255;-0.098230;-0.065576
914;-0.181880;-0.059408;-0.144283
915;-0.419867;-0.032514;-0.282856
916;-0.621685;-0.381959;-0.011489
917;-0.481891;-0.441074;0.101656
918;-0.871345;-0.898185;0.095159
919;-1.164222;-0.562326;0.118725
920;-0.644075;-0.323498;0.014683
921;-0.397593;-0.092183;0.117017
922;0.013597;0.105197;0.073112
923;0.089425;0.492091;-0.258461
924;-0.131976;0.451156;-0.061371
925;-0.052132;0.338278;-0.096188
926;0.285352;-0.058581;-0.203072
927;0.538388;-0.615628;0.105015
928;1.279239;-0.335795;0.414916
929;1.175866;-0.110664;0.272892
930;0.687814;-0.152200;0.030632
931;-0.853479;-0.376723;-0.154093
932;0.317520;0.433643;-0.222426
933;0.639421;-0.341273;0.258934
934;0.565264;0.199085;0.070029
935;-0.280290;-0.318021;-0.059784
936;-0.044301;0.005306;-0.106218
937;0.187805;-0.045350;0.026545
938;-0.007592;-0.037387;-0.037919
939;-0.195990;-0.053386;-0.105718
940;-0.129387;-0.036097;-0.154614
941;-0.449091;-0.064724;-0.207111
942;-0.420214;-0.405445;-0.005266
943;-0.277237;-0.381073;-0.115154
944;-0.900681;-0.993748;0.020216
945;-1.231575;-0.704734;0.038850
946;-0.659626;-0.211371;-0.007463
947;-0.318634;-0.135013;0.043303
948;-0.033766;0.175637;0.085809
949;0.227080;0.522696;-0.094267
950;0.019607;0.437611;-0.004862
951;0.092570;0.519169;-0.011492
952;0.035186;0.090690;-0.232861
953;0.174448;-0.627622;0.027831
954;1.356977;-0.516872;0.461470
955;1.126663;-0.146128;0.177739
956;0.755063;-0.203992;-0.013777
957;-0.979733;-0.225250;-0.275355
958;0.595267;0.191431;-0.346870
959;0.494982;-0.040846;0.216008
960;0.485726;0.087544;0.178946
961;-0.176775;-0.175823;-0.205971
962;-0.137080;-0.112047;-0.058404
963;0.159038;0.031184;0.033262
964;0.054239;-0.023581;-0.041476
965;-0.100771;-0.097421;-0.088813
966;-0.132008;-0.072002;-0.139271
967;-0.418236;-0.095040;-0.216433
968;-0.482083;-0.444705;-0.049690
969;-0.432447;-0.451032;-0.051242
970;-0.936133;-1.065155;-0.130323
971;-1.115956;-0.617767;-0.071305
972;-0.592346;-0.175487;-0.082768
973;-0.134093;-0.252084;0.203529
974;0.037054;0.275980;0.039817
975;0.088482;0.510233;-0.089173
976;-0.180623;0.402146;-0.109840
977;-0.043088;0.510542;-0.114109
978;0.006608;0.084921;-0.177358
979;0.296150;-0.684661;0.030600
980;1.414593;-0.509453;0.493761
981;1.089849;-0.135989;0.224053
982;0.727411;-0.344455;-0.028923
983;-0.805882;-0.183203;-0.413761
984;0.645351;0.249446;-0.222902
985;0.417041;-0.253355;0.250968
986;0.438425;0.187247;0.070990
987;-0.338196;-0.236597;-0.166217
988;-0.097702;-0.045793;-0.062687
989;0.151696;0.030138;0.056815
990;0.011132;-0.004541;-0.027773
991;-0.146623;-0.092947;-0.112146
992;-0.104698;-0.117223;-0.092179
993;-0.377167;-0.088747;-0.253470
994;-0.461697;-0.395939;-0.077292
995;-0.143912;-0.345085;-0.112061
996;-0.704186;-0.941522;-0.038154
997;-1.337819;-0.680048;-0.000022
998;-0.796054;-0.181141;-0.123368
999;-0.544549;-0.338244;0.125692
1000;-0.008099;0.078489;0.154422
1001;0.076120;0.444850;-0.095850
1002;-0.145892;0.220822;-0.001597
1003;-0.123980;0.539983;-0.160558
1004;-0.025938;0.339957;-0.151916
1005;0.202655;-0.359477;0.033722
1006;0.972090;-0.768767;0.478761
1007;1.228833;-0.105342;0.072180
1008;0.961501;-0.201825;-0.111727
1009;-0.643595;-0.720346;-0.332635
1010;0.474598;0.338662;-0.023047
1011;0.650814;-0.035922;0.192588
1012;0.576395;0.048173;0.068166
1013;-0.219082;-0.186363;-0.144393
1014;-0.111484;-0.062687;-0.043270
1015;0.199620;0.001761;0.013967
1016;0.041838;0.003624;-0.005430
1017;-0.088107;-0.069232;-0.116484
1018;-0.034288;-0.056402;-0.085339
1019;-0.267084;-0.068234;-0.181455
1020;-0.625217;-0.363616;-0.081629
1021;-0.387786;-0.415210;0.059295
1022;-0.676502;-0.998518;-0.008493
1023;-1.209070;-0.720339;0.021023
1024;-0.685484;-0.211601;-0.152491
1025;-0.313011;-0.192898;0.081292
1026;-0.130194;0.186014;-0.013202
1027;0.006712;0.346343;-0.177102
1028;-0.173181;0.474237;-0.098769
1029;-0.149369;0.533356;-0.331057
1030;0.010581;-0.021437;-0.144575
1031;0.361390;-0.584802;-0.117514
1032;0.834988;-0.717201;0.484576
1033;1.362990;-0.102517;0.428633
1034;0.958664;-0.419705;0.066564
1035;-0.612993;-0.328375;-0.476497
1036;0.369533;0.325295;-0.364452
1037;0.191754;-0.096577;0.183072
1038;0.734310;0.074362;0.228084
1039;-0.078372;-0.150494;-0.086130
1040;-0.208939;-0.120972;-0.070250
1041;0.084929;0.006304;-0.037514
1042;0.079488;-0.017769;-0.033770
1043;-0.069604;-0.063587;-0.068662
1044;-0.080559;-0.094397;-0.086754
1045;-0.348607;-0.107641;-0.208678
1046;-0.739862;-0.488658;-0.074823
1047;-0.603515;-0.519364;0.040317
1048;-0.846299;-1.008306;0.075830
1049;-1.053364;-0.453813;0.086480
1050;-0.638773;-0.259741;0.033600
1051;0.053801;-0.053010;0.137725
1052;-0.028124;0.350211;-0.035912
1053;-0.014548;0.247802;-0.223834
1054;-0.264488;0.536430;-0.247623
1055;-0.297071;0.233175;-0.238286
1056;-0.076751;-0.152785;-0.398251
1057;0.429224;-0.800567;0.214934
1058;1.619806;-0.364745;0.838440
1059;1.368874;-0.013488;0.456698
1060;0.634651;-0.140583;-0.051821
1061;-1.285177;-0.759877;-0.429645
1062;0.255770;0.268972;-0.056249
1063;0.680259;-0.015357;-0.069892
1064;0.710545;-0.007351;0.392374
1065;-0.024298;-0.166622;-0.061265
1066;-0.377226;-0.026335;-0.278968
1067;0.112711;-0.026697;0.070628
1068;0.259603;0.049494;0.006431
1069;-0.198602;-0.093671;-0.111490
1070;-0.222744;-0.158343;-0.066301
1071;-0.126810;-0.065793;-0.028047
1072;-0.517352;-0.266616;-0.119637
1073;-0.488711;-0.432601;-0.035900
1074;-0.528001;-0.795350;0.102834
1075;-1.074346;-0.839387;-0.008565
1076;-0.704536;-0.155762;-0.189824
1077;-0.605015;-0.213984;0.079542
1078;0.138950;-0.011551;0.132825
1079;0.089284;0.499598;-0.262010
1080;-0.234339;0.355448;-0.172976
1081;-0.307668;0.446831;-0.320943
1082;-0.037742;0.090704;-0.175300
1083;0.163112;-0.502152;-0.166322
1084;0.810019;-0.749100;0.558083
1085;1.591741;-0.109858;0.564529
1086;1.118435;-0.119999;0.221674
1087;-0.477335;-1.635770;-0.290133
1088;-0.355910;0.444442;-0.172504
1089;0.636919;0.149123;-0.105205
1090;0.862054;-0.186226;0.404650
1091;0.169726;-0.008522;0.007194
1092;-0.314641;-0.106935;-0.221653
1093;0.063274;-0.060180;-0.052004
1094;0.223038;0.020011;0.023410
1095;-0.140544;-0.038696;-0.059332
1096;-0.217707;-0.064959;-0.090155
1097;-0.081322;-0.087861;-0.083460
1098;-0.405408;-0.164409;-0.263868
1099;-0.641853;-0.428645;-0.059105
1100;-0.478347;-0.593699;0.008482
1101;-1.003177;-0.855765;-0.058758
1102;-1.002316;-0.356769;-0.066470
1103;-0.589936;-0.334700;-0.016742
1104;0.058604;-0.000409;0.147669
1105;-0.093307;0.472487;-0.076348
1106;-0.128962;0.172766;-0.158685
1107;-0.134506;0.539167;-0.137474
1108;-0.013639;0.399469;-0.144296
1109;0.223361;-0.285227;0.030993
1110;0.906714;-0.781139;0.335465
1111;1.302554;-0.124187;0.168889
1112;0.889470;-0.268549;0.078229
1113;-0.019993;-1.057426;-0.201511
1114;-0.240260;0.115814;-0.193989
1115;0.687348;0.313858;-0.073814
1116;0.667345;-0.281248;0.138567
1117;0.106713;0.014062;0.100558
1118;-0.302550;-0.140792;-0.202746
1119;-0.014293;-0.070937;-0.039917
1120;0.207643;0.035007;0.035564
1121;-0.015506;-0.049527;-0.105434
1122;-0.064520;-0.181971;-0.069481
1123;-0.140162;-0.034755;-0.050800
1124;-0.549138;-0.071996;-0.191166
1125;-0.517415;-0.413365;-0.007305
1126;-0.479308;-0.634080;0.129890
1127;-1.199276;-0.831065;0.066999
1128;-1.068788;-0.352905;0.041305
1129;-0.613785;-0.322470;0.001175
1130;0.085700;-0.055225;0.203999
1131;0.114917;0.315542;-0.139994
1132;-0.132810;0.454781;-0.243497
1133;-0.355743;0.503286;-0.294180
1134;-0.215606;0.311302;-0.214633
1135;0.201666;-0.431983;-0.129304
1136;0.819919;-0.978178;0.354503
1137;1.361765;-0.008250;0.103281
1138;0.991891;-0.321593;0.200639
1139;0.467154;-0.731933;-0.096114
1140;-0.661595;0.136315;-0.344748
1141;0.604941;0.347767;-0.009785
1142;0.474755;-0.300989;0.172571
1143;0.403096;0.121114;0.132068
1144;-0.119465;-0.214333;-0.190092
1145;-0.053250;-0.075686;-0.191104
1146;0.216449;0.013579;0.076833
1147;0.027496;-0.005195;-0.045255
1148;-0.159471;-0.096317;-0.151240
1149;-0.100263;-0.086088;-0.079120
1150;-0.278594;-0.063138;-0.173635
1151;-0.613007;-0.435643;-0.039388
1152;-0.434890;-0.449656;-0.044002
1153;-0.649686;-1.077783;-0.231535
1154;-1.242136;-0.810631;-0.051170
1155;-0.756970;-0.123356;-0.106913
1156;-0.332332;-0.171764;0.014557
1157;0.039962;0.081912;0.062465
1158;0.046106;0.544657;-0.268334
1159;-0.239018;0.317013;-0.091317
1160;-0.080399;0.453857;-0.264503
1161;0.047631;0.043760;-0.223672
1162;0.356787;-0.747394;0.039562
1163;1.180851;-0.611453;0.532054
1164;1.237484;-0.164808;0.415919
1165;0.967101;-0.114514;0.023647
1166;-1.003566;-0.486176;-0.564940
1167;0.800244;0.206971;-0.106448
1168;0.432612;-0.007812;0.096679
1169;0.667489;0.021946;0.409533
1170;-0.113085;-0.127520;-0.182536
1171;-0.369738;-0.061906;-0.204041
1172;0.101178;0.017556;0.088945
1173;0.200287;0.045520;0.020561
1174;-0.081035;-0.103912;-0.138511
1175;-0.163103;-0.111511;-0.098182
1176;-0.201439;-0.060344;-0.128757
1177;-0.500360;-0.223770;-0.123342
1178;-0.364819;-0.350352;-0.050894
1179;-0.395249;-0.510871;-0.159068
1180;-1.208936;-0.905908;-0.086457
1181;-1.111117;-0.349710;-0.024144
1182;-0.645310;-0.283923;0.027751
1183;-0.006691;-0.007926;0.151317
1184;-0.120115;0.370089;0.075814
1185;-0.114041;0.345735;-0.056871
1186;-0.124696;0.398139;0.044394
1187;0.211960;0.427426;0.010307
1188;0.321501;0.040630;-0.015424
1189;0.512870;-0.849433;0.456485
1190;1.423762;-0.137172;0.297068
1191;0.839712;-0.127237;-0.156988
1192;-0.093905;-0.997494;-0.261893
1193;-0.448776;0.279072;0.035255
1194;1.129304;0.284670;-0.004111
1195;1.019032;-0.509683;0.290449
1196;0.163233;0.067981;-0.006180
1197;-0.581259;-0.208707;-0.262100
1198;0.009146;0.023386;0.045462
1199;0.333602;0.124258;0.021426
1200;-0.183550;-0.120853;-0.081745
1201;-0.225382;-0.107686;-0.123778
1202;0.011475;-0.052415;-0.091924
1203;-0.478840;-0.162380;-0.136255
1204;-0.485399;-0.388162;-0.008753
1205;-0.376928;-0.714442;0.005746
1206;-1.263567;-0.832912;-0.115919
1207;-1.026940;-0.405577;-0.123414
1208;-0.425166;-0.377809;0.022992
1209;0.105508;-0.033530;0.128557
1210;0.083169;0.320006;-0.199920
1211;-0.347512;0.455288;-0.233334
1212;-0.388973;0.616562;-0.270870
1213;-0.431569;0.398857;-0.268903
1214;0.177982;-0.559914;0.048996
1215;1.011590;-0.723910;0.369097
1216;1.284603;-0.275063;0.554911
1217;1.010488;-0.281417;0.252201
1218;-0.391282;-1.394247;-0.376469
1219;-0.229307;0.257529;-0.394266
1220;0.646235;0.327274;-0.063183
1221;0.746549;-0.280451;0.550739
1222;0.296967;0.078166;-0.074192
1223;-0.366378;-0.145834;-0.187841
1224;-0.070002;-0.044846;0.004987
1225;0.266865;0.041974;0.023813
1226;0.001355;-0.029100;-0.076419
1227;-0.165148;-0.127385;-0.097154
1228;-0.072458;-0.066379;-0.097686
1229;-0.311803;-0.132939;-0.191198
1230;-0.659555;-0.480201;-0.068377
1231;-0.597066;-0.469495;-0.019655
1232;-0.972050;-1.072759;-0.091099
1233;-1.173100;-0.541770;0.101804
1234;-0.603670;-0.190702;-0.066767
1235;-0.045645;-0.106158;0.084489
1236;-0.019012;0.239123;0.045839
1237;0.047508;0.468128;-0.161143
1238;-0.181095;0.487998;-0.119802
1239;-0.084724;0.470195;-0.151758
1240;0.083605;-0.122558;-0.140057
1241;0.642569;-0.795146;0.142470
1242;1.279514;-0.388673;0.196497
1243;1.160149;-0.265294;0.301105
1244;0.439246;-0.837548;-0.062710
1245;-0.681781;0.144230;-0.481885
1246;0.610250;0.169566;-0.028937
1247;0.615925;-0.128990;0.202380
1248;0.430352;0.054716;0.157008
1249;-0.215882;-0.163176;-0.211760
1250;-0.127311;-0.102192;-0.098350
1251;0.209123;0.010108;0.070540
1252;0.067856;-0.020903;-0.062192
1253;-0.114201;-0.089198;-0.104353
1254;-0.067192;-0.057936;-0.036244
1255;-0.303446;-0.060103;-0.219608
1256;-0.689674;-0.426560;-0.093674
1257;-0.378331;-0.421106;-0.037171
1258;-0.660018;-1.101940;-0.115463
1259;-1.143861;-0.679957;-0.026157
1260;-0.602806;-0.177087;-0.138607
1261;-0.343823;-0.259009;0.032316
1262;0.041034;0.120357;-0.000731
1263;-0.044669;0.481335;-0.277728
1264;-0.284588;0.311981;-0.073151
1265;-0.090398;0.450397;-0.221720
1266;-0.040621;0.072024;-0.312169
1267;0.348718;-0.612019;0.029878
1268;1.213192;-0.670064;0.544703
1269;1.202787;-0.121683;0.161506
1270;0.908959;-0.130345;-0.041875
1271;-0.756385;-0.603245;-0.194323
1272;0.540543;0.190066;-0.149449
1273;0.622500;-0.052816;-0.115440
1274;0.459031;-0.060351;0.213634
1275;-0.073427;-0.127973;-0.151017
1276;-0.197150;-0.097060;-0.115663
1277;0.113773;0.018776;0.029097
1278;0.088396;0.011515;-0.039968
1279;-0.059480;-0.103887;-0.101203
1280;-0.049138;-0.084080;-0.120036
1281;-0.315771;-0.110749;-0.125367
1282;-0.538427;-0.400559;-0.127284
1283;-0.327307;-0.425601;-0.076419
1284;-0.618232;-0.692594;-0.040795
1285;-1.387990;-0.807195;0.032699
1286;-0.798715;-0.212647;-0.083187
1287;-0.555994;-0.311571;0.075684
1288;0.097774;0.087880;0.171068
1289;0.058607;0.595531;-0.142993
1290;-0.145755;0.294791;-0.089121
1291;-0.073600;0.474669;-0.160665
1292;0.023470;0.308007;-0.171574
1293;0.145079;-0.503457;-0.019885
1294;1.008098;-0.772252;0.567324
1295;1.253002;-0.173187;0.099900
1296;0.898023;-0.205641;-0.166577
1297;-1.296849;-1.188087;-0.873206
1298;0.472178;0.333959;-0.116289
1299;0.711017;0.060292;0.131675
1300;0.903739;-0.011575;0.212449
1301;-0.271206;-0.211921;-0.135188
1302;-0.220074;-0.002121;-0.182107
1303;0.258265;-0.099820;0.020565
1304;0.113267;0.033358;-0.011480
1305;-0.211750;-0.073127;-0.112048
1306;-0.034384;-0.073346;-0.026654
1307;-0.185269;-0.024471;-0.097600
1308;-0.411600;-0.323022;-0.180211
1309;-0.609670;-0.487132;-0.195567
1310;-0.511645;-0.745114;-0.198185
1311;-1.122178;-0.868193;-0.155182
1312;-0.676230;-0.265997;-0.087250
1313;-0.243682;-0.314831;0.129615
1314;-0.124293;0.190316;0.216861
1315;0.064353;0.445716;-0.087149
1316;-0.095931;0.305720;0.083670
1317;0.057582;0.488156;-0.098779
1318;-0.108564;0.383069;-0.230764
1319;0.032438;-0.524575;0.015754
1320;1.042094;-0.683052;0.558892
1321;1.320554;-0.052746;0.189753
1322;0.800050;-0.296126;0.064920
1323;-0.898072;-0.915931;-0.623662
1324;0.207019;0.295636;-0.120677
1325;0.901697;-0.117926;0.058291
1326;0.769470;0.070273;0.137515
1327;-0.232442;-0.221727;-0.040108
1328;-0.192604;-0.030060;-0.178487
1329;0.154161;-0.040559;0.004519
1330;0.148911;0.017782;0.008269
1331;-0.075883;-0.078488;-0.087627
1332;-0.047548;-0.124152;-0.002664
1333;-0.222512;-0.052742;-0.082505
1334;-0.558935;-0.375412;-0.151473
1335;-0.781091;-0.519878;-0.111953
1336;-0.879753;-1.019922;-0.179064
1337;-0.996961;-0.629818;0.019375
1338;-0.482683;-0.186418;-0.016029
1339;0.012439;0.020695;0.125686
1340;-0.074370;0.299967;-0.098946
1341;0.072851;0.411654;-0.211243
1342;-0.260450;0.516833;-0.227394
1343;-0.328601;0.335330;-0.276586
1344;0.081232;-0.309064;-0.246433
1345;0.508003;-0.606578;-0.008332
1346;1.058540;-0.352614;0.361025
1347;1.144422;-0.252462;0.386736
1348;1.002236;-0.158503;-0.051270
1349;-0.978381;-0.422360;-0.399013
1350;0.489128;-0.005777;-0.154369
1351;0.502226;0.115397;-0.203901
1352;0.509179;-0.009642;0.359293
1353;-0.058304;-0.167536;-0.076667
1354;-0.362917;-0.057244;-0.265655
1355;0.018158;0.035944;0.062984
1356;0.297085;-0.002190;-0.024595
1357;-0.060590;-0.118866;-0.127271
1358;-0.113768;-0.065540;-0.042043
1359;-0.029749;-0.128176;0.040529
1360;-0.407632;-0.334485;-0.200331
1361;-0.642392;-0.595287;-0.203628
1362;-0.574527;-0.735697;0.031170
1363;-1.317186;-0.776445;0.091843
1364;-0.784791;-0.251120;-0.145431
1365;-0.485115;-0.148612;0.071874
1366;0.059089;-0.007042;0.148727
1367;0.053823;0.528922;-0.230246
1368;-0.246099;0.397504;-0.185774
1369;-0.223409;0.457987;-0.223008
1370;-0.051319;-0.028480;-0.129059
1371;0.412825;-0.512981;0.020447
1372;0.981370;-0.659013;0.432035
1373;1.048092;-0.172675;0.252274
1374;1.022620;-0.097605;0.079175
1375;-0.632719;-1.768724;-0.507940
1376;-0.006793;0.575696;-0.081071
1377;0.857444;-0.062029;-0.006559
1378;0.758191;-0.146607;0.285546
1379;0.142717;-0.100002;0.009549
1380;-0.282696;-0.074365;-0.209772
1381;-0.094049;-0.101625;0.014680
1382;0.239805;0.120709;0.085775
1383;-0.062853;-0.058830;-0.132696
1384;-0.132928;-0.076879;-0.098902
1385;0.088653;-0.110864;-0.026204
1386;-0.224587;-0.197738;-0.123950
1387;-0.750238;-0.434074;-0.128806
1388;-0.454978;-0.533865;-0.006901
1389;-0.798121;-0.868758;-0.128779
1390;-1.178717;-0.596968;0.066442
1391;-0.620176;-0.232620;-0.041406
1392;-0.236345;-0.052163;0.048192
1393;0.022377;0.140616;0.028710
1394;-0.002816;0.456152;-0.248806
1395;-0.290828;0.403249;-0.098170
1396;-0.205363;0.419382;-0.221786
1397;0.113134;-0.159754;-0.133979
1398;0.556661;-0.575161;0.080376
1399;1.176304;-0.397491;0.466634
1400;0.896435;-0.303845;0.141388
1401;1.027850;-0.052581;-0.256223
1402;-1.155701;-0.811079;-0.502828
1403;0.591545;0.278249;-0.090585
1404;0.777982;-0.030509;-0.075103
1405;0.643802;-0.053868;0.242418
1406;-0.088713;-0.157420;-0.093242
1407;-0.357891;-0.041434;-0.179344
1408;0.090709;0.038888;0.059274
1409;0.213205;0.023676;-0.036524
1410;-0.177906;-0.090541;-0.125036
1411;-0.131672;-0.096953;-0.022507
1412;-0.003417;-0.121898;-0.008607
1413;-0.505081;-0.275015;-0.233696
1414;-0.678782;-0.533411;-0.081821
1415;-0.605888;-0.869280;0.026345
1416;-1.156945;-0.790247;0.037749
1417;-0.817947;-0.239569;-0.125490
1418;-0.685436;-0.137759;0.097818
1419;0.223855;0.029923;0.235701
1420;0.039137;0.606040;-0.211175
1421;-0.172301;0.323860;-0.157511
1422;-0.080885;0.421610;-0.166975
1423;0.026483;0.119244;-0.154391
1424;0.201722;-0.511927;0.009580
1425;0.672630;-0.627008;0.239839
1426;1.038385;-0.320568;0.389026
1427;1.141565;-0.159839;0.133357
1428;0.380618;-0.726687;-0.111225
1429;-0.849642;0.152422;-0.356884
1430;0.893078;0.176239;0.053352
1431;0.833118;-0.161108;0.172407
1432;0.438274;0.070073;0.258593
1433;-0.232638;-0.167557;-0.195575
1434;-0.346754;-0.031403;-0.172331
1435;0.180370;0.007192;0.081600
1436;0.201188;-0.012346;-0.106302
1437;-0.257177;-0.120878;-0.087488
1438;-0.071473;-0.087015;-0.033502
1439;0.037191;-0.113946;-0.010751
1440;-0.591747;-0.336425;-0.188297
1441;-0.647370;-0.543523;-0.081507
1442;-0.598125;-0.874242;-0.191558
1443;-1.122061;-0.757777;-0.028010
1444;-0.746359;-0.154101;-0.114889
1445;-0.542890;-0.107158;0.103904
1446;0.090501;0.067163;0.152543
1447;0.086432;0.530559;-0.225332
1448;-0.236695;0.323359;-0.049398
1449;-0.178865;0.460395;-0.140762
1450;0.009861;0.049323;-0.030560
1451;0.376399;-0.518844;0.124774
1452;0.918424;-0.663249;0.398290
1453;0.884790;-0.154238;0.061004
1454;0.952856;-0.260004;-0.137294
1455;-0.793057;-1.434033;-0.631224
1456;0.165260;0.231413;-0.023410
1457;0.856900;0.310530;-0.000952
1458;0.792853;-0.346694;0.396583
1459;0.105822;-0.025453;-0.032949
1460;-0.454305;-0.108692;-0.291312
1461;-0.014271;-0.052374;0.025586
1462;0.241098;0.092011;0.128431
1463;-0.120608;-0.041149;-0.111049
1464;-0.129479;-0.060986;-0.153717
1465;0.021726;-0.105250;-0.116368
1466;-0.404598;-0.218879;-0.077821
1467;-0.507752;-0.408010;-0.062822
1468;-0.526393;-0.633794;-0.067384
1469;-1.226145;-0.896551;-0.138808
1470;-1.108939;-0.415311;0.016585
1471;-0.524350;-0.273814;-0.024599
1472;-0.053169;-0.000186;0.224861
1473;-0.037188;0.398321;-0.118048
1474;-0.069928;0.282522;-0.129260
1475;-0.212158;0.499007;-0.086457
1476;-0.091021;0.365790;-0.096044
1477;0.268869;-0.280885;0.033480
1478;0.721279;-0.657738;0.310259
1479;1.194800;-0.168848;0.285817
1480;0.711882;-0.229180;-0.077127
1481;0.365490;-0.857007;-0.159935
1482;-0.461561;0.220300;-0.339484
1483;0.964266;0.162817;-0.035805
1484;0.771508;-0.261207;0.210072
1485;0.221095;0.043174;0.159037
1486;-0.320781;-0.168220;-0.166741
1487;-0.150870;-0.000371;-0.047275
1488;0.231175;0.012932;0.054976
1489;0.060436;-0.069434;-0.129680
1490;-0.155387;-0.087468;-0.112501
1491;-0.020882;-0.028543;0.090737
1492;-0.170231;-0.204995;-0.133216
1493;-0.600117;-0.366983;-0.293751
1494;-0.764935;-0.606975;-0.085343
1495;-1.081790;-0.962882;-0.012853
1496;-1.019870;-0.582533;0.059972
1497;-0.531803;-0.220486;0.001259
1498;-0.063149;0.050443;0.133768
1499;0.024795;0.284116;-0.069771
1500;-0.106053;0.424734;-0.258578
1501;-0.276723;0.400443;-0.142631
1502;-0.091127;0.308053;-0.134229
1503;0.298183;-0.255384;-0.072010
1504;0.619060;-0.617354;0.125268
1505;1.093868;-0.293131;0.381926
1506;0.950154;-0.134991;0.221507
1507;1.113523;-0.141204;-0.043382
1508;-1.290561;-0.486032;-0.676891
1509;0.749775;0.241458;-0.226142
1510;0.746463;-0.070992;0.221339
1511;0.641788;0.008101;0.346022
1512;-0.186997;-0.094111;-0.192904
1513;-0.584559;-0.011430;-0.213038
1514;0.171454;-0.024920;0.051319
1515;0.250178;0.033545;0.017042
1516;-0.140346;-0.127542;-0.129732
1517;-0.084830;-0.092770;-0.083933
1518;-0.126655;-0.126879;0.033686
1519;-0.358690;-0.274307;-0.201577
1520;-0.658753;-0.441634;-0.216011
1521;-0.784559;-0.778867;-0.069745
1522;-1.179483;-0.791119;-0.046375
1523;-0.668176;-0.280957;-0.056312
1524;-0.389953;-0.177596;0.120103
1525;-0.150252;0.130522;0.069867
1526;0.104049;0.461918;-0.187507
1527;-0.087438;0.402231;-0.032729
1528;0.055718;0.402148;-0.197601
1529;0.097724;0.092865;-0.198024
1530;0.370831;-0.406390;-0.113590
1531;0.961137;-0.572556;0.448429
1532;0.985629;-0.124847;0.229067
1533;0.997501;0.104120;0.121853
1534;-0.067438;-0.925139;-0.128473
1535;0.706283;0.065201;-0.303190
1536;0.336917;0.088084;0.095790
1537;0.313636;-0.093703;0.170792
1538;0.007706;-0.070197;-0.140390
1539;-0.202388;-0.086488;-0.077029
1540;0.022847;-0.024021;-0.007854
1541;0.103131;0.038039;-0.043651
1542;-0.124387;-0.078687;-0.082800
1543;-0.110727;-0.166997;-0.008056
1544;-0.284923;-0.187735;-0.196106
1545;-0.473439;-0.364947;-0.303492
1546;-0.580963;-0.546514;-0.144060
1547;-0.930717;-0.876195;-0.117537
1548;-1.065269;-0.556535;-0.014161
1549;-0.648291;-0.304088;0.025352
1550;-0.023833;-0.064558;0.130873
1551;-0.051263;0.327158;-0.114768
1552;0.099580;0.170564;-0.175484
1553;-0.105439;0.533994;-0.205062
1554;-0.146804;0.175071;-0.176977
1555;-0.043976;-0.107807;-0.424303
1556;0.535832;-0.701560;0.267526
1557;1.289434;-0.094770;0.310664
1558;0.853580;0.055075;0.189079
1559;0.660972;0.034492;0.154260
1560;-0.528188;-0.773430;-0.005782
1561;0.547283;-0.164569;-0.465186
1562;0.179728;0.105383;0.003423
1563;0.310055;0.046415;0.130419
1564;0.040292;-0.074187;-0.066582
1565;-0.355423;-0.043955;-0.042158
1566;-0.009248;-0.068311;-0.123555
1567;0.119174;-0.064329;-0.072042
1568;-0.051012;-0.041425;-0.083131
1569;-0.058287;-0.035117;-0.129689
1570;-0.032513;-0.098296;-0.094159
1571;-0.121399;0.079421;-0.094783
1572;-0.200501;-0.038830;-0.087066
1573;-0.114240;-0.033438;-0.063414
1574;-0.132635;-0.078282;-0.021269
1575;-0.105338;-0.059145;-0.100014
1576;0.094809;-0.079501;-0.074786
1577;0.059896;-0.111943;-0.064900
1578;-0.237773;-0.177245;-0.154156
1579;-0.492582;-0.209023;-0.149233
1580;-0.430441;-0.331544;-0.135652
1581;-0.400714;-0.327127;-0.136947
1582;-0.258024;-0.117298;-0.089911
1583;-0.055007;-0.000719;0.151286
1584;0.036312;0.221862;-0.155198
1585;-0.080611;0.261840;-0.152330
1586;-0.209476;0.502532;-0.254472
1587;-0.174579;0.050030;-0.241529
1588;0.522865;-0.142543;-0.089174
1589;0.746341;-0.263364;0.196685
1590;0.663277;0.020347;0.004000
1591;0.221393;0.070675;-0.109711
1592;-0.009187;0.114223;-0.230191
1593;0.040253;-0.062838;0.036490
1594;0.067053;-0.426263;0.027318
1595;-0.161467;0.073579;-0.309842
1596;-0.191055;-0.011258;-0.203328
1597;0.156448;0.014440;0.001984
1598;0.193131;-0.064243;-0.041957
1599;-0.053661;-0.012857;-0.122345
1600;-0.171006;-0.016648;-0.099413
1601;-0.035532;0.005111;-0.054701
1602;0.010471;-0.021763;-0.067396
1603;-0.063036;-0.017700;-0.061698
1604;-0.101525;-0.007217;-0.098991
1605;0.005670;-0.038980;-0.079149
1606;0.016554;-0.020575;-0.078797
1607;-0.057221;0.022487;-0.088455
1608;-0.018765;-0.056780;-0.091622
1609;0.076782;-0.045593;-0.093525
1610;0.029662;-0.024673;-0.079744
1611;-0.000445;-0.018248;-0.058056
1612;0.019700;-0.013849;-0.066926
1613;0.002505;-0.018315;-0.077640
1614;0.026000;-0.021908;-0.062121
1615;0.031000;-0.014364;-0.055702
1616;0.019818;-0.029922;-0.054615
1617;0.000600;-0.014166;-0.054721
1618;0.001327;-0.015270;-0.051812
1619;0.001337;-0.001297;-0.053637
1620;0.002489;-0.013008;-0.049654
1621;0.016038;-0.019864;-0.045703
1622;0.009961;-0.015297;-0.048553
1623;0.009244;-0.022519;-0.045411
1624;0.016550;-0.021322;-0.047557
1625;0.026528;-0.024828;-0.052819
1626;0.021333;-0.021455;-0.060517
1627;-0.047130;0.005711;-0.009985
1628;-0.000269;0.014747;0.005767
1629;0.015074;-0.007068;-0.019440
1630;0.007387;-0.004731;-0.054136
1631;0.002520;-0.019953;-0.034114
1632;0.011363;0.005222;-0.026741
1633;-0.001793;-0.014029;-0.024134
1634;-0.001740;-0.025830;-0.040971
1635;-0.017471;-0.005153;-0.045649
1636;-0.031476;-0.003843;-0.014828
1637;-0.000274;-0.002499;-0.003315
1638;0.006475;0.001288;-0.020035
1639;0.026438;-0.003512;-0.024756
1640;0.028192;-0.021645;-0.018703
1641;0.037481;-0.030904;-0.007748
1642;0.033182;0.005389;-0.010150
1643;0.015154;-0.002174;-0.019407
1644;-0.008980;-0.013662;-0.019319
1645;-0.015918;0.007633;-0.022227
1646;-0.056527;0.027324;-0.012745
1647;-0.018633;-0.011926;-0.012790
1648;0.018227;0.002677;-0.042903
1649;-0.019554;-0.010606;-0.024454
1650;-0.003011;0.003945;-0.020685
1651;-0.018441;-0.010039;-0.017508
1652;-0.022079;0.006222;-0.021685
1653;-0.034749;-0.002619;-0.026083
1654;-0.013551;-0.011121;-0.034391
1655;-0.006924;-0.000597;-0.020971
1656;0.009323;-0.011208;-0.010643
1657;-0.013449;0.001326;-0.003249
1658;-0.034436;0.003292;0.006611
1659;-0.037173;-0.000069;-0.010480
1660;0.024427;0.032870;-0.012737
1661;0.061747;-0.017050;0.072575
1662;-0.040687;0.005975;-0.009068
1663;-0.052259;0.044613;-0.068720
1664;0.087360;-0.064715;-0.046479
1665;0.146201;-0.026189;-0.033338