index;x;y;z
0;-0.001601;0.007737;-0.010774
1;0.004094;-0.009430;0.043776
2;0.050140;0.020140;0.003605
3;0.003613;-0.021071;0.006558
4;-0.039330;0.002583;-0.023451
5;0.002834;-0.005659;-0.010157
6;0.026034;0.006624;0.007736
7;0.021489;0.001465;0.007881
8;-0.014335;-0.004200;-0.003590
9;0.001056;-0.001840;-0.014588
10;0.025927;-0.009802;0.009955
11;-0.001395;0.000404;-0.003791
12;-0.012091;-0.006157;-0.018098
13;-0.017947;-0.006449;-0.005601
14;-0.012576;0.006391;0.004364
15;-0.016710;-0.005978;0.006953
16;-0.034806;-0.011414;0.002756
17;0.006206;-0.001127;0.007147
18;0.007812;0.003264;0.015635
19;-0.010968;-0.009243;0.003283
20;0.007227;-0.000277;-0.004578
21;0.023807;0.000512;0.001494
22;0.013600;-0.003864;0.003869
23;0.021738;-0.000912;0.006771
24;-0.004082;0.000825;0.004000
25;-0.015848;-0.004694;-0.001226
26;-0.005975;-0.000524;0.004138
27;0.011860;-0.006141;0.008452
28;0.000463;-0.005690;0.000872
29;-0.016346;-0.001198;-0.009042
30;-0.019575;-0.005590;-0.003442
31;0.002486;-0.007827;0.005226
32;0.004825;-0.004557;0.001095
33;-0.018666;-0.005840;-0.006677
34;-0.013149;-0.006806;-0.008882
35;-0.003484;-0.002779;0.005432
36;-0.003816;0.001364;0.009158
37;0.011634;-0.004311;0.002793
38;0.000532;-0.001755;-0.005179
39;-0.010467;-0.000673;0.000858
40;0.009801;-0.002792;0.001608
41;0.004817;-0.000356;0.002298
42;-0.002177;-0.001575;0.001883
43;0.007158;-0.004857;-0.000028
44;0.009106;-0.005005;0.002003
45;0.000754;0.000652;-0.001186
46;0.002344;-0.003599;0.001585
47;0.001910;-0.001889;0.003631
48;0.000850;-0.001414;-0.000344
49;-0.008615;-0.003642;-0.001095
50;-0.000052;-0.004868;0.000501
51;0.003322;-0.001413;0.002096
52;0.005999;-0.003199;-0.000771
53;-0.000060;-0.000692;0.000042
54;0.003154;-0.003593;0.000416
55;-0.001501;-0.001702;0.000766
56;-0.001112;-0.003130;0.000767
57;0.003425;-0.003604;-0.001712
58;0.000588;-0.006641;0.002640
59;0.001126;0.001620;-0.000766
60;0.001192;-0.006110;0.000316
61;0.000416;0.000714;-0.000812
62;-0.007426;-0.003928;-0.000934
63;0.004791;-0.007857;-0.000891
64;-0.002277;0.004270;-0.000378
65;0.000652;-0.009984;0.002396
66;-0.001077;-0.000915;-0.003390
67;-0.008861;-0.000300;0.000739
68;0.004857;-0.009218;0.001964
69;-0.000385;-0.000086;-0.000773
70;-0.006920;-0.003725;-0.000177
71;0.006802;-0.005489;0.001127
72;-0.003356;-0.001379;0.000843
73;0.002859;-0.007090;-0.001102
74;0.001241;0.002975;-0.000815
75;0.001707;-0.006810;0.003964
76;0.001298;-0.003399;0.001579
77;-0.009355;-0.002228;0.000864
78;0.000864;-0.002461;0.000078
79;0.004060;0.001081;0.000765
80;0.002601;-0.003606;0.003456
81;-0.003285;-0.002968;0.000689
82;-0.002672;-0.003911;0.002371
83;-0.001316;-0.000910;0.000313
84;0.007950;-0.002981;-0.004136
85;0.014824;-0.002400;-0.003545
86;0.011981;-0.007835;-0.005134
87;-0.019638;-0.002684;-0.005176
88;-0.001914;-0.004705;0.000549
89;0.003365;0.011835;0.001459
90;0.017296;-0.024269;0.006012
91;0.043945;0.005988;-0.005542
92;0.043954;-0.021791;0.017571
93;0.022148;0.011548;-0.004110
94;0.047520;-0.010405;-0.001926
95;0.029984;-0.008593;-0.002742
96;-0.032944;0.006060;0.008240
97;-0.018901;-0.014296;0.011986
98;-0.018480;-0.001018;0.026649
99;-0.024614;0.006539;0.023344
100;-0.042390;0.006751;0.023218
101;-0.081763;-0.000836;0.023220
102;-0.091316;-0.014703;0.013436
103;-0.087224;-0.037009;0.009565
104;-0.126037;-0.103658;-0.014113
105;-0.145606;-0.273107;0.020115
106;-0.137508;-0.247973;0.042885
107;-0.080822;-0.039112;0.033905
108;0.074575;0.173715;0.076057
109;0.023511;0.189752;-0.013345
110;-0.089632;0.193246;-0.041547
111;-0.070178;0.146716;-0.096112
112;0.006349;0.057121;-0.082141
113;0.165168;0.043831;-0.075831
114;0.182209;0.065967;-0.058327
115;0.139689;-0.038208;-0.054595
116;0.139838;-0.076581;-0.028023
117;0.024585;-0.051602;0.002904
118;0.099837;-0.038301;-0.002637
119;0.176109;-0.034695;0.006865
120;0.145480;-0.061097;0.031664
121;-0.265309;-0.239398;0.033477
122;-0.268995;-0.002732;-0.076988
123;0.158734;-0.094806;-0.193860
124;0.059150;0.189006;0.100266
125;0.530468;-0.053130;0.172656
126;0.072517;0.099975;-0.046480
127;-0.191712;-0.137061;0.046198
128;0.153218;0.092316;0.013454
129;0.191805;-0.074767;0.114191
130;0.000784;-0.047638;-0.098817
131;-0.261043;0.010654;0.001122
132;-0.096431;-0.002263;0.048031
133;0.030974;0.011635;0.049453
134;-0.025494;0.021393;-0.033004
135;-0.306729;-0.015866;-0.013553
136;-0.266113;0.014655;0.104665
137;0.105057;-0.031750;0.067372
138;0.169050;-0.089782;0.010228
139;0.091560;-0.152749;0.001208
140;-0.157036;-0.248939;0.119833
141;-0.301613;-0.240575;0.047080
142;-0.431116;-0.237289;0.010262
143;-0.447437;-0.175478;-0.003037
144;-0.719900;-0.192061;0.042020
145;-0.670526;-0.217041;0.073583
146;-0.071194;-0.219099;0.013875
147;0.051615;-0.130008;0.222352
148;0.089180;0.209511;-0.034379
149;0.074897;0.158458;0.078254
150;0.020852;0.362594;-0.065112
151;-0.058222;0.256999;-0.183924
152;0.231086;-0.012330;-0.043089
153;0.345372;-0.017388;-0.032663
154;0.417864;0.030132;-0.015619
155;0.260335;0.000573;-0.128720
156;0.209255;-0.166784;-0.051524
157;0.365367;-0.173741;-0.004035
158;0.294615;0.001368;-0.089327
159;0.141970;-0.026009;-0.021942
160;0.097290;-0.245286;0.204454
161;-0.248642;-0.270892;-0.129951
162;0.284779;0.051169;-0.112071
163;0.064778;0.045145;-0.282085
164;0.099298;0.059362;0.220029
165;0.359142;-0.058229;0.240420
166;0.152421;0.050534;0.063951
167;-0.101342;-0.077709;-0.064124
168;-0.138987;-0.024711;-0.070658
169;0.050658;0.012918;0.108148
170;0.054299;0.037051;0.094485
171;-0.196539;-0.017597;-0.041709
172;-0.246342;-0.014400;-0.038656
173;-0.216062;0.056246;0.006426
174;-0.260865;-0.074712;0.057256
175;-0.130523;-0.035811;0.084535
176;0.278065;-0.184401;0.034415
177;-0.060113;-0.254795;0.068231
178;-0.560002;-0.394195;0.105394
179;-0.531765;-0.332411;-0.014082
180;-0.573879;-0.282396;-0.008111
181;-0.942343;-0.137196;-0.044006
182;-0.514959;-0.359580;-0.001018
183;-0.083535;-0.182226;0.368695
184;0.092980;0.069032;-0.037388
185;0.191435;0.304502;0.038213
186;0.177496;0.223289;0.044804
187;-0.026813;0.420258;-0.165003
188;0.120988;0.131417;-0.012529
189;0.380925;0.161279;-0.114240
190;0.403611;0.064630;-0.082542
191;0.494793;-0.061273;-0.014933
192;0.255060;-0.169787;-0.161414
193;0.058881;-0.159163;-0.088905
194;0.239699;-0.127533;-0.028785
195;0.202126;-0.066693;-0.050055
196;0.079883;-0.464544;0.199413
197;-0.414875;-0.004945;-0.210712
198;0.393614;-0.000896;-0.037385
199;0.294112;0.074441;-0.127568
200;0.392697;0.075601;0.291080
201;0.244285;-0.077395;-0.056132
202;-0.158139;0.008851;-0.048242
203;0.130639;-0.059574;0.076241
204;0.290197;0.027774;0.068728
205;-0.217141;0.028206;0.043861
206;-0.465043;-0.007698;-0.020892
207;-0.215748;-0.024741;-0.043264
208;-0.083762;-0.011716;0.063298
209;-0.058907;-0.018575;0.009645
210;-0.060669;-0.077431;0.014055
211;-0.075966;-0.125136;0.064000
212;-0.091931;-0.202540;0.019577
213;-0.319531;-0.294946;0.097287
214;-0.599422;-0.398880;0.154648
215;-0.572329;-0.398426;-0.030032
216;-0.800901;-0.302660;0.129912
217;-0.572175;-0.357869;-0.003546
218;-0.068588;-0.270375;0.243854
219;-0.125008;0.020198;-0.029239
220;0.121012;0.330038;-0.083087
221;-0.008932;0.255074;-0.018553
222;-0.004340;0.396607;-0.067071
223;0.162935;0.268957;-0.045416
224;0.352182;0.178394;-0.101241
225;0.313138;0.067758;-0.088607
226;0.502655;-0.252430;-0.020431
227;0.247675;-0.203001;-0.052980
228;0.156141;-0.097313;0.053151
229;0.445021;0.033120;0.049310
230;0.088891;-0.867931;0.259953
231;-0.443579;-0.201453;-0.277544
232;0.578135;0.191492;-0.005279
233;0.306003;0.231389;0.033989
234;0.494211;0.032618;0.286007
235;0.220376;-0.035586;-0.035757
236;-0.365364;-0.097688;0.004081
237;-0.027814;0.026976;0.018775
238;0.313047;-0.034041;0.057551
239;-0.197628;0.035701;0.010079
240;-0.430330;-0.023330;0.019489
241;-0.025097;-0.023416;0.009006
242;-0.023653;-0.047851;0.018400
243;-0.200445;-0.036942;-0.066655
244;-0.262921;-0.200294;0.004950
245;-0.105949;-0.245392;0.093320
246;-0.316965;-0.387378;0.140737
247;-0.742657;-0.475731;0.093179
248;-0.853263;-0.472712;-0.000418
249;-0.751716;-0.287384;0.000802
250;-0.229792;-0.509384;0.146873
251;-0.008713;-0.058707;0.146591
252;0.085802;0.218074;-0.035748
253;0.103782;0.391501;-0.007742
254;-0.029226;0.386266;0.065547
255;-0.242948;0.591294;-0.171113
256;0.140632;0.182011;0.073785
257;0.629055;-0.010000;0.040147
258;0.399635;-0.187830;-0.053310
259;0.369952;-0.282536;-0.015973
260;0.274388;-0.116275;0.023339
261;0.395451;-0.077186;-0.060428
262;0.312863;-0.063601;-0.053404
263;-0.449436;-0.750075;-0.776933
264;0.298672;0.164839;-0.116653
265;0.757499;0.042723;-0.200088
266;0.522257;0.088608;0.379394
267;0.293976;0.084785;0.137521
268;-0.331146;-0.124807;-0.148651
269;-0.231078;-0.027739;-0.029474
270;0.260094;0.036675;0.074821
271;0.235912;0.003863;0.033244
272;-0.207279;-0.038561;-0.062621
273;-0.404772;0.014696;-0.016445
274;-0.036484;-0.083678;0.041750
275;-0.141724;-0.082935;0.027792
276;-0.469159;-0.234563;0.010539
277;-0.322585;-0.289553;0.087421
278;-0.562376;-0.592687;0.147115
279;-0.785681;-0.617946;0.028759
280;-1.043829;-0.410597;-0.059752
281;-0.519411;-0.477037;0.020644
282;-0.006038;-0.372524;0.176519
283;-0.141105;0.047140;0.033478
284;0.160257;0.545667;-0.114046
285;0.198085;0.358370;-0.023369
286;-0.029249;0.587236;-0.090522
287;-0.188798;0.570511;-0.194239
288;0.401109;-0.139216;0.034667
289;0.657605;-0.259000;-0.076264
290;0.664550;-0.420362;0.086216
291;0.144533;-0.026732;0.004788
292;0.636477;-0.067508;0.259725
293;0.391674;-0.737212;0.351455
294;-0.961477;0.031723;-0.456178
295;0.350276;-0.136770;0.136402
296;0.365550;0.141428;-0.431610
297;0.725393;0.269131;0.506322
298;0.570074;-0.066737;0.166694
299;-0.507171;-0.064112;-0.200658
300;-0.336710;0.004612;0.081196
301;0.461454;-0.052582;0.072376
302;-0.043407;0.057318;0.057120
303;-0.551771;-0.088144;-0.005851
304;-0.184590;-0.013826;-0.006897
305;-0.070380;-0.060598;0.015041
306;-0.383998;-0.120651;0.029987
307;-0.272752;-0.274568;-0.024215
308;-0.329999;-0.272303;0.051558
309;-0.857008;-0.649195;0.265887
310;-0.792527;-0.547466;0.031869
311;-0.844902;-0.321377;-0.050382
312;-0.240439;-0.312617;0.014211
313;-0.067478;-0.251339;0.238065
314;-0.010618;0.199349;-0.150271
315;0.156167;0.379610;-0.104554
316;-0.070518;0.401993;-0.111122
317;-0.046605;0.492854;-0.139246
318;0.235342;0.212411;-0.041392
319;0.479346;0.031053;0.050379
320;0.440588;-0.144213;-0.173928
321;0.388910;-0.304089;-0.008239
322;0.133626;-0.109013;0.015044
323;0.484340;-0.017702;0.128792
324;0.221590;-0.691987;0.274320
325;-0.752393;-0.088791;-0.405726
326;0.549816;0.024495;0.193712
327;0.681918;0.190403;-0.330100
328;0.594504;0.191666;0.522459
329;0.262437;0.047196;0.030887
330;-0.487262;-0.155377;-0.155691
331;-0.341480;-0.017985;-0.003362
332;0.144720;0.067689;0.109061
333;0.269392;0.008762;-0.005739
334;-0.050604;-0.032305;-0.092874
335;-0.007735;-0.018702;-0.037297
336;0.148299;-0.027462;0.028778
337;-0.286128;-0.032651;0.017516
338;-0.446833;-0.388066;0.108037
339;-0.203912;-0.252687;0.072890
340;-0.575888;-0.586790;0.183821
341;-0.789549;-0.662225;0.088848
342;-0.680638;-0.442535;0.009968
343;-0.839687;-0.282868;0.166073
344;-0.254948;-0.509937;0.040968
345;-0.303453;-0.135241;0.074445
346;-0.013559;0.360071;-0.138927
347;0.243760;0.176509;-0.031645
348;0.008917;0.435925;-0.095606
349;0.003030;0.524322;-0.094386
350;0.382862;0.075149;-0.055365
351;0.458901;-0.036136;-0.098531
352;0.405547;-0.256187;-0.078294
353;0.248516;-0.204436;0.063320
354;0.470596;-0.112566;0.177342
355;0.527867;0.044105;0.040013
356;-0.292087;-1.804561;-0.022434
357;-0.526351;0.360680;-0.355811
358;0.736289;0.092607;-0.203642
359;0.712981;0.084760;0.457763
360;0.777254;0.203256;0.352831
361;-0.163526;-0.057359;-0.033902
362;-0.475647;-0.177756;0.033963
363;0.008700;0.090380;0.101051
364;0.334982;0.029474;0.051527
365;-0.000990;-0.030499;0.012291
366;-0.280454;-0.058952;-0.034688
367;-0.079550;-0.057990;0.051287
368;-0.505423;-0.018159;-0.095095
369;-0.470475;-0.309303;0.071337
370;-0.165713;-0.255604;0.071971
371;-0.560279;-0.609933;0.152030
372;-0.864370;-0.595920;-0.010185
373;-1.067029;-0.432235;-0.006510
374;-0.401050;-0.461519;0.132556
375;0.033467;-0.470228;0.290144
376;-0.113719;0.113299;0.077608
377;0.004508;0.528371;-0.199242
378;0.064686;0.465753;0.007017
379;-0.058945;0.418858;-0.048867
380;-0.064829;0.604879;-0.137747
381;0.533589;-0.114767;-0.037310
382;0.508926;-0.148754;-0.129161
383;0.555717;-0.452651;0.177580
384;0.202283;-0.071391;0.068428
385;0.609643;0.005696;0.134999
386;0.281401;-0.720997;0.169408
387;-0.942976;-0.072031;-0.567275
388;0.560063;0.316438;0.112597
389;0.811514;-0.117574;0.270284
390;0.926640;0.275841;0.343251
391;-0.024998;-0.119037;0.135586
392;-0.690060;-0.101399;-0.135127
393;-0.471628;0.097464;0.112860
394;0.355577;0.003986;-0.012449
395;0.204263;0.049734;0.015733
396;-0.156085;-0.078178;-0.035766
397;-0.188199;-0.011825;-0.082170
398;-0.020416;-0.077911;-0.046277
399;-0.345278;-0.247599;0.105983
400;-0.189727;-0.329083;0.088901
401;-0.281698;-0.374163;0.057380
402;-0.729052;-0.537922;0.065741
403;-0.745876;-0.527425;-0.056271
404;-0.855737;-0.273375;0.003001
405;-0.399032;-0.510710;0.072246
406;-0.000172;-0.329857;0.051140
407;-0.080819;0.180999;-0.118233
408;-0.043898;0.480879;-0.177647
409;-0.025825;0.355188;-0.057700
410;-0.226240;0.387383;-0.169577
411;0.098614;0.250037;-0.021564
412;0.619377;-0.127297;-0.023541
413;0.449466;-0.015076;-0.150731
414;0.451362;-0.330359;-0.021521
415;0.196140;-0.185069;0.269790
416;0.575134;0.076265;0.046647
417;0.437194;-0.708136;0.290659
418;-0.804874;-0.402867;-0.682206
419;0.857903;0.442268;0.132432
420;0.564145;-0.038868;-0.073846
421;0.472435;0.125415;0.362439
422;0.282235;0.025216;0.135319
423;-0.323953;-0.167768;-0.107121
424;-0.498105;0.002911;-0.103276
425;-0.031543;0.069586;0.151529
426;0.434434;-0.003588;-0.032548
427;-0.061115;-0.026245;0.014396
428;-0.547565;-0.002720;-0.079533
429;-0.261289;-0.144230;0.022774
430;-0.007817;-0.196418;0.071944
431;-0.197329;-0.356323;0.026450
432;-0.545368;-0.407812;0.045213
433;-0.711044;-0.611967;-0.012592
434;-0.870175;-0.553905;0.079008
435;-0.689026;-0.287874;-0.024218
436;-0.146725;-0.488627;0.171521
437;-0.067963;-0.115113;0.158865
438;0.083177;0.326363;-0.158474
439;0.128926;0.330347;-0.005646
440;-0.070006;0.416005;-0.001820
441;-0.102840;0.468054;-0.140120
442;0.082327;0.238907;-0.253175
443;0.291956;-0.105588;-0.069128
444;0.660324;-0.393462;0.187493
445;0.605358;-0.132985;-0.038407
446;0.178371;-0.144579;0.116721
447;0.423473;-0.043825;0.000564
448;-0.086687;-1.018019;0.189486
449;-0.828210;0.226798;-0.384859
450;0.733103;0.210832;0.384904
451;0.994515;0.031940;0.149964
452;0.951608;0.120314;0.340988
453;0.020126;-0.157427;0.012990
454;-0.746327;-0.193639;-0.094826
455;-0.263626;0.167719;0.101616
456;0.359799;-0.001092;0.140248
457;0.055783;0.020020;0.023393
458;-0.399550;-0.024476;-0.074071
459;-0.409932;-0.002349;-0.096083
460;-0.058226;-0.129301;0.074884
461;-0.104283;-0.241947;0.095832
462;-0.439824;-0.364619;0.013270
463;-0.479859;-0.374074;-0.054711
464;-0.550277;-0.598604;-0.034028
465;-0.983301;-0.575987;-0.079241
466;-0.546927;-0.379863;0.043126
467;-0.070262;-0.643603;0.149692
468;-0.012362;-0.016244;0.137626
469;-0.051218;0.393884;-0.156338
470;-0.074335;0.402393;-0.059467
471;-0.198013;0.306240;-0.075737
472;-0.058541;0.412813;-0.050922
473;0.455077;0.142921;-0.083835
474;0.527288;0.094917;-0.021281
475;0.468353;-0.437111;-0.013708
476;0.327441;-0.182184;-0.022162
477;0.237897;-0.074143;0.078134
478;0.608190;-0.012771;0.065848
479;-0.109784;-1.577678;-0.478029
480;-0.378881;0.482908;-0.021835
481;1.000423;0.116738;0.143362
482;0.633467;-0.137268;0.168103
483;0.472875;0.095475;0.331574
484;-0.060366;-0.160390;-0.062970
485;-0.448709;-0.058877;-0.202541
486;-0.292578;0.075592;0.138961
487;0.182299;0.046121;0.054626
488;0.053950;-0.032488;-0.024900
489;-0.444485;-0.012026;-0.002951
490;-0.032548;-0.015716;-0.081219
491;-0.073873;-0.219028;0.010290
492;-0.177293;-0.319191;0.051770
493;-0.309139;-0.321480;0.044562
494;-0.683517;-0.649173;0.145754
495;-1.059438;-0.573874;-0.053030
496;-0.997518;-0.337004;-0.031231
497;-0.336067;-0.510198;0.060844
498;0.079805;-0.393130;0.257494
499;-0.005773;0.136511;-0.060089
500;0.111813;0.500963;-0.041324
501;0.059553;0.322035;0.047098
502;-0.150423;0.629449;-0.100589
503;-0.000532;0.316790;-0.040083
504;0.456638;0.040365;-0.096171
505;0.436484;-0.190608;-0.024326
506;0.627551;-0.369582;0.067339
507;0.257029;-0.044788;-0.060491
508;0.445267;-0.122188;0.057681
509;0.606209;-0.152004;0.032807
510;-0.703667;-0.600163;-0.833241
511;0.188376;0.336868;-0.061783
512;0.989141;-0.027969;-0.082037
513;0.721166;0.309759;0.491721
514;0.326381;0.012512;0.165705
515;-0.312956;-0.317958;-0.261212
516;-0.591022;0.056576;-0.000967
517;0.159306;0.056314;0.142410
518;0.293186;0.016741;-0.017605
519;-0.180800;0.011459;-0.069910
520;-0.181332;-0.074777;-0.020764
521;-0.030840;-0.015318;-0.115640
522;-0.211836;-0.295834;0.023752
523;-0.253983;-0.336105;0.013826
524;-0.341756;-0.362563;0.078389
525;-0.696234;-0.724792;0.078865
526;-0.743848;-0.756479;-0.100667
527;-1.027082;-0.109294;0.192061
528;-0.662196;-0.395920;-0.028034
529;0.107186;-0.352873;0.199540
530;-0.001634;0.150098;-0.086843
531;0.235129;0.537107;-0.029424
532;0.128192;0.249835;0.066712
533;-0.153539;0.562448;-0.049449
534;-0.031995;0.394180;-0.147393
535;0.396307;-0.173787;-0.071188
536;0.542582;-0.000784;-0.073914
537;0.528110;-0.331698;0.014414
538;0.078352;-0.085445;-0.024693
539;0.555576;-0.065933;0.057536
540;0.324587;-0.726791;0.153061
541;-0.779788;0.000795;-0.533700
542;0.589878;0.328023;0.227951
543;1.005755;0.017253;0.093701
544;0.824463;0.330084;0.399060
545;0.140367;-0.131162;0.003683
546;-0.602594;-0.247803;-0.292599
547;-0.417688;0.119349;0.144932
548;0.337470;0.068604;0.092929
549;0.173808;-0.015583;-0.085070
550;-0.369169;-0.026007;-0.074324
551;-0.072526;-0.040513;-0.041544
552;-0.248898;-0.111727;-0.031568
553;-0.229520;-0.316103;0.080588
554;-0.288341;-0.272368;0.015865
555;-0.610485;-0.386677;0.094953
556;-0.832694;-0.686579;0.035587
557;-0.823827;-0.737365;-0.128701
558;-0.329589;-0.374529;-0.082919
559;0.057566;-0.407203;0.164406
560;-0.281976;0.013018;0.018272
561;-0.152700;0.498311;-0.247265
562;0.105028;0.436227;-0.142170
563;-0.140672;0.525475;-0.170238
564;-0.117957;0.387438;-0.085330
565;0.620221;-0.080811;0.045285
566;0.631781;0.145332;-0.071568
567;0.428521;-0.487644;0.040426
568;0.072858;-0.132575;-0.037508
569;0.449646;-0.041160;0.182086
570;0.620942;-0.113060;0.114661
571;-0.648722;-0.546192;-0.575601
572;0.224345;0.195056;-0.359325
573;0.934240;-0.104160;-0.439879
574;0.572919;0.179038;0.330562
575;0.559749;-0.023873;0.307888
576;-0.199575;-0.066995;-0.134103
577;-0.570005;-0.036420;-0.047945
578;-0.040387;0.030754;0.120413
579;0.224181;0.083687;0.097970
580;-0.238283;-0.045546;-0.064622
581;-0.401354;-0.048198;-0.108834
582;-0.037309;0.022805;0.029531
583;-0.087370;-0.097125;-0.078587
584;-0.103854;-0.331835;0.053731
585;-0.383694;-0.333884;0.069238
586;-0.811503;-0.697993;0.241072
587;-0.975184;-0.676082;-0.091623
588;-0.881373;-0.408648;-0.102667
589;-0.309687;-0.464534;0.137226
590;0.008767;-0.356991;0.182336
591;-0.054207;0.125099;-0.108002
592;0.094972;0.511288;-0.140983
593;0.080717;0.486588;-0.101898
594;-0.182182;0.692864;-0.272807
595;0.066172;0.266264;-0.136658
596;0.653391;0.029136;0.099179
597;0.355054;-0.502194;-0.169554
598;0.518855;-0.294273;0.033477
599;0.172681;-0.033154;0.097461
600;0.638929;0.011085;0.133718
601;0.076278;-1.406068;0.018442
602;-0.586053;0.348548;0.101650
603;0.769197;0.130240;0.190320
604;0.513517;-0.191379;-0.019397
605;0.621172;0.128531;0.303692
606;0.122611;-0.006934;0.095498
607;-0.302598;-0.191175;-0.113753
608;-0.504986;0.118670;-0.005522
609;0.142816;0.032148;0.065153
610;0.226430;-0.015299;0.030692
611;-0.222930;0.008269;-0.013261
612;-0.560103;-0.016204;-0.087317
613;-0.115250;-0.141044;0.070822
614;0.015735;-0.237493;0.079322
615;-0.372607;-0.357967;0.072965
616;-0.764614;-0.693324;0.080807
617;-0.904265;-0.707372;0.040820
618;-0.949370;-0.226694;0.058401
619;-0.445844;-0.596695;0.013986
620;0.017224;-0.253264;0.221218
621;-0.102648;0.109704;-0.041332
622;0.071172;0.542271;-0.091198
623;0.169787;0.290891;0.003542
624;-0.063019;0.590461;-0.184257
625;0.028286;0.439314;-0.176750
626;0.491714;-0.279436;0.032196
627;0.533553;-0.163533;-0.121161
628;0.474928;-0.351043;-0.046921
629;0.357683;-0.059650;0.039956
630;0.580125;-0.003755;0.050717
631;0.051686;-1.266522;0.377146
632;-0.852052;0.098035;-0.456153
633;0.685307;0.344565;0.293826
634;0.657099;-0.057524;0.206407
635;1.006790;0.126194;0.193001
636;0.027539;-0.034631;0.080121
637;-0.620425;-0.189658;-0.048110
638;-0.265571;0.154381;0.041413
639;0.356279;-0.009640;0.091919
640;0.108386;-0.007757;-0.026397
641;-0.428123;-0.033312;-0.003016
642;-0.340894;-0.005883;-0.118813
643;-0.201902;-0.132579;0.043303
644;-0.221675;-0.227972;0.120582
645;-0.402629;-0.305275;0.060344
646;-0.839528;-0.646638;0.130330
647;-0.822318;-0.733550;-0.052825
648;-0.806812;-0.311726;-0.091996
649;-0.149537;-0.374433;0.063172
650;-0.089557;-0.280424;0.192371
651;-0.143306;0.247398;-0.174167
652;0.154562;0.471551;-0.130716
653;-0.042393;0.336213;-0.074578
654;-0.019610;0.478017;-0.080418
655;0.240567;0.162800;0.009197
656;0.348306;0.017035;-0.033909
657;0.526012;-0.063101;-0.129663
658;0.426916;-0.314944;-0.080284
659;0.246778;-0.163150;0.055135
660;0.542249;-0.016883;0.061099
661;0.275701;-0.806765;0.263545
662;-0.798790;-0.151821;-0.659073
663;0.715499;0.310276;0.219924
664;0.863325;0.007822;-0.005441
665;0.778996;0.218318;0.374421
666;0.207689;-0.181657;0.076125
667;-0.696434;-0.054588;-0.133696
668;-0.375439;0.096682;0.095744
669;0.304207;0.038748;0.125242
670;0.047640;0.081685;0.018092
671;-0.273553;-0.153802;-0.144984
672;-0.214186;-0.026695;-0.122644
673;-0.123309;-0.183889;0.078277
674;-0.342391;-0.297368;0.118313
675;-0.497799;-0.365326;0.068759
676;-0.870650;-0.750709;0.141287
677;-0.966761;-0.707492;-0.111488
678;-0.815116;-0.362068;0.052339
679;-0.136281;-0.390919;0.183610
680;-0.052224;-0.121808;0.175633
681;0.058752;0.375629;-0.135427
682;0.136068;0.507679;-0.058744
683;0.059303;0.496963;-0.045998
684;0.002743;0.619388;-0.174208
685;0.426072;-0.002611;0.051909
686;0.485768;-0.015040;-0.030228
687;0.543661;-0.491243;-0.041276
688;0.231924;-0.040652;0.085101
689;0.457425;-0.099029;0.049019
690;0.521248;0.015005;0.009027
691;-0.179808;-1.279024;0.122209
692;-0.909309;0.353220;-0.341534
693;0.692168;-0.093323;0.317910
694;0.962399;0.102415;0.074375
695;0.939189;0.158815;0.405280
696;-0.012757;-0.212332;0.032508
697;-0.811504;-0.099032;-0.164256
698;-0.321731;0.098947;0.155872
699;0.368473;0.057380;0.135208
700;0.087140;-0.027923;0.007785
701;-0.447627;-0.020811;-0.053769
702;-0.292100;-0.017366;-0.162949
703;-0.117108;-0.159145;0.037591
704;-0.235339;-0.211276;0.059704
705;-0.362045;-0.339599;0.041158
706;-0.705854;-0.730993;0.117512
707;-1.080088;-0.719337;0.043510
708;-0.772552;-0.357509;-0.039674
709;-0.140767;-0.474072;0.066148
710;0.070755;-0.228322;0.129892
711;-0.137900;0.242079;-0.107401
712;0.012143;0.528841;-0.081076
713;0.052082;0.377048;-0.075734
714;-0.026738;0.562902;-0.051342
715;0.194816;0.174656;0.066359
716;0.362712;-0.055581;0.089834
717;0.527573;0.009924;-0.123739
718;0.776641;-0.423671;0.292172
719;0.423816;-0.010531;-0.078299
720;0.345656;-0.102968;-0.130852
721;-0.135552;-1.720218;-0.347815
722;-0.684502;0.345409;-0.202318
723;0.841464;-0.033196;0.432662
724;0.729921;0.115011;0.116250
725;0.532397;0.104528;0.429274
726;-0.270212;-0.077283;-0.034270
727;-0.455472;-0.049728;-0.143667
728;0.001905;0.019984;0.055641
729;0.482047;0.026156;-0.012188
730;-0.085353;0.025310;-0.019065
731;-0.574342;-0.070781;0.037127
732;-0.466719;0.036696;-0.155810
733;-0.175400;-0.215861;0.087705
734;-0.203767;-0.299216;0.130354
735;-0.525574;-0.452109;0.070767
736;-0.711421;-0.650609;0.026361
737;-0.841304;-0.750251;-0.051666
738;-0.507361;-0.292746;-0.109469
739;-0.018052;-0.381484;0.213461
740;-0.174558;-0.094026;0.183874
741;-0.310861;0.385044;-0.261798
742;-0.045752;0.458652;-0.178573
743;0.005590;0.413700;-0.097649
744;-0.158326;0.477465;-0.171362
745;0.380740;0.036784;0.106919
746;0.781500;0.156219;0.016391
747;0.639493;-0.341061;-0.094856
748;0.279237;-0.231299;0.179941
749;0.355297;-0.059635;-0.031615
750;0.527187;-0.315822;0.125529
751;-0.681379;-0.510318;-0.823035
752;0.482831;0.340848;0.038323
753;0.835584;0.080862;0.078930
754;0.865796;0.158238;0.349608
755;0.233452;-0.114106;0.139450
756;-0.621626;-0.132617;-0.204674
757;-0.534704;0.072569;-0.015369
758;0.171895;0.027534;0.162767
759;0.271009;0.010959;-0.023857
760;-0.358982;-0.046687;-0.013591
761;-0.403996;0.053035;-0.137740
762;0.013749;-0.167844;-0.006836
763;0.057651;-0.217280;0.108424
764;-0.350762;-0.356188;0.078035
765;-0.654053;-0.726173;0.206771
766;-0.934027;-0.807042;0.062214
767;-0.931504;-0.325413;0.035797
768;-0.456436;-0.414449;0.061752
769;-0.082221;-0.317510;0.216591
770;-0.142682;0.167294;-0.083747
771;0.075386;0.610178;-0.088500
772;0.172376;0.298260;0.028878
773;-0.002094;0.565354;-0.155657
774;0.204147;0.329278;-0.034254
775;0.512591;-0.001032;0.061947
776;0.516980;-0.249309;-0.177537
777;0.367393;-0.363727;0.105217
778;0.251782;-0.057223;-0.017709
779;0.635919;-0.055239;0.072213
780;-0.042097;-1.470792;-0.195290
781;-0.545139;0.348525;-0.090479
782;0.939109;-0.041657;0.113688
783;0.569641;0.098743;0.241529
784;0.696629;0.091686;0.348636
785;-0.159893;-0.146150;-0.148364
786;-0.545132;-0.075617;-0.039350
787;-0.040411;0.092738;0.072525
788;0.289221;-0.001876;0.057821
789;-0.171947;-0.011544;-0.042685
790;-0.360327;-0.055984;-0.072333
791;-0.203149;-0.038203;-0.078238
792;-0.168408;-0.242712;0.011665
793;-0.371089;-0.348118;0.018854
794;-0.593010;-0.400479;0.040870
795;-0.876536;-0.846675;0.050439
796;-0.912494;-0.600175;-0.108391
797;-0.265382;-0.417505;0.012061
798;0.101408;-0.428728;0.175666
799;-0.143687;0.115207;0.052156
800;-0.318789;0.561233;-0.290321
801;-0.051430;0.604962;-0.143736
802;0.003828;0.389946;-0.128034
803;-0.035219;0.456292;-0.035600
804;0.789168;-0.175628;0.200811
805;0.570399;0.098544;-0.170330
806;0.451205;-0.453827;-0.011501
807;0.025070;-0.205438;0.008954
808;0.384883;0.020839;0.025095
809;0.303561;-1.015893;0.336460
810;-0.570532;0.048244;-0.513879
811;0.708375;0.119349;0.277749
812;0.604206;0.093632;0.167568
813;0.743889;0.081163;0.290124
814;-0.114152;0.015946;0.011118
815;-0.426342;-0.157834;-0.056683
816;-0.066631;0.077169;0.061913
817;0.287160;0.055111;0.082504
818;-0.115134;-0.037385;-0.035189
819;-0.421751;-0.026794;-0.056695
820;-0.032907;-0.074074;-0.047748
821;-0.113722;-0.045493;-0.024536
822;-0.324292;-0.283720;-0.018966
823;-0.403863;-0.299693;0.009862
824;-0.579707;-0.573729;0.161731
825;-0.700632;-0.794738;0.013343
826;-0.867263;-0.380465;-0.095051
827;-0.182541;-0.355798;0.047862
828;0.093822;-0.358523;0.162297
829;-0.215448;0.178668;-0.087865
830;-0.062189;0.592816;-0.171080
831;0.048298;0.319814;-0.020912
832;-0.186000;0.525423;-0.148344
833;-0.020119;0.379117;-0.041262
834;0.645547;-0.120594;0.055941
835;0.512806;0.009957;-0.145907
836;0.484684;-0.455914;0.087439
837;0.105029;-0.094215;-0.038271
838;0.476281;-0.080414;0.001410
839;0.132586;-1.105602;0.225854
840;-0.821977;0.156677;-0.360620
841;0.720022;0.410269;0.367841
842;0.948904;-0.170972;0.056062
843;0.657037;0.224901;0.345413
844;-0.010828;-0.127001;0.039215
845;-0.483273;-0.139030;-0.183061
846;-0.370094;0.097079;-0.025620
847;0.163573;0.014597;0.093125
848;0.175156;0.053731;-0.077250
849;-0.221720;-0.028041;-0.075078
850;-0.329233;0.015456;-0.147406
851;-0.134184;-0.206524;0.110963
852;-0.100223;-0.258285;0.127671
853;-0.523061;-0.475206;0.138536
854;-0.832053;-0.656003;0.082275
855;-0.511539;-0.704689;-0.148880
856;-0.440216;-0.309247;-0.015063
857;0.010050;-0.273586;0.212488
858;-0.422790;-0.105717;0.049674
859;-0.308298;0.420432;-0.246556
860;-0.210112;0.377177;-0.219639
861;-0.241749;0.333461;-0.150247
862;-0.061471;0.265473;-0.034745
863;0.647994;-0.059346;0.215742
864;0.743993;0.176362;0.000077
865;0.340559;-0.141702;-0.271648
866;-0.022867;-0.224743;0.121908
867;0.512259;-0.206890;0.023740
868;0.577122;0.080553;-0.051580
869;-0.304502;-1.288113;-0.603621
870;-0.044450;0.455457;-0.138968
871;1.025778;0.185102;-0.067550
872;0.954232;-0.011003;0.183058
873;0.371797;0.095592;0.174688
874;-0.346187;-0.218177;-0.129535
875;-0.294995;-0.024673;-0.025390
876;0.242313;0.112189;-0.005428
877;0.247572;-0.045822;0.003474
878;-0.377495;-0.018544;-0.007134
879;-0.340883;-0.040206;-0.071281
880;-0.267907;-0.072280;0.008251
881;-0.277015;-0.260636;-0.021626
882;-0.282376;-0.323031;-0.029048
883;-0.449766;-0.443219;0.069345
884;-0.887052;-0.741204;-0.139742
885;-0.917236;-0.529159;-0.137497
886;-0.295472;-0.380892;-0.004793
887;0.086629;-0.414015;0.209585
888;-0.226118;0.108839;-0.053164
889;-0.003184;0.569730;-0.156759
890;0.071194;0.301341;-0.100000
891;-0.102519;0.582083;-0.163736
892;-0.052633;0.366871;-0.113222
893;0.626655;-0.137152;0.110466
894;0.580151;-0.004618;-0.135045
895;0.455630;-0.444270;0.100560
896;0.113608;-0.076501;0.082972
897;0.553313;-0.020226;0.050677
898;0.427710;-0.869292;0.223672
899;-0.967403;0.016326;-0.671987
900;0.660118;0.413869;0.279286
901;0.854695;-0.104268;0.026210
902;0.770396;0.229803;0.244876
903;0.242216;-0.082574;0.105219
904;-0.323457;-0.178529;-0.097752
905;-0.389662;0.037862;-0.135576
906;0.169375;0.037475;0.050868
907;0.295471;-0.002020;-0.006450
908;-0.107824;-0.002355;-0.052027
909;-0.336781;0.020640;-0.117810
910;-0.443975;-0.147981;-0.012894
911;-0.057256;-0.173497;0.111039
912;-0.052525;-0.286680;0.072531
913;-0.804859;-0.688789;0.075446
914;-0.978287;-0.718851;-0.122230
915;-0.806669;-0.475573;-0.057593
916;-0.602636;-0.462794;0.029154
917;-0.075218;-0.367459;0.186538
918;-0.264871;-0.020037;-0.033924
919;0.195898;0.534615;-0.124262
920;0.111982;0.177177;-0.042148
921;0.070840;0.564775;-0.150609
922;0.066468;0.508470;-0.282535
923;0.550562;-0.200009;0.022296
924;0.658449;-0.130603;-0.043685
925;0.534980;-0.317088;0.008961
926;0.306227;-0.070698;0.092564
927;0.648358;0.044054;0.027812
928;-0.057612;-1.492251;-0.883004
929;0.150729;0.611961;-0.185138
930;0.952185;-0.033630;0.066040
931;0.549702;-0.001999;0.258842
932;0.462341;0.054123;0.167564
933;-0.262152;-0.187219;-0.140157
934;-0.525301;-0.044014;-0.096365
935;-0.064845;0.079100;0.117071
936;0.308638;0.033598;-0.005467
937;-0.174610;-0.029457;-0.010897
938;-0.370998;0.025206;-0.029966
939;-0.077146;-0.042533;-0.142936
940;-0.192719;-0.231737;0.084592
941;-0.154400;-0.280675;0.101387
942;-0.321400;-0.424763;0.072016
943;-0.890203;-0.765722;0.068492
944;-1.207373;-0.557578;-0.083905
945;-0.666189;-0.314341;0.009361
946;0.022071;-0.539490;0.107006
947;-0.037034;-0.075697;0.080130
948;-0.122962;0.385131;-0.212084
949;0.008360;0.518891;-0.108343
950;-0.005812;0.382759;-0.103959
951;-0.009008;0.575953;-0.144842
952;0.491756;0.062986;-0.008568
953;0.582981;0.054169;-0.064897
954;0.523747;-0.459058;-0.064246
955;0.252107;-0.140153;0.159955
956;0.387195;0.013690;-0.082268
957;0.395952;-0.660394;0.328597
958;-0.797351;-0.122863;-0.742275
959;0.898752;0.529808;0.191907
960;0.854743;-0.394704;0.228937
961;0.923413;0.192000;0.273709
962;0.052859;-0.144385;-0.003943
963;-0.604331;-0.115036;-0.048342
964;-0.262949;0.131640;-0.008562
965;0.190520;0.011679;0.060628
966;-0.113531;0.015663;-0.014198
967;-0.380850;0.000007;-0.037217
968;-0.192314;-0.026717;-0.196174
969;-0.049332;-0.205118;0.074822
970;-0.187902;-0.334439;0.085576
971;-0.450606;-0.442195;-0.004079
972;-0.709778;-0.724613;-0.051910
973;-0.904481;-0.611938;-0.146094
974;-0.457791;-0.324015;-0.058933
975;-0.052441;-0.561940;0.174517
976;-0.017785;-0.129542;-0.005080
977;-0.176883;0.418288;-0.216643
978;-0.294746;0.516982;-0.172342
979;0.072500;0.282825;0.001276
980;0.108849;0.404067;-0.092119
981;0.423103;0.511716;-0.087378
982;0.510719;0.069939;-0.080951
983;0.366479;-0.385168;-0.098958
984;0.247070;-0.438834;0.117944
985;0.290384;-0.040363;-0.029182
986;0.645727;-0.146587;0.045359
987;-0.397652;-0.926333;-0.789100
988;0.091040;0.483088;-0.094864
989;0.977645;0.086316;-0.182815
990;0.651259;-0.055557;0.270071
991;0.517263;0.060273;0.244779
992;-0.240616;-0.132111;-0.112435
993;-0.493362;-0.047845;-0.085699
994;-0.021978;0.115401;0.058090
995;0.254634;-0.000962;0.037200
996;-0.042951;-0.025564;-0.056951
997;-0.339937;0.015805;-0.057482
998;-0.369216;-0.131617;-0.035362
999;-0.052979;-0.221145;0.025952
1000;-0.145476;-0.259341;0.012906
1001;-0.683708;-0.367417;0.105362
1002;-0.898778;-0.789209;-0.034064
1003;-0.979426;-0.621015;-0.150028
1004;-0.476228;-0.405256;0.011946
1005;0.003061;-0.416057;0.198474
1006;-0.069510;0.018122;0.122191
1007;-0.121517;0.448035;-0.148734
1008;0.048342;0.561255;-0.086158
1009;0.066321;0.440482;-0.138965
1010;-0.182914;0.565599;-0.124600
1011;0.509899;-0.170552;0.174188
1012;0.680043;0.026555;-0.035572
1013;0.512319;-0.375137;-0.088091
1014;0.147352;-0.124676;0.121606
1015;0.538672;-0.063073;-0.013250
1016;0.562019;-0.191767;-0.001626
1017;-0.450361;-0.815826;-0.748049
1018;0.144676;0.464210;0.024139
1019;1.131640;0.060260;0.058241
1020;0.885399;0.172736;0.246339
1021;0.351895;-0.062127;0.171528
1022;-0.398325;-0.193829;-0.151005
1023;-0.509779;0.061796;-0.043043
1024;0.075212;0.028602;0.100153
1025;0.226227;0.022082;0.040932
1026;-0.323183;0.002743;-0.037128
1027;-0.536107;-0.031039;-0.131794
1028;-0.117082;-0.103835;-0.017903
1029;0.050446;-0.242809;0.082768
1030;-0.414885;-0.333706;0.017386
1031;-0.612873;-0.670578;0.131057
1032;-0.835404;-0.625615;0.069765
1033;-0.900265;-0.389619;0.038428
1034;-0.289934;-0.440097;0.041878
1035;-0.003150;-0.292600;0.157598
1036;-0.040388;0.101720;-0.082537
1037;0.153004;0.447016;-0.058208
1038;0.104886;0.349089;-0.006054
1039;0.035170;0.599941;-0.066214
1040;0.031863;0.473611;-0.099594
1041;0.385032;0.239087;-0.115339
1042;0.399579;-0.026143;-0.040629
1043;0.537983;-0.512098;0.122714
1044;0.127900;-0.109272;-0.184809
1045;0.358874;-0.117906;0.072930
1046;0.503724;-0.390133;0.066050
1047;-0.544019;-0.471594;-0.740389
1048;0.690803;0.369550;0.039545
1049;0.867072;-0.012822;0.118589
1050;0.612535;0.134379;0.340084
1051;0.112261;0.034083;0.129255
1052;-0.463047;-0.134761;-0.123720
1053;-0.309487;-0.139649;-0.325027
1054;-0.079791;0.147107;0.104855
1055;0.313600;-0.002061;0.036678
1056;-0.166599;0.014085;-0.074425
1057;-0.357117;-0.043583;-0.081454
1058;-0.114012;-0.074215;-0.110089
1059;-0.160773;-0.271127;0.065301
1060;-0.214976;-0.335201;0.083053
1061;-0.738580;-0.688364;0.217351
1062;-0.793387;-0.761065;-0.026084
1063;-0.874613;-0.354442;-0.038684
1064;-0.363291;-0.443244;0.001573
1065;-0.046730;-0.326283;0.079961
1066;-0.087788;0.181691;-0.088801
1067;-0.058459;0.506706;-0.198405
1068;-0.029425;0.496995;-0.134761
1069;-0.303523;0.608205;-0.231794
1070;-0.089056;0.247527;-0.038980
1071;0.738031;-0.339179;0.164835
1072;0.556479;0.161019;-0.202771
1073;0.429312;-0.418722;0.095630
1074;0.197203;-0.089918;0.099849
1075;0.411515;-0.038340;-0.064668
1076;0.340679;-0.819926;0.269370
1077;-0.580041;-0.116761;-0.605254
1078;0.833639;0.539302;0.164190
1079;1.045372;-0.281331;-0.024341
1080;0.669353;0.205224;0.232324
1081;0.065486;-0.207587;0.102745
1082;-0.564857;-0.026118;-0.195479
1083;-0.402410;0.083429;0.035188
1084;0.272013;0.005381;0.087949
1085;0.296015;0.035498;-0.032481
1086;-0.306953;-0.023536;-0.001884
1087;-0.509948;0.069109;-0.131263
1088;-0.071247;-0.230320;0.049019
1089;-0.067041;-0.192187;0.098337
1090;-0.169921;-0.421106;-0.033785
1091;-0.805366;-0.758468;-0.052953
1092;-1.000084;-0.745261;-0.071444
1093;-1.001464;-0.273911;0.046790
1094;-0.288243;-0.339952;0.011522
1095;-0.049497;-0.380181;0.204756
1096;0.014794;0.297599;-0.191518
1097;0.098684;0.402890;-0.084582
1098;0.006285;0.393950;-0.104269
1099;-0.061445;0.580457;-0.194017
1100;0.351025;0.221931;-0.018221
1101;0.640013;0.019890;0.099447
1102;0.587796;-0.274114;-0.050915
1103;0.167263;-0.257487;-0.018427
1104;0.283216;-0.070112;0.067605
1105;0.707051;-0.025620;0.078543
1106;0.050092;-1.378505;-0.748966
1107;0.113620;0.471616;-0.015043
1108;0.965758;0.020525;-0.133304
1109;0.600950;-0.083753;0.142148
1110;0.400857;0.026068;0.324403
1111;-0.325608;-0.099221;-0.109010
1112;-0.503065;0.030287;-0.098722
1113;0.027129;0.048147;0.119465
1114;0.235958;0.030639;0.046164
1115;-0.114330;-0.020059;-0.043488
1116;-0.229423;-0.023839;-0.093971
1117;-0.145114;0.007043;-0.166017
1118;-0.278056;-0.299593;0.059757
1119;-0.045840;-0.251927;0.089665
1120;-0.381711;-0.394520;0.060178
1121;-0.987084;-0.807248;-0.031691
1122;-1.045239;-0.610621;-0.122662
1123;-0.698324;-0.307504;0.010430
1124;-0.034657;-0.632242;0.109341
1125;0.015357;-0.115859;0.201764
1126;-0.125531;0.444482;-0.198604
1127;0.038297;0.587696;-0.042614
1128;0.031733;0.346158;-0.086477
1129;-0.018267;0.491184;-0.052010
1130;0.395904;0.106240;-0.010727
1131;0.526024;0.068583;0.020309
1132;0.777049;-0.239523;0.107744
1133;0.450404;-0.148891;0.076752
1134;0.287903;-0.161965;-0.088346
1135;0.488198;-0.123415;-0.070971
1136;-0.607390;-1.071341;-0.875342
1137;0.147787;0.319258;-0.179016
1138;0.941543;0.096578;-0.032204
1139;0.952025;0.062366;0.500964
1140;0.539206;0.052097;0.193243
1141;-0.620215;-0.135913;-0.110671
1142;-0.571944;0.034621;-0.074105
1143;0.193682;0.024084;0.135305
1144;0.312471;0.042592;0.020078
1145;-0.286960;-0.050843;-0.074294
1146;-0.404164;-0.041714;-0.085455
1147;-0.163851;0.030796;-0.102842
1148;-0.278610;-0.198488;0.119032
1149;-0.297633;-0.273606;0.009029
1150;-0.452438;-0.370488;-0.003057
1151;-0.782922;-0.807305;-0.027071
1152;-0.979672;-0.774194;-0.038410
1153;-0.721479;-0.416600;-0.042090
1154;-0.075137;-0.400484;0.227471
1155;-0.077731;-0.050113;0.153667
1156;0.209616;0.428979;-0.105256
1157;0.168311;0.421568;-0.048976
1158;0.092207;0.590528;-0.046300
1159;0.011335;0.561068;-0.078221
1160;0.347336;0.137309;-0.015980
1161;0.417880;0.104713;-0.097290
1162;0.504672;-0.499898;-0.027447
1163;0.285346;-0.157784;0.136190
1164;0.515565;0.026536;0.070439
1165;0.739974;-0.127606;0.073855
1166;-0.217900;-1.393765;-0.637388
1167;-0.357151;0.424520;-0.199985
1168;0.912166;0.064131;-0.076972
1169;0.735590;-0.051461;0.393724
1170;0.560193;0.116117;0.380027
1171;-0.235917;-0.181577;-0.154346
1172;-0.649975;-0.043166;-0.119911
1173;-0.012576;0.071181;0.137305
1174;0.368572;0.029825;0.075587
1175;-0.051251;-0.030256;-0.042428
1176;-0.390552;0.012624;-0.076482
1177;-0.176499;0.012422;-0.138491
1178;-0.284886;-0.222452;0.088214
1179;-0.281201;-0.306554;0.034977
1180;-0.396615;-0.479583;0.007388
1181;-0.728289;-0.743798;-0.099094
1182;-0.981353;-0.747797;-0.134484
1183;-0.603502;-0.368706;-0.011889
1184;-0.054960;-0.501706;0.195361
1185;0.087584;-0.046029;0.106864
1186;-0.215989;0.455990;-0.200636
1187;-0.178265;0.630173;-0.100145
1188;0.111299;0.259143;-0.005943
1189;-0.000333;0.487568;-0.096388
1190;0.480026;0.292709;0.039357
1191;0.731114;0.144198;-0.055713
1192;0.591719;-0.389607;-0.033314
1193;0.187533;-0.298942;0.057854
1194;0.173968;-0.063087;-0.093203
1195;0.679900;-0.094485;0.040312
1196;-0.362785;-0.864483;-0.772069
1197;0.021580;0.176567;-0.168666
1198;0.870080;0.220746;-0.228297
1199;0.802984;-0.131799;0.303799
1200;0.517191;0.180055;0.360762
1201;-0.213608;-0.165572;-0.137808
1202;-0.591148;-0.090559;-0.153492
1203;-0.145726;0.141132;0.144572
1204;0.271843;0.019895;0.098579
1205;0.004251;-0.005992;-0.087115
1206;-0.202670;-0.026347;-0.111130
1207;-0.048662;-0.001686;-0.052657
1208;-0.326994;-0.067460;-0.084396
1209;-0.197622;-0.225359;0.084324
1210;-0.126811;-0.270801;0.015679
1211;-0.597602;-0.719966;0.065413
1212;-0.849310;-0.702340;-0.132477
1213;-1.008788;-0.467239;-0.016586
1214;-0.524365;-0.352866;-0.054721
1215;0.109886;-0.420479;0.268969
1216;-0.076003;0.039827;0.000550
1217;0.199391;0.677431;-0.109478
1218;0.007641;0.267324;-0.025450
1219;-0.145798;0.522611;-0.078027
1220;-0.028712;0.375321;-0.116180
1221;0.575221;-0.108037;0.080310
1222;0.738212;0.047414;-0.037599
1223;0.569536;-0.334617;0.006687
1224;0.055124;-0.159546;-0.089110
1225;0.366373;-0.116934;-0.016052
1226;0.517304;-0.136550;-0.020294
1227;-0.337092;-0.922565;-0.701802
1228;0.197206;0.522980;-0.005921
1229;1.124155;-0.141776;0.096231
1230;0.732628;0.227641;0.204730
1231;0.310953;-0.038152;0.173243
1232;-0.451408;-0.185998;-0.157328
1233;-0.257845;0.056333;-0.088252
1234;0.248175;0.091367;0.157263
1235;0.172644;-0.055056;0.110391
1236;-0.535082;-0.038869;-0.258410
1237;-0.587314;-0.062649;-0.091371
1238;0.046252;-0.019136;0.033038
1239;0.085010;-0.203754;0.116811
1240;-0.284525;-0.285060;-0.035854
1241;-0.513314;-0.546673;0.116193
1242;-0.734706;-0.637788;-0.013852
1243;-0.785352;-0.470151;-0.175013
1244;-0.375140;-0.477392;0.015349
1245;-0.107367;-0.248433;0.102991
1246;-0.362505;0.077668;-0.105317
1247;0.067897;0.499619;-0.162616
1248;0.128350;0.186446;-0.066131
1249;-0.011913;0.493950;-0.048372
1250;0.102806;0.297661;-0.020982
1251;0.358578;0.161406;-0.075999
1252;0.495544;0.020275;-0.155164
1253;0.623153;-0.329603;0.047309
1254;0.250975;-0.165594;0.089143
1255;0.327863;0.022941;-0.073724
1256;0.584691;-0.655896;0.185338
1257;-0.591791;-0.407748;-0.650235
1258;0.536581;0.463955;0.149497
1259;0.830313;-0.059422;0.198606
1260;0.786583;0.123060;0.215371
1261;0.113454;-0.050042;-0.011176
1262;-0.439192;-0.162215;-0.108085
1263;-0.292329;0.109160;-0.019209
1264;0.108233;0.039131;0.104003
1265;0.013619;0.034224;-0.010669
1266;-0.202647;-0.015864;-0.047237
1267;0.023966;-0.056100;-0.152931
1268;-0.236173;-0.037845;-0.077115
1269;-0.007258;-0.298249;0.083860
1270;-0.225098;-0.298877;0.071512
1271;-0.646434;-0.703153;0.223282
1272;-0.955123;-0.728533;0.012108
1273;-0.994654;-0.392585;-0.074469
1274;-0.491462;-0.259687;0.042609
1275;0.087909;-0.362213;0.127503
1276;-0.107096;-0.031537;-0.082783
1277;-0.033828;0.588821;-0.242202
1278;0.193713;0.355214;-0.067912
1279;0.126763;0.426771;-0.039340
1280;0.397961;0.436516;0.004825
1281;0.519270;0.053830;-0.008948
1282;0.482818;0.045763;-0.166684
1283;0.311077;-0.447631;0.123911
1284;0.235943;-0.135807;0.052037
1285;0.463506;0.101455;0.012578
1286;0.520231;-0.429996;0.066554
1287;-0.877981;-0.469603;-0.963739
1288;0.562589;0.259116;-0.131141
1289;0.770236;0.057132;0.514316
1290;1.233282;0.124362;0.255875
1291;0.116003;-0.123609;-0.009206
1292;-0.618427;-0.249583;-0.018863
1293;-0.232193;0.159610;-0.015833
1294;0.365720;0.026727;0.104613
1295;-0.049163;0.017836;0.046783
1296;-0.455495;0.006456;-0.063151
1297;-0.372596;-0.037594;-0.109004
1298;0.015893;-0.119642;-0.013154
1299;0.035510;-0.253750;0.006709
1300;-0.467495;-0.293962;0.037357
1301;-0.539199;-0.485636;0.107038
1302;-0.810138;-0.685925;-0.033534
1303;-0.979961;-0.481996;-0.150510
1304;-0.332894;-0.373480;0.006912
1305;0.019498;-0.402116;0.172390
1306;0.021859;0.098655;0.037855
1307;-0.115658;0.441551;-0.149367
1308;-0.024044;0.548930;-0.035678
1309;0.047966;0.403565;-0.063254
1310;-0.053122;0.500900;0.003967
1311;0.616626;0.009579;0.086840
1312;0.750378;0.095736;-0.072602
1313;0.593601;-0.302205;0.110090
1314;0.260898;-0.222565;0.034812
1315;0.231818;-0.079074;-0.105350
1316;0.504943;-0.217096;-0.042263
1317;-1.051846;-0.577761;-1.055843
1318;0.461481;0.271800;-0.086065
1319;1.161751;0.000593;0.235219
1320;1.214418;0.181977;0.382145
1321;0.107494;-0.253976;0.149679
1322;-0.898130;0.004000;-0.201691
1323;-0.406217;0.038822;0.096301
1324;0.343944;0.058599;0.222111
1325;-0.007653;0.011214;0.022236
1326;-0.506555;-0.032923;-0.071120
1327;-0.315556;0.051192;-0.129313
1328;0.148461;-0.175499;-0.050019
1329;0.011351;-0.250073;-0.002005
1330;-0.515045;-0.353605;0.038694
1331;-0.588292;-0.557009;0.089404
1332;-0.941625;-0.837588;-0.014899
1333;-0.902852;-0.389452;-0.018447
1334;-0.339191;-0.410738;0.045902
1335;0.011536;-0.227804;0.140665
1336;-0.079166;0.196174;-0.076536
1337;0.153493;0.616861;-0.040249
1338;0.161232;0.367963;-0.029484
1339;0.004517;0.675761;-0.058965
1340;0.104607;0.328634;-0.024050
1341;0.484762;-0.077331;0.044893
1342;0.583703;-0.095189;-0.149032
1343;0.573217;-0.446081;0.154113
1344;0.035803;-0.037530;-0.120381
1345;0.505341;-0.070707;0.038838
1346;0.076775;-1.713523;-0.787341
1347;-0.261558;0.554310;0.073909
1348;1.022888;0.038232;0.309918
1349;0.904190;-0.048612;0.326634
1350;0.575973;-0.031578;0.269961
1351;-0.497100;-0.079591;-0.131202
1352;-0.714257;0.029317;-0.003155
1353;-0.140913;0.105454;0.179115
1354;-0.064430;0.043688;0.095331
1355;-0.252347;0.022813;-0.054721
1356;0.257115;-0.023544;-0.182365
1357;0.403603;-0.054623;-0.164158
1358;-0.417381;-0.275106;-0.027797
1359;-0.387070;-0.348222;0.021299
1360;-0.237306;-0.318938;0.112570
1361;-0.704758;-0.764647;0.046840
1362;-0.923826;-0.859122;-0.094699
1363;-0.768064;-0.329879;-0.003342
1364;-0.349291;-0.377972;0.134768
1365;0.072025;-0.332721;-0.077956
1366;-0.147059;0.348805;-0.213976
1367;-0.014043;0.685608;-0.117250
1368;0.109466;0.371576;-0.041245
1369;-0.016922;0.422043;-0.009620
1370;0.366898;0.442830;0.057200
1371;0.665587;0.041759;0.044492
1372;0.356699;-0.498955;-0.189450
1373;0.180559;-0.300098;-0.013726
1374;0.350140;0.003505;0.081551
1375;0.713338;-0.059862;-0.008267
1376;-0.053763;-1.634316;-0.637921
1377;-0.186210;0.419963;0.176598
1378;1.032105;0.313019;0.030317
1379;0.730114;-0.151395;0.267536
1380;0.453570;0.042953;0.331918
1381;-0.119747;-0.174342;-0.040144
1382;-0.405629;0.000077;-0.237930
1383;-0.111874;0.016842;0.090199
1384;0.229543;0.105534;0.082210
1385;-0.142177;-0.056883;0.057759
1386;-0.594212;0.049326;-0.078509
1387;-0.387634;-0.050267;0.015694
1388;0.075601;-0.162663;-0.022930
1389;-0.085553;-0.238737;-0.058958
1390;-0.376422;-0.335226;-0.051588
1391;-0.464953;-0.626615;-0.041612
1392;-1.037690;-0.796776;-0.086006
1393;-0.815599;-0.358885;-0.042691
1394;-0.199356;-0.517376;0.185703
1395;-0.017311;-0.137719;0.163308
1396;-0.084102;0.358090;-0.051144
1397;-0.066416;0.500261;0.095497
1398;0.209494;0.247587;0.044726
1399;0.222344;0.601367;-0.056604
1400;0.255315;0.407463;-0.058546
1401;0.580660;0.009252;0.209739
1402;0.874506;-0.233047;0.272897
1403;0.359097;-0.219019;-0.003601
1404;-0.171252;-0.093608;-0.146865
1405;0.569078;-0.142679;0.005184
1406;-0.524521;-1.153235;-1.105734
1407;0.166125;0.385583;-0.008563
1408;0.890863;0.135728;0.229728
1409;1.126301;0.046197;0.484893
1410;0.383298;-0.037520;0.116607
1411;-0.645217;-0.212354;-0.177495
1412;-0.399197;0.048365;-0.116464
1413;0.186450;0.079335;0.084658
1414;0.296959;0.022968;0.045068
1415;-0.503858;0.055450;-0.027790
1416;-0.523765;-0.121664;-0.069870
1417;-0.064864;-0.076223;0.013139
1418;-0.052852;-0.238662;0.077092
1419;-0.325390;-0.287166;0.048251
1420;-0.575059;-0.590581;0.086808
1421;-0.926559;-0.657929;-0.154924
1422;-1.024317;-0.420122;-0.018331
1423;-0.368718;-0.522729;0.020210
1424;0.051099;-0.342515;0.225222
1425;-0.089843;0.166766;-0.070540
1426;0.230315;0.621264;-0.091071
1427;0.182863;0.337935;-0.047327
1428;0.033679;0.657773;-0.094496
1429;0.027110;0.402700;-0.092918
1430;0.413338;-0.103127;0.067470
1431;0.569964;-0.112752;-0.225837
1432;0.392434;-0.428217;0.060357
1433;0.226324;-0.164734;0.073118
1434;0.708522;-0.014296;0.066586
1435;0.315228;-0.773240;0.265763
1436;-0.739848;-0.103066;-0.621679
1437;0.794604;0.453753;0.297174
1438;0.542595;-0.318954;0.036164
1439;0.631099;0.270842;0.311407
1440;0.209503;-0.145888;0.133511
1441;-0.319851;-0.080474;-0.140031
1442;-0.426074;0.098136;-0.155213
1443;0.029696;-0.004742;0.078105
1444;0.224964;0.078495;0.013703
1445;-0.177502;-0.018493;-0.043413
1446;-0.342441;0.004934;-0.140473
1447;-0.128111;-0.125159;-0.014458
1448;0.036975;-0.205221;0.053878
1449;-0.144908;-0.358264;-0.009097
1450;-0.450938;-0.592823;-0.004989
1451;-0.874839;-0.679515;-0.008098
1452;-0.961502;-0.427472;-0.142326
1453;-0.463392;-0.443940;-0.078219
1454;-0.061996;-0.299125;0.147388
1455;-0.067838;-0.000980;0.015395
1456;0.082311;0.464795;-0.157518
1457;0.146818;0.453612;-0.000290
1458;0.015372;0.467849;-0.077127
1459;-0.077745;0.548413;-0.035571
1460;0.219602;0.290976;-0.161336
1461;0.432937;-0.059850;-0.010373
1462;0.567028;-0.317123;-0.008720
1463;0.209962;-0.303246;-0.090594
1464;0.130021;-0.068236;0.161003
1465;0.573210;-0.019456;-0.007446
1466;-0.345668;-1.807577;-0.683489
1467;-0.275358;0.689436;-0.040274
1468;0.940164;0.153701;0.158507
1469;1.469259;-0.154085;0.280241
1470;0.444183;0.187670;0.202786
1471;-0.744291;-0.337236;-0.016064
1472;-0.355229;0.157054;0.033848
1473;0.402316;0.025116;0.103638
1474;0.214982;-0.021447;-0.004828
1475;-0.210387;-0.060930;-0.055716
1476;-0.128316;-0.034699;-0.047257
1477;-0.107186;-0.020689;-0.068494
1478;-0.516140;-0.265818;-0.109884
1479;-0.388583;-0.268587;-0.019755
1480;-0.367906;-0.352310;-0.005064
1481;-0.676600;-0.698120;0.004486
1482;-0.973640;-0.632789;-0.007172
1483;-0.551085;-0.367321;-0.020010
1484;-0.025536;-0.373599;0.147833
1485;0.055071;-0.107309;-0.011158
1486;-0.030794;0.394580;-0.159723
1487;0.003245;0.567693;-0.071959
1488;0.192693;0.239099;0.046896
1489;0.062183;0.560699;0.007150
1490;0.269238;0.406975;-0.095214
1491;0.237732;0.040517;-0.166797
1492;0.470329;-0.193042;0.051044
1493;0.545205;-0.327867;0.156112
1494;0.153770;-0.105447;-0.010178
1495;0.194521;-0.000266;-0.059298
1496;0.276743;-0.587218;0.084888
1497;-0.989070;-0.119330;-0.991795
1498;0.572804;0.289000;0.074310
1499;1.202512;-0.035968;0.384774
1500;1.119802;0.437086;0.405741
1501;0.241907;-0.234531;0.216807
1502;-0.639915;-0.238638;-0.293538
1503;-0.819500;0.211270;-0.072230
1504;0.441161;-0.069889;0.303596
1505;0.501047;0.121092;0.015199
1506;-0.456547;-0.076833;-0.008319
1507;-0.552358;-0.011131;-0.118195
1508;-0.104761;-0.011365;-0.063434
1509;-0.116636;-0.224066;0.048758
1510;-0.256981;-0.344356;0.042167
1511;-0.471276;-0.443155;-0.045917
1512;-0.739282;-0.739040;-0.096042
1513;-0.849358;-0.652477;-0.148630
1514;-0.598367;-0.389486;0.027266
1515;-0.189736;-0.473972;0.159798
1516;0.027711;-0.034372;-0.051795
1517;-0.142736;0.428627;-0.230170
1518;-0.095203;0.637336;-0.132148
1519;0.143429;0.345111;-0.043370
1520;0.077563;0.524271;-0.035096
1521;0.534505;0.250513;0.072601
1522;0.470797;0.001961;0.053163
1523;0.363541;-0.179165;-0.133798
1524;0.101800;-0.355155;-0.087816
1525;0.146847;-0.252138;-0.055363
1526;0.480288;0.034233;-0.074779
1527;0.321561;-0.761532;0.163884
1528;-0.623551;-0.082471;-0.709337
1529;0.604577;0.361443;0.154895
1530;0.812224;-0.184244;0.230525
1531;0.907573;0.207930;0.260063
1532;0.059705;-0.044902;0.008903
1533;-0.816045;-0.194683;-0.120711
1534;-0.187334;0.118628;0.061871
1535;0.445528;0.027427;0.050703
1536;-0.025407;-0.055907;-0.053537
1537;-0.429043;-0.015144;-0.095812
1538;-0.133132;-0.024287;-0.062015
1539;-0.086236;-0.169747;0.075650
1540;-0.184644;-0.339748;-0.027741
1541;-0.399455;-0.339549;-0.105324
1542;-0.552659;-0.530356;0.149611
1543;-0.685890;-0.541984;0.256172
1544;-0.782461;-0.399324;-0.083046
1545;-0.405602;-0.454204;0.090421
1546;-0.181122;-0.520179;0.147665
1547;0.027192;0.182921;-0.021179
1548;-0.255085;0.507385;-0.317922
1549;-0.275518;0.461116;-0.135548
1550;0.029382;0.281519;-0.067213
1551;0.276269;0.411107;0.046604
1552;0.539290;0.038410;-0.088653
1553;0.395863;0.096111;0.056738
1554;0.599305;-0.421579;0.009933
1555;0.452040;-0.200569;0.130080
1556;0.260112;-0.153634;-0.053491
1557;0.503176;-0.149518;-0.015939
1558;-0.188539;-0.982731;-0.783376
1559;-0.060266;0.324149;-0.296888
1560;0.778322;-0.009735;0.129118
1561;0.917004;0.066274;0.365381
1562;0.628479;0.153935;0.315089
1563;-0.374649;-0.292806;0.000919
1564;-0.805858;0.060336;-0.233961
1565;0.053548;-0.028043;0.117631
1566;0.423959;0.106297;0.077493
1567;-0.290049;-0.058015;-0.019615
1568;-0.276239;-0.051120;-0.115842
1569;-0.001231;0.041868;-0.099993
1570;-0.236777;-0.234383;0.056475
1571;-0.227878;-0.258130;0.089061
1572;-0.354118;-0.336401;0.067444
1573;-0.691468;-0.672123;0.146672
1574;-0.872465;-0.616125;-0.101052
1575;-0.894497;-0.358631;-0.079605
1576;-0.315951;-0.425193;0.074645
1577;0.063558;-0.291197;0.116352
1578;-0.002328;0.160712;-0.085304
1579;-0.015288;0.504046;-0.177219
1580;-0.010210;0.406179;-0.038724
1581;-0.057924;0.515345;-0.097072
1582;0.213876;0.308930;0.026693
1583;0.399996;0.040131;-0.002595
1584;0.478147;-0.044129;-0.083632
1585;0.816055;-0.289607;0.153779
1586;0.409394;-0.106908;0.012261
1587;0.282313;-0.155072;-0.057775
1588;0.486359;-0.168985;-0.126902
1589;-0.291967;-0.921588;-0.705325
1590;0.082852;0.294346;-0.089723
1591;0.858773;0.038321;0.233821
1592;0.675236;0.103234;0.341342
1593;0.433971;-0.044662;0.121307
1594;-0.476302;-0.113419;-0.225212
1595;-0.467266;0.009303;0.015969
1596;0.253552;0.055143;0.118455
1597;0.320880;0.014797;-0.001001
1598;-0.276401;-0.059279;-0.091050
1599;-0.298699;-0.006067;-0.080966
1600;-0.086224;-0.016856;-0.044816
1601;-0.205215;-0.112081;0.029796
1602;-0.042237;-0.228965;0.069649
1603;-0.223996;-0.229985;-0.016349
1604;-0.428510;-0.447604;0.161842
1605;-0.646529;-0.392425;0.126967
1606;-0.658721;-0.493949;-0.109921
1607;-0.713485;-0.275319;-0.017025
1608;-0.321865;-0.321094;0.063191
1609;0.054003;-0.120333;0.041550
1610;0.000554;0.275459;-0.152541
1611;0.044420;0.509387;-0.116086
1612;0.048490;0.300446;-0.103975
1613;0.209849;0.360272;-0.037019
1614;0.406314;0.139331;-0.031529
1615;0.272258;0.094923;-0.158004
1616;0.194647;-0.061172;-0.146561
1617;0.496125;-0.182379;0.033092
1618;0.442469;-0.023849;-0.033462
1619;0.279599;-0.015398;-0.078220
1620;0.354663;-0.118152;0.064187
1621;0.236989;0.007666;-0.124824
1622;0.142026;-0.023055;-0.057720
1623;-0.165392;-0.227854;0.122325
1624;-0.415584;0.104945;-0.086874
1625;0.318001;-0.422922;-0.094481
1626;0.116724;0.049290;-0.135797
1627;0.010855;0.005524;0.080494
1628;-0.163242;0.042149;0.082471
1629;0.042858;0.102039;0.062033
1630;0.115807;0.004260;-0.053304
1631;0.009965;-0.016860;-0.037323
1632;-0.100926;0.027864;-0.060106
1633;-0.100719;-0.077284;0.034022
1634;0.011313;-0.019185;-0.000977
1635;-0.048200;-0.008380;0.020509
1636;-0.018402;0.010719;-0.020665
1637;0.000597;-0.001765;-0.048223
1638;-0.001774;-0.029648;-0.056820
1639;-0.064613;-0.012821;-0.024510
1640;-0.051247;-0.003076;0.011672
1641;-0.037452;0.013989;0.049162
1642;-0.060848;0.029541;0.042372
1643;-0.049024;-0.013438;-0.036262
1644;-0.018954;-0.010228;-0.035547
1645;0.054811;-0.018174;-0.025998
1646;0.013969;0.022233;-0.040387
1647;-0.001803;-0.000252;-0.053345
1648;0.100050;-0.016328;-0.038914
1649;0.037903;0.024740;-0.000331
1650;0.061119;-0.025830;-0.011399
1651;0.035708;-0.009135;-0.079489
1652;-0.115151;-0.009109;-0.063658
1653;-0.029333;-0.023954;-0.000961
1654;0.139347;0.005419;0.015801
1655;0.126731;-0.022199;-0.011423
1656;0.021941;-0.010321;-0.077040
1657;-0.020257;0.000053;-0.063019
1658;0.088110;-0.025764;-0.018506
1659;0.063868;0.008300;-0.005564
1660;0.007249;-0.003446;-0.016459
1661;0.020231;0.001004;-0.014972
1662;0.022173;-0.009758;0.001989
1663;-0.014102;-0.004212;-0.006192
1664;0.071059;-0.001562;-0.025745
1665;0.055146;0.000810;-0.019978
1666;-0.010142;-0.009387;-0.009965
1667;0.006179;-0.011546;-0.012999
1668;-0.048849;0.011012;-0.015141
1669;-0.015002;-0.006967;-0.017402
1670;0.029851;-0.005256;-0.009691
1671;0.022481;-0.000835;0.003738
1672;0.019268;0.001612;-0.008186
1673;0.026891;-0.004961;-0.008967
1674;0.015305;-0.003985;0.000661
1675;0.020457;-0.001570;-0.007786
1676;0.013935;-0.005518;-0.020353
1677;0.016122;-0.008026;-0.017090
1678;0.015777;0.004457;-0.016468
1679;0.023235;-0.009433;-0.009307
1680;0.017377;-0.002234;-0.012166
1681;0.000020;-0.002095;-0.012574
1682;-0.001445;-0.004166;-0.008939
1683;0.020630;-0.012315;-0.006090
1684;0.005085;0.000880;-0.009883
1685;-0.003965;-0.010448;-0.009151
1686;0.010076;-0.000771;-0.008548
1687;-0.000132;-0.001108;-0.004936
1688;-0.014605;0.004424;0.000503
1689;0.039905;-0.008015;0.012883
1690;0.005638;-0.012500;-0.020279
1691;-0.024550;-0.032517;-0.030116
1692;0.014017;0.001450;-0.006400
1693;0.009170;0.005464;0.016039
1694;0.017077;-0.010022;0.002169
1695;-0.019677;0.037217;-0.054161
1696;0.017931;0.000237;0.010101
1697;0.026079;-0.002166;0.019523
1698;0.000534;-0.003720;-0.004731
1699;0.002145;-0.007237;-0.011859
1700;-0.005562;-0.005421;-0.004783
1701;0.018437;-0.002464;0.000785
1702;0.016013;-0.004124;0.001618
1703;-0.006898;-0.002456;-0.003974
1704;0.005259;-0.005381;0.001320
1705;0.006262;-0.001255;-0.006716
1706;0.004755;0.000544;-0.010478
1707;-0.013361;-0.006878;-0.011059
1708;-0.000253;-0.010408;0.001831
1709;0.027051;0.001444;0.007961
1710;-0.000359;-0.007526;0.000601
1711;-0.009895;0.000260;-0.009245
1712;0.011908;-0.005836;-0.000883
1713;0.003475;-0.002868;-0.000304
1714;-0.001579;-0.001930;-0.004138
1715;-0.005303;-0.003769;-0.000662
1716;-0.002147;-0.001471;0.000291
1717;0.004242;-0.007124;-0.003698
1718;-0.003025;0.000485;-0.001588
1719;0.010390;-0.004954;0.001900
1720;0.010328;-0.001393;-0.000731
1721;0.009478;-0.000056;-0.000785
1722;0.005482;-0.001209;-0.000778
1723;0.003860;-0.003936;-0.001981
1724;-0.004823;-0.003560;0.000369
1725;-0.009245;-0.004307;-0.005293
1726;0.027085;0.018626;0.027723
1727;0.032519;-0.060003;0.019908
1728;-0.072445;-0.037679;-0.071285
1729;-0.086904;0.001361;-0.061680
