index;x;y;z
0;-0.042775;0.035835;-0.000950
1;0.017727;0.001798;0.005293
2;0.047175;-0.003976;0.010081
3;-0.038528;-0.005187;-0.004902
4;-0.003700;-0.003977;-0.014937
5;0.015106;-0.002407;0.003199
6;-0.001394;-0.002708;0.009205
7;0.006039;-0.002936;-0.001665
8;-0.006135;-0.000759;-0.004635
9;-0.006768;-0.001458;-0.002964
10;0.003706;-0.003539;-0.000598
11;-0.004052;-0.003220;0.000337
12;-0.000505;-0.004726;0.000995
13;0.003770;-0.000048;0.000454
14;0.001164;-0.002597;0.001019
15;0.000789;-0.002838;0.001603
16;0.000798;-0.002791;0.000528
17;-0.002304;-0.001126;0.000489
18;-0.004169;-0.003047;-0.001430
19;-0.000084;-0.003950;0.000337
20;0.001431;-0.002315;0.002101
21;0.000189;-0.001956;0.001500
22;-0.000373;-0.003871;0.000890
23;-0.002675;-0.001274;0.001321
24;-0.001583;-0.002338;-0.000599
25;0.001175;-0.001400;0.000044
26;0.002844;-0.002656;0.002193
27;-0.000995;-0.002831;0.001074
28;0.001000;-0.000832;-0.000041
29;0.001717;-0.003375;0.000058
30;-0.003259;-0.003290;0.000996
31;0.003287;-0.002158;0.002743
32;-0.000936;-0.000910;-0.000496
33;-0.007010;-0.002566;-0.002617
34;-0.000437;-0.002416;-0.001588
35;0.003619;-0.002344;0.002590
36;0.003177;-0.002404;0.003136
37;-0.000804;-0.001541;-0.000104
38;-0.002977;-0.003574;0.000540
39;0.002870;-0.003746;0.000876
40;-0.002828;0.000961;0.002694
41;-0.001287;-0.005461;-0.001410
42;-0.001847;0.003708;-0.000742
43;0.001267;-0.009596;0.006659
44;0.006458;-0.004895;-0.000765
45;-0.010231;-0.000779;-0.002355
46;0.001962;-0.014994;0.002887
47;0.004844;-0.016017;-0.000926
48;-0.008450;0.006475;-0.002425
49;-0.006265;0.022511;0.001787
50;0.008982;-0.009112;0.011018
51;0.017954;-0.002826;0.000953
52;-0.010970;-0.007862;-0.006759
53;-0.014924;0.002304;-0.002935
54;0.004128;-0.001793;0.003144
55;0.008300;-0.003660;0.003021
56;-0.000438;-0.004633;-0.003441
57;-0.001594;-0.000930;-0.000043
58;-0.001557;-0.006041;-0.001709
59;-0.002473;0.000540;0.000160
60;0.002318;-0.002816;0.002466
61;-0.000228;-0.004554;0.000500
62;-0.000438;-0.002640;0.000812
63;0.001266;-0.001052;0.001553
64;-0.000760;-0.001678;0.000148
65;0.001256;-0.004292;-0.003615
66;0.001626;-0.000744;-0.000736
67;-0.005607;-0.002537;0.001665
68;0.003196;-0.004909;0.002659
69;0.001628;-0.002300;0.001330
70;-0.005430;-0.000979;-0.000258
71;-0.000494;-0.001810;-0.000149
72;0.000523;-0.004445;0.002686
73;0.000529;-0.000943;0.001726
74;-0.000309;-0.007091;0.001104
75;0.001089;-0.001749;0.000937
76;0.002538;-0.001688;-0.000514
77;-0.000997;-0.004045;0.000538
78;0.000402;-0.002171;-0.000149
79;-0.000665;-0.002504;-0.000002
80;-0.003227;-0.002241;-0.002193
81;0.003510;-0.002682;0.002904
82;0.001635;-0.000422;0.002681
83;0.000639;-0.001972;-0.000375
84;-0.002258;-0.003654;-0.003048
85;-0.000607;-0.003743;0.001758
86;-0.000195;-0.001839;-0.001343
87;-0.001127;-0.001591;-0.002269
88;0.006934;-0.000816;-0.001866
89;-0.008606;-0.001736;-0.000355
90;-0.000062;-0.000789;0.001676
91;0.000265;-0.000522;-0.000628
92;-0.005113;-0.004596;0.000745
93;-0.000239;-0.001055;0.007596
94;0.000815;-0.000748;0.001260
95;-0.001164;-0.002425;-0.006947
96;0.001337;-0.002161;-0.001431
97;0.000015;0.000640;0.000165
98;0.000885;-0.004295;-0.002533
99;-0.000161;-0.002337;0.000850
100;0.000624;-0.008666;0.004864
101;0.008049;-0.005495;0.002043
102;-0.017333;0.001500;-0.004187
103;-0.008367;-0.004037;-0.004315
104;-0.001483;0.000406;0.002374
105;0.001603;-0.001434;0.000145
106;-0.013105;-0.002811;0.000744
107;0.006160;-0.005067;0.003319
108;0.011128;-0.004452;0.006951
109;0.002629;-0.001320;0.007610
110;0.015741;-0.001457;0.010700
111;0.004889;-0.006033;0.001007
112;0.004790;-0.004041;0.003213
113;-0.006483;-0.000501;-0.000594
114;-0.004109;0.000644;-0.000264
115;0.010006;-0.005731;0.002315
116;-0.004494;-0.003500;0.002029
117;0.000690;-0.002933;-0.003210
118;-0.002702;-0.002190;0.001789
119;0.001522;-0.001192;-0.000251
120;0.000334;-0.002288;0.000446
121;0.009303;-0.002636;0.003168
122;-0.000142;-0.000795;0.004504
123;0.004669;-0.006405;0.001233
124;0.002593;-0.003729;0.003939
125;-0.000628;-0.004311;0.004263
126;0.000968;-0.001386;-0.000234
127;-0.001508;-0.001791;0.002028
128;-0.003886;-0.004164;0.001902
129;-0.007016;-0.002031;0.001490
130;-0.002128;-0.001101;-0.001588
131;-0.003657;-0.001833;0.000914
132;-0.001794;-0.002284;0.000157
133;-0.002040;-0.003220;-0.000876
134;-0.001381;-0.002836;0.003178
135;-0.003079;-0.001449;-0.001870
136;-0.008463;-0.002286;-0.001418
137;0.003062;-0.003378;0.003255
138;0.002072;-0.000828;0.000775
139;-0.002911;-0.007562;0.000494
140;0.003569;0.000341;-0.000197
141;0.002547;0.001027;-0.002125
142;-0.001027;-0.006550;0.002666
143;0.003701;-0.001441;0.001433
144;-0.003614;-0.001745;-0.001884
145;0.000249;-0.002275;-0.000852
146;0.005769;-0.000548;-0.002636
147;0.001671;-0.001947;-0.002118
148;-0.001221;-0.000872;-0.000965
149;0.005333;-0.003991;0.003909
150;0.005151;-0.005082;-0.000734
151;-0.009671;-0.002476;0.000522
152;-0.001406;-0.002577;0.004029
153;0.004775;-0.001977;0.000479
154;-0.008305;-0.004877;-0.003106
155;-0.001568;-0.001943;0.001158
156;0.003578;-0.008157;0.000918
157;-0.001380;-0.001513;-0.002232
158;0.000630;-0.001867;0.000773
159;0.000617;-0.001706;0.003009
160;-0.000018;-0.002885;-0.001376
161;-0.004295;-0.003731;0.000273
162;0.002869;-0.002402;-0.000675
163;0.001002;-0.003161;0.002619
164;0.003543;-0.003816;0.001635
165;-0.001754;-0.002961;0.000056
166;0.000996;-0.002012;-0.001967
167;-0.001203;-0.001601;0.002802
168;0.000694;-0.003459;-0.000284
169;-0.002698;-0.001464;0.001784
170;0.003369;-0.003564;0.003726
171;-0.001179;-0.002385;0.000488
172;-0.004998;-0.000506;0.000746
173;0.001993;-0.004501;-0.000319
174;-0.002072;-0.002530;0.002244
175;0.001850;-0.002328;-0.000144
176;0.001085;-0.002203;0.000828
177;0.008345;-0.000674;0.006884
178;0.025546;-0.002004;0.009588
179;0.031340;-0.002959;0.010541
180;0.036306;-0.059566;0.037697
181;0.155343;-0.026084;0.030378
182;0.012061;0.025522;-0.046609
183;-0.008445;0.012326;-0.005308
184;0.100065;0.029396;0.029135
185;0.021646;-0.008069;0.061172
186;0.056570;-0.003751;-0.003844
187;0.021341;-0.010021;-0.029749
188;0.011722;-0.009213;-0.006498
189;0.045160;-0.018062;0.006411
190;-0.014357;0.017060;-0.015734
191;-0.047569;0.002100;-0.026521
192;0.022966;-0.002111;-0.012679
193;0.025921;0.015052;0.011375
194;0.054799;-0.007423;0.044002
195;0.052899;-0.008818;0.028933
196;0.004236;-0.009706;0.014134
197;0.012949;-0.006584;0.014677
198;-0.010658;0.011721;0.006552
199;-0.028138;-0.001485;-0.004374
200;0.003472;-0.002356;-0.011136
201;0.003305;-0.007325;-0.010583
202;0.025877;-0.007219;0.016737
203;0.016964;-0.021187;0.015085
204;-0.019627;0.009833;-0.003238
205;0.006924;-0.021343;-0.000730
206;-0.007149;0.002229;-0.017301
207;-0.037396;-0.011956;-0.026682
208;-0.073695;-0.082515;-0.052933
209;-0.151239;-0.062672;-0.103752
210;-0.427757;-0.059629;-0.151824
211;-0.513973;-0.035533;-0.144539
212;-0.306714;-0.111862;-0.162649
213;-0.538289;-0.081996;-0.180139
214;-0.583249;-0.085199;-0.227951
215;-0.582374;-0.078354;-0.174055
216;-0.387370;-0.019107;-0.045671
217;-0.237060;-0.036075;0.015304
218;-0.089761;0.068903;0.108220
219;0.127248;0.186970;0.176586
220;0.326411;-0.000914;0.207811
221;0.312282;-0.047112;0.137491
222;0.262235;-0.054780;0.096826
223;0.520446;0.101487;0.181628
224;0.155689;-1.033944;-0.051459
225;0.481904;0.298427;-0.250613
226;1.004578;0.015875;0.622222
227;0.387309;-0.206146;0.279215
228;0.038905;0.024146;0.068828
229;-0.261973;-0.089482;-0.077164
230;0.073457;-0.021398;0.158249
231;0.227035;0.081427;0.078575
232;-0.194830;0.001464;-0.001715
233;-0.048030;-0.003965;-0.006108
234;0.129698;-0.029607;-0.042189
235;-0.080899;-0.006598;-0.143164
236;-0.206751;-0.088833;-0.031686
237;-0.096508;-0.147203;0.043118
238;-0.102766;-0.157312;-0.033460
239;-0.192762;-0.213709;-0.084423
240;-0.215042;-0.321183;-0.085628
241;-0.417528;-0.438259;-0.144994
242;-0.762207;-0.351760;-0.390439
243;-0.631143;-0.240989;-0.144489
244;-0.294999;-0.530120;0.190717
245;-0.179999;0.000248;0.119665
246;-0.217696;0.132809;-0.154305
247;-0.185765;0.265386;-0.098014
248;-0.378558;0.336288;-0.076731
249;-0.330030;0.203910;-0.064637
250;0.093799;-0.192710;0.060453
251;0.844977;-0.575972;0.726284
252;0.710484;-0.066504;0.311414
253;0.382961;0.091572;0.243212
254;0.310699;-0.022081;0.105075
255;0.535632;-0.050113;0.102084
256;0.478250;-0.099663;0.081321
257;-0.214560;-0.764297;-0.161618
258;0.083837;0.091669;0.114686
259;0.712268;0.056863;0.032465
260;0.139619;-0.024419;0.358727
261;0.065906;-0.067055;0.094315
262;0.012845;-0.001661;0.009893
263;-0.201925;-0.070150;-0.012293
264;-0.042298;0.045321;0.060658
265;-0.008015;0.020365;0.024383
266;-0.011655;0.028828;0.012682
267;0.042064;-0.028049;-0.013463
268;0.003532;-0.040553;-0.031072
269;-0.309196;0.005581;-0.121569
270;-0.209106;0.000486;-0.058209
271;-0.110087;-0.163712;-0.061095
272;-0.108713;-0.300221;-0.090725
273;-0.394695;-0.491870;-0.295495
274;-0.588289;-0.612379;-0.228705
275;-0.344363;-0.399363;-0.276685
276;-0.317611;-0.092996;-0.046265
277;-0.260361;-0.341773;0.257943
278;-0.201971;0.116373;0.119594
279;-0.349107;0.240836;-0.110885
280;-0.167241;0.319710;-0.114388
281;-0.254861;0.169083;-0.001010
282;-0.194380;0.141869;0.014281
283;0.034209;0.020178;0.026883
284;0.150785;-0.320037;0.069617
285;0.282538;-0.183525;0.262174
286;0.413740;-0.100375;0.219551
287;0.394031;-0.059034;0.165617
288;0.584824;-0.037047;0.211842
289;0.519706;0.013287;0.069838
290;-0.257771;-1.087827;-0.512671
291;0.151917;-0.074937;0.081909
292;1.138699;0.085677;0.275176
293;0.351353;0.002966;0.644041
294;-0.222669;-0.070323;0.098731
295;-0.153813;0.016500;-0.055517
296;0.073248;-0.000074;0.062782
297;0.174245;0.050921;0.076961
298;-0.153762;-0.005405;-0.040773
299;0.021843;-0.034655;-0.071056
300;0.033311;-0.092277;-0.008641
301;-0.327731;-0.047783;-0.077595
302;-0.138769;-0.256411;-0.180945
303;-0.338546;-0.304313;-0.255406
304;-0.433533;-0.494882;-0.217195
305;-0.705791;-0.766126;-0.153563
306;-0.867553;-0.262052;-0.349221
307;-0.504201;-0.373157;0.096142
308;-0.298324;-0.442710;0.263906
309;-0.268605;0.108937;0.004438
310;-0.250382;0.279420;-0.250768
311;-0.124536;0.324888;-0.147396
312;-0.265423;0.291265;-0.120830
313;-0.094273;0.069906;-0.091000
314;0.282196;-0.239142;0.069377
315;0.634612;-0.246925;0.316652
316;0.662791;-0.371543;0.272752
317;0.335985;0.076877;0.244157
318;0.609883;-0.024998;0.414720
319;0.891838;-0.036601;0.301544
320;0.094506;-0.894206;-0.520067
321;-0.213715;0.299604;0.296479
322;1.137200;-0.054038;-0.068293
323;0.268846;-0.062806;0.356731
324;-0.233245;-0.090649;0.059623
325;-0.208267;0.092199;-0.090329
326;-0.121211;0.025974;0.048951
327;0.173359;0.078530;0.116629
328;-0.053576;-0.039899;-0.118462
329;-0.173446;-0.031692;-0.083825
330;-0.021419;-0.005752;-0.109102
331;-0.009246;-0.182901;0.009351
332;-0.315992;-0.201008;-0.032666
333;-0.268754;-0.359745;-0.048959
334;-0.497111;-0.522041;-0.244854
335;-0.783218;-0.784716;-0.469054
336;-0.789208;-0.303238;-0.296578
337;-0.352780;-0.496670;0.252957
338;-0.273751;-0.112528;0.099984
339;-0.379738;0.252117;-0.197936
340;-0.179855;0.267895;-0.048078
341;-0.305578;0.311541;-0.052687
342;-0.336367;0.139964;0.067818
343;0.113439;0.019826;0.031078
344;0.455812;-0.660304;0.501068
345;0.549843;-0.176652;0.172234
346;0.355817;0.109332;0.266966
347;0.363360;-0.140832;0.265473
348;0.613538;0.154369;0.089171
349;0.582406;-0.128123;0.120564
350;0.027117;-0.452335;-0.526744
351;0.213049;0.076275;0.238799
352;1.043774;-0.035332;0.306605
353;0.350650;-0.109039;0.394638
354;-0.238393;-0.079681;0.064583
355;-0.500769;0.074173;-0.164942
356;-0.044177;-0.016407;-0.004523
357;0.281576;0.039970;0.055138
358;-0.122232;-0.011135;-0.083343
359;-0.246909;-0.004031;-0.165487
360;-0.023575;-0.057122;0.010512
361;0.073937;-0.198957;0.037409
362;-0.316505;-0.314517;-0.076806
363;-0.275099;-0.321717;-0.187686
364;-0.675786;-0.574640;-0.305681
365;-0.632715;-0.829882;-0.513587
366;-0.800951;-0.242945;-0.158015
367;-0.542455;-0.554575;0.227205
368;-0.519104;-0.237202;0.039981
369;-0.344028;0.284979;-0.230265
370;-0.131816;0.096694;-0.060809
371;-0.246354;0.324284;-0.115931
372;-0.098314;0.072648;-0.056933
373;0.158768;-0.304376;-0.076850
374;0.630096;-0.288881;0.395585
375;0.683207;-0.166683;0.268282
376;0.347394;0.043246;0.395220
377;0.777321;0.057901;0.492290
378;0.866557;-0.056647;0.123468
379;0.014101;-0.564392;-0.196314
380;0.269990;0.467319;0.342578
381;0.950796;-0.217008;0.313177
382;0.251431;0.065275;0.305819
383;-0.156172;-0.168951;0.047053
384;-0.414027;0.134927;-0.204998
385;-0.318591;-0.019518;-0.019552
386;0.256766;0.076599;0.117393
387;-0.136642;0.025692;-0.095613
388;-0.405143;-0.016932;-0.139668
389;0.031796;-0.034663;-0.047138
390;0.130704;-0.191583;0.035666
391;-0.234959;-0.342429;-0.009588
392;-0.279117;-0.383007;-0.146323
393;-0.595698;-0.696053;-0.190898
394;-1.079451;-0.807440;-0.454803
395;-0.878012;-0.240300;-0.231944
396;-0.297393;-0.593866;0.186624
397;-0.201447;-0.237306;0.113783
398;-0.293338;0.309144;-0.222332
399;-0.163752;0.204038;-0.100775
400;-0.175370;0.381166;-0.159167
401;-0.086687;0.080220;-0.035307
402;0.172359;0.011502;-0.067568
403;0.469668;-0.475255;0.522515
404;0.776964;-0.329276;0.273066
405;0.336125;0.066865;0.217539
406;0.486038;0.051511;0.305939
407;0.862309;-0.015053;0.310021
408;-0.483088;-1.791932;-0.750551
409;-0.481994;0.290366;1.075506
410;1.275783;-0.148252;0.627790
411;0.996808;-0.012340;0.596342
412;0.028271;-0.113246;0.110973
413;-0.674532;0.128460;-0.134423
414;-0.478750;0.006009;-0.136618
415;0.411576;0.166668;0.162471
416;-0.013501;-0.026097;-0.046613
417;-0.241950;-0.067864;-0.140491
418;0.186917;-0.021684;-0.038686
419;0.026669;-0.119781;-0.013523
420;-0.264508;-0.271374;-0.040077
421;-0.401176;-0.286393;-0.119737
422;-0.689639;-0.603219;-0.176685
423;-0.779412;-0.660595;-0.343777
424;-0.891999;-0.499107;-0.639783
425;-0.514302;-0.405823;0.165852
426;-0.424479;-0.577870;0.312493
427;-0.361272;0.235916;-0.276329
428;-0.260011;0.162171;-0.098806
429;-0.163843;0.386119;-0.130686
430;-0.157972;0.119809;-0.089866
431;0.152106;0.068658;-0.103348
432;0.455785;-0.687416;0.576463
433;0.717712;-0.289500;0.155298
434;0.362503;0.045208;0.280305
435;0.548933;-0.063826;0.435101
436;0.819175;0.108782;0.254115
437;0.225309;-0.780029;-0.076776
438;-0.107108;0.355527;0.770970
439;0.673730;-0.331515;0.770606
440;0.889413;0.213420;0.698467
441;-0.087323;0.016778;0.182289
442;-0.738561;-0.013677;-0.186492
443;-0.116317;0.012947;0.088619
444;0.388380;0.039147;0.147150
445;-0.215223;-0.043355;-0.094164
446;-0.085497;-0.001509;-0.057715
447;-0.059563;-0.007380;-0.117553
448;-0.249894;-0.084071;-0.146746
449;-0.323250;-0.142777;-0.024300
450;-0.225235;-0.210979;-0.190978
451;-0.394802;-0.418445;-0.199445
452;-0.465076;-0.477637;-0.305166
453;-0.584856;-0.851656;-0.594903
454;-0.509121;-0.259992;-0.201441
455;-0.456297;-0.704283;0.188041
456;-0.201937;-0.110286;0.061318
457;-0.495229;0.343544;-0.219914
458;-0.209923;0.254013;-0.107899
459;-0.041842;0.289084;-0.101084
460;-0.050727;0.124993;0.037130
461;0.177092;-0.077361;0.234079
462;0.556864;-0.115231;0.407912
463;0.783006;-0.329021;0.325725
464;0.266764;-0.052793;0.252865
465;0.371243;0.186301;0.195270
466;0.638448;-0.061859;0.277972
467;-0.403966;-1.446760;-1.311825
468;-0.183820;-0.079567;0.197358
469;1.222800;-0.040253;0.315965
470;0.634780;0.059484;0.668156
471;0.064123;-0.117135;0.115000
472;-0.202704;0.014712;-0.109751
473;-0.513461;0.098752;-0.191714
474;0.138066;0.073362;0.216520
475;0.243958;-0.050232;0.103564
476;-0.319653;0.050559;-0.263847
477;-0.369455;-0.028779;-0.232813
478;-0.150997;0.027563;-0.106974
479;-0.303334;-0.109899;-0.080281
480;-0.098210;-0.301117;-0.018452
481;-0.199064;-0.330485;-0.220491
482;-0.603487;-0.541043;-0.404549
483;-0.441329;-0.936684;-0.595451
484;-0.795014;-0.181273;-0.207022
485;-0.455533;-0.544850;0.286124
486;-0.420398;-0.158343;-0.096446
487;-0.251081;0.303140;-0.254554
488;-0.038376;0.192440;-0.141114
489;-0.105138;0.217692;-0.008415
490;-0.094194;0.178909;-0.132315
491;0.241213;-0.587874;0.423069
492;0.590200;-0.002070;0.125862
493;0.699879;-0.158441;0.382872
494;0.439134;0.009891;0.213030
495;0.469779;0.033485;0.314701
496;0.608250;0.004501;0.261256
497;-0.487936;-1.510239;-0.842157
498;-0.286186;-0.039531;0.331569
499;1.580216;0.024166;-0.169405
500;0.635073;0.097434;0.767174
501;-0.120246;-0.138613;0.104122
502;-0.408893;0.022476;-0.202670
503;0.048087;-0.053849;0.010890
504;0.109435;0.120699;0.101637
505;-0.367467;-0.020500;-0.094232
506;-0.159648;0.015380;-0.199600
507;0.029256;-0.045984;-0.042049
508;-0.085817;-0.176982;-0.032164
509;-0.255479;-0.234801;-0.054941
510;-0.418990;-0.250769;-0.192484
511;-0.655352;-0.623186;-0.178996
512;-0.638961;-0.648681;-0.235032
513;-0.707331;-0.412281;-0.634189
514;-0.427111;-0.381516;0.112533
515;-0.314795;-0.469372;0.177205
516;-0.406718;0.237293;-0.259635
517;-0.279032;0.241321;-0.211726
518;-0.068531;0.368653;-0.115784
519;-0.156185;0.225166;-0.141245
520;0.085504;0.182091;-0.038492
521;0.349272;-0.497722;0.400998
522;0.582714;-0.302082;0.182072
523;0.633674;-0.261185;0.472496
524;0.450726;0.088114;0.308601
525;0.473505;0.125081;0.278344
526;0.062280;-0.817952;-0.099727
527;-0.066392;0.251145;0.335809
528;0.508238;-0.216456;0.715968
529;0.838173;0.131493;0.925231
530;0.212390;-0.062970;0.112326
531;-0.755426;-0.024048;-0.230767
532;0.016276;0.008465;0.079589
533;0.350822;0.048676;0.163662
534;-0.296817;0.007648;-0.061555
535;-0.063543;0.003226;-0.184713
536;0.019197;-0.058680;0.002153
537;-0.218695;-0.058462;-0.198194
538;-0.331222;-0.134095;-0.040630
539;-0.219851;-0.274779;-0.150288
540;-0.348421;-0.412910;-0.315551
541;-0.773348;-0.908683;-0.450654
542;-0.887427;-0.504015;-0.543556
543;-0.365131;-0.172044;-0.133217
544;-0.393960;-0.544147;0.426110
545;-0.243840;0.228649;-0.192694
546;0.045061;0.161877;-0.079683
547;-0.096244;0.371514;-0.116819
548;-0.199602;0.203944;0.038091
549;0.078133;0.107288;-0.019835
550;0.488004;-0.307924;0.426175
551;0.533159;-0.157544;0.177134
552;0.337971;-0.072150;0.288110
553;0.359645;0.185480;0.338620
554;0.639422;0.045837;0.310200
555;0.519843;-0.092763;0.283541
556;-0.396585;-1.085894;-0.432148
557;-0.292896;0.261869;0.187781
558;0.924741;-0.184871;0.465281
559;0.732373;0.219709;0.726900
560;0.242371;-0.186982;0.148691
561;-0.315484;0.012682;-0.209181
562;-0.331330;-0.089320;-0.166765
563;0.136113;0.097471;0.185219
564;-0.040104;0.074201;0.093880
565;-0.380767;-0.059989;-0.235997
566;-0.097976;-0.012828;-0.105059
567;-0.071850;-0.002688;0.015646
568;-0.262435;-0.150602;-0.069550
569;-0.179043;-0.181404;-0.071436
570;-0.220040;-0.347011;-0.250932
571;-0.512563;-0.560936;-0.594638
572;-0.958661;-1.035390;-0.748312
573;-0.777054;-0.422162;-0.148091
574;-0.594327;-0.521507;0.444452
575;-0.185970;-0.047182;-0.053761
576;-0.130396;0.237442;-0.099839
577;-0.345401;0.350620;-0.096129
578;-0.284312;0.426862;-0.119526
579;0.032498;0.008862;0.126029
580;0.398547;-0.082903;0.159515
581;0.688341;-0.251948;0.340194
582;0.695537;-0.168377;0.410154
583;0.567321;0.113399;0.351877
584;0.577796;-0.060742;0.340055
585;0.065828;-0.794707;0.201374
586;0.182147;-0.146333;-0.096716
587;0.342550;0.174343;0.366007
588;0.484505;-0.065261;0.349311
589;0.316078;-0.001031;0.142112
590;-0.371991;-0.006950;-0.127655
591;-0.307667;-0.032425;-0.174079
592;0.064190;0.041208;0.132271
593;-0.059912;0.072840;0.098783
594;-0.018238;-0.010385;-0.073700
595;0.097797;-0.071335;-0.120597
596;-0.296019;0.026380;-0.216914
597;-0.198967;-0.116013;-0.056067
598;-0.041783;-0.214840;0.008724
599;-0.308704;-0.251911;-0.041509
600;-0.429372;-0.517785;-0.156058
601;-0.877559;-0.736696;-0.391043
602;-0.989854;-0.515408;-0.296716
603;-0.409058;-0.236725;0.047270
604;-0.147634;-0.358502;0.266452
605;-0.247800;0.139299;-0.184258
606;-0.076137;0.249261;-0.122108
607;-0.170069;0.348384;-0.150676
608;-0.182382;0.298077;-0.061894
609;-0.007710;0.091452;-0.055248
610;0.180427;-0.511587;0.222363
611;0.790461;-0.423534;0.347060
612;0.481153;0.070554;0.247144
613;0.398573;0.051544;0.358974
614;0.689530;0.073714;0.264505
615;-0.236271;-1.705926;-0.855987
616;-0.311340;0.171343;0.273904
617;0.512373;0.045980;0.260109
618;1.024235;0.047143;0.497683
619;0.236568;-0.143595;0.221748
620;-0.390525;0.038937;-0.139022
621;-0.418934;-0.070176;-0.048005
622;0.453566;0.061745;0.194498
623;-0.094159;0.008085;-0.019095
624;-0.358099;0.027626;-0.139212
625;-0.018497;0.013854;0.003320
626;-0.020096;-0.010446;-0.153018
627;-0.420138;-0.179952;-0.148872
628;-0.124923;-0.277593;-0.036269
629;-0.303595;-0.301533;-0.223469
630;-0.830778;-0.624982;-0.222885
631;-0.714779;-0.801607;-0.445012
632;-0.826723;-0.158010;-0.372193
633;-0.210165;-0.429901;0.141727
634;-0.499703;-0.346803;0.016742
635;-0.336922;0.232118;-0.187663
636;-0.048967;0.134777;-0.175353
637;-0.012883;0.271715;-0.101809
638;-0.010153;0.193667;-0.058875
639;0.144515;-0.152004;0.121970
640;0.543205;-0.286683;0.339290
641;0.581846;-0.090741;0.197979
642;0.488953;-0.079852;0.244336
643;0.525956;0.173993;0.294757
644;0.642537;-0.021197;0.275489
645;-0.405829;-1.559496;-0.636982
646;-0.314592;0.192584;0.078013
647;1.138750;0.038009;0.440331
648;0.695122;-0.056478;0.675654
649;-0.159692;-0.031488;0.015744
650;-0.537603;0.014088;-0.185923
651;0.105331;-0.018221;0.158024
652;0.285444;0.009348;0.098945
653;-0.235693;0.040409;-0.092550
654;-0.065591;-0.051217;-0.108779
655;-0.054433;0.035036;-0.158436
656;-0.267087;-0.080783;-0.061432
657;-0.025272;-0.201442;-0.049767
658;-0.235465;-0.231890;-0.084718
659;-0.370486;-0.431808;-0.178428
660;-0.528716;-0.605500;-0.385447
661;-0.801776;-0.592499;-0.686687
662;-0.831439;-0.240519;-0.115434
663;-0.490918;-0.565321;0.326457
664;-0.283745;-0.079842;-0.066363
665;-0.144250;0.108267;-0.099297
666;-0.101441;0.242494;-0.049754
667;-0.189216;0.233804;-0.021402
668;-0.009265;0.153573;0.085075
669;0.220972;-0.223069;0.234406
670;0.586890;-0.074439;0.305438
671;0.648320;-0.324285;0.409594
672;0.522098;0.175628;0.337185
673;0.461367;0.005317;0.214435
674;0.639162;0.013323;0.167662
675;0.063892;-0.773902;-1.529902
676;-0.106552;0.146743;0.135885
677;0.519547;0.201577;0.325632
678;0.702662;-0.095104;0.462802
679;0.034946;-0.083010;0.181602
680;-0.778763;-0.016189;-0.445282
681;-0.234328;0.013620;0.124421
682;0.658163;0.095572;0.247301
683;-0.120704;-0.081191;-0.074947
684;-0.391021;0.036366;-0.255902
685;0.101966;0.022880;0.069389
686;-0.072459;-0.021005;-0.135530
687;-0.423080;-0.154602;-0.196661
688;-0.158185;-0.191770;0.004366
689;-0.373192;-0.317845;-0.094961
690;-0.649725;-0.712292;-0.461300
691;-0.746490;-0.822912;-0.662526
692;-0.617203;-0.177992;-0.170216
693;-0.333771;-0.566382;0.387805
694;-0.211644;0.028583;-0.152681
695;-0.120822;0.094133;-0.168820
696;-0.156133;0.252811;-0.112443
697;-0.272449;0.222420;-0.070653
698;-0.030221;0.138411;0.028394
699;0.294020;-0.343757;0.211982
700;0.600711;-0.004557;0.279809
701;0.543798;-0.223525;0.370861
702;0.411881;0.058745;0.202725
703;0.591734;0.090905;0.325172
704;0.622762;-0.019036;0.219153
705;-0.173312;-0.771491;-1.650662
706;-0.214802;0.117140;-0.032777
707;0.960528;-0.006061;0.255889
708;0.734224;-0.033352;0.476733
709;-0.055273;-0.068166;0.074651
710;-0.499683;-0.026988;-0.214529
711;-0.183808;0.024679;0.019101
712;0.446045;0.015190;0.186050
713;-0.177199;-0.051806;-0.041663
714;-0.246577;-0.012988;-0.183163
715;0.077659;0.007077;-0.022913
716;-0.104250;0.006766;-0.206739
717;-0.384918;-0.189629;-0.113434
718;-0.190032;-0.239500;-0.074212
719;-0.306867;-0.408237;-0.160276
720;-0.550250;-0.719547;-0.243452
721;-0.955735;-0.692377;-0.637713
722;-0.732950;-0.250324;-0.170243
723;-0.542304;-0.558679;0.273956
724;-0.044889;-0.159781;0.152596
725;-0.248952;0.324048;-0.262087
726;-0.018889;0.195498;-0.114089
727;-0.095570;0.357724;-0.124859
728;-0.042933;0.147110;-0.014235
729;0.130628;-0.028506;0.036379
730;0.607940;-0.268021;0.496114
731;0.797499;-0.298282;0.439092
732;0.527239;0.116455;0.344577
733;0.545810;0.058254;0.284793
734;0.611383;-0.036912;0.077663
735;-0.718330;-1.315782;-1.486786
736;-0.601632;0.403697;0.241581
737;1.514446;-0.244609;0.124351
738;0.716169;-0.053814;0.548330
739;-0.476658;-0.033055;0.107488
740;-0.619985;0.004881;-0.280238
741;0.182341;0.087356;0.080363
742;0.101752;-0.005341;0.097169
743;-0.244517;-0.061691;-0.153094
744;-0.112135;-0.053143;-0.146798
745;0.085955;-0.054818;0.040397
746;0.041816;-0.135532;0.004256
747;-0.199022;-0.141471;-0.246175
748;-0.379167;-0.273056;-0.182152
749;-0.166326;-0.342899;-0.089931
750;-0.713864;-0.674884;-0.318835
751;-1.036987;-0.843357;-0.532205
752;-0.706607;-0.223942;-0.227781
753;-0.545332;-0.706213;0.153004
754;-0.018402;-0.136304;0.079329
755;-0.257344;0.130343;-0.135975
756;-0.007270;0.364195;-0.195744
757;-0.058607;0.314740;-0.098910
758;-0.097221;0.303166;-0.109721
759;0.004733;-0.009361;0.014829
760;0.453975;-0.301057;0.440199
761;0.785017;-0.459751;0.328357
762;0.455146;0.051859;0.320807
763;0.473691;0.065647;0.326466
764;0.754442;0.061523;0.254819
765;-0.684649;-1.865049;-0.612410
766;-0.443612;0.532088;0.818181
767;0.963650;-0.309014;0.740511
768;1.088255;0.092512;0.564194
769;0.305636;-0.236831;0.103759
770;-0.446193;0.059281;0.093312
771;-0.642690;-0.015083;-0.239106
772;0.180711;0.043055;0.153249
773;0.320389;0.040306;0.079896
774;-0.346269;-0.040389;-0.106276
775;-0.142273;-0.021690;-0.172017
776;0.001273;0.052216;0.026433
777;-0.135477;-0.081225;-0.101979
778;-0.281890;-0.189514;-0.234140
779;-0.329428;-0.299393;-0.166359
780;-0.235265;-0.502789;-0.217704
781;-0.529050;-0.770733;-0.483228
782;-0.975640;-0.817538;-0.809187
783;-0.708556;-0.313961;-0.228087
784;-0.394639;-0.623611;0.421538
785;-0.296907;0.077467;-0.146582
786;-0.087774;0.264086;-0.182290
787;-0.057585;0.242982;-0.067189
788;-0.063339;0.301506;-0.101490
789;0.087258;0.135775;0.088565
790;0.360892;-0.274483;0.263689
791;0.771183;-0.319007;0.324331
792;0.564475;-0.066431;0.408215
793;0.436428;0.089875;0.353877
794;0.767082;0.088859;0.355718
795;0.638776;-0.186245;0.284814
796;-0.562481;-0.483089;-1.728329
797;-0.812261;0.023616;0.263853
798;0.778366;0.159397;-0.090648
799;0.986081;0.064742;0.510428
800;0.110670;-0.275489;0.244591
801;-0.789738;-0.023110;-0.436448
802;-0.280272;0.058682;0.010345
803;0.560636;0.118073;0.262426
804;-0.232733;-0.031898;-0.084259
805;-0.535520;0.071001;-0.225183
806;0.208375;-0.006813;-0.085930
807;-0.078312;0.023822;-0.110829
808;-0.322722;-0.161180;-0.115532
809;0.086507;-0.263387;-0.008800
810;-0.298997;-0.357415;-0.178948
811;-0.587779;-0.697851;-0.248297
812;-0.718153;-0.960189;-0.614986
813;-0.906939;-0.329067;-0.267094
814;-0.744871;-0.508296;0.169453
815;-0.299275;-0.297288;0.215463
816;-0.124579;0.251783;-0.186561
817;0.081172;0.252889;-0.132928
818;-0.139557;0.448153;-0.107969
819;-0.187011;0.210583;0.028921
820;0.018916;0.063906;0.096153
821;0.556527;-0.474149;0.559103
822;0.682870;-0.304376;0.224224
823;0.358864;-0.053116;0.290093
824;0.373455;0.171557;0.179611
825;0.673749;0.010551;0.216067
826;0.116511;-0.763649;-0.021412
827;-0.119001;0.217520;0.016321
828;0.406086;-0.207400;0.572062
829;0.806313;0.121479;0.362648
830;0.533341;-0.116653;0.226464
831;-0.277704;-0.058320;0.143955
832;-0.760695;-0.036754;-0.341107
833;0.119051;0.041207;0.121545
834;0.272517;0.042883;0.161362
835;-0.341556;0.021433;-0.116524
836;-0.172569;-0.020852;-0.191484
837;-0.039444;0.055260;-0.079049
838;-0.354020;-0.111171;-0.190794
839;-0.105772;-0.150990;0.005802
840;-0.102515;-0.276174;-0.011656
841;-0.448122;-0.613301;-0.261911
842;-0.701849;-0.952228;-0.386587
843;-0.940338;-0.493654;-0.457512
844;-0.556957;-0.169052;-0.154577
845;-0.397183;-0.562432;0.409921
846;-0.205763;0.178826;-0.190234
847;-0.002235;0.295752;-0.200400
848;-0.018730;0.408111;-0.073659
849;-0.263264;0.364269;-0.058484
850;-0.038598;0.060697;0.040359
851;0.597685;-0.338370;0.680370
852;0.851525;-0.108147;0.236042
853;0.379676;-0.051637;0.338927
854;0.255816;-0.046359;0.335653
855;0.626748;0.241148;0.100539
856;0.369253;-0.244644;0.151350
857;-0.552471;-0.016831;-1.307475
858;-0.093295;-0.154157;0.037173
859;0.885543;0.253219;0.159785
860;0.596228;0.019756;0.451664
861;-0.354621;-0.074492;0.028278
862;-0.480743;-0.289892;-0.177000
863;0.543954;0.171005;0.122109
864;0.011548;-0.043055;0.067841
865;-0.482940;0.027646;-0.172517
866;-0.060753;0.006011;-0.115107
867;0.094832;-0.064765;-0.040090
868;-0.372698;0.028678;-0.285124
869;-0.296013;-0.178235;-0.071462
870;-0.180647;-0.271108;-0.200937
871;-0.427111;-0.400174;-0.221427
872;-0.507681;-0.789088;-0.133229
873;-1.091282;-0.835391;-0.635884
874;-0.551316;-0.344971;-0.256115
875;-0.392861;-0.597233;0.262041
876;0.014223;-0.066843;0.204201
877;-0.270528;0.366048;-0.368317
878;0.068892;0.502144;-0.336944
879;-0.068591;0.259208;-0.237979
880;0.120215;0.197561;-0.058812
881;0.410129;-0.272234;0.372653
882;0.551674;-0.152446;0.154212
883;0.528141;-0.320727;0.443298
884;0.485483;0.079355;0.383518
885;0.483322;0.163685;0.326816
886;0.444293;-0.250529;0.406786
887;-0.236091;-0.007920;-1.383059
888;-0.247042;-0.099251;0.178463
889;0.614101;0.146339;-0.041778
890;0.826485;0.034532;0.454650
891;0.063799;-0.070191;0.211267
892;-0.580722;-0.057998;-0.323335
893;-0.325168;0.032887;-0.106135
894;0.437924;0.071760;0.183829
895;-0.130749;-0.032424;-0.044019
896;-0.352546;-0.045562;-0.186746
897;0.104941;0.033303;-0.017593
898;0.120627;-0.128848;0.054696
899;-0.148093;-0.137533;-0.141726
900;-0.322029;-0.284116;-0.304169
901;-0.174483;-0.312646;-0.088185
902;-0.510000;-0.620134;-0.060775
903;-0.743987;-0.701995;-0.430581
904;-0.842909;-0.313386;-0.284888
905;-0.716960;-0.527990;0.258473
906;-0.372681;-0.208926;0.077975
907;-0.145543;0.091752;-0.205407
908;0.148795;0.178006;-0.105161
909;-0.060319;0.360781;-0.124631
910;-0.096072;0.268717;-0.071892
911;-0.037522;0.089336;-0.055044
912;0.324459;-0.571780;0.340319
913;0.661603;-0.312435;0.267750
914;0.543857;0.045056;0.422375
915;0.548120;0.012445;0.400415
916;0.773759;0.232690;0.216769
917;0.083188;-0.800791;0.032133
918;-0.459482;0.199179;0.018479
919;0.619694;0.127089;0.643502
920;1.112031;0.138609;0.704822
921;0.396958;-0.091423;0.119750
922;-0.611905;0.000961;-0.098574
923;-0.590005;-0.112245;-0.269759
924;0.364799;0.095090;0.196720
925;0.241716;-0.023020;0.087472
926;-0.443289;0.035771;-0.255821
927;-0.105786;-0.026369;-0.121536
928;0.167669;-0.016951;0.055394
929;-0.218359;-0.090795;-0.195333
930;-0.232957;-0.235256;-0.064810
931;-0.176570;-0.263936;-0.137488
932;-0.425669;-0.538492;-0.177361
933;-0.557952;-0.762125;-0.299012
934;-0.936270;-0.500203;-0.582225
935;-0.528802;-0.194033;-0.110902
936;-0.325324;-0.648691;0.266056
937;-0.200226;0.082823;-0.198357
938;0.012046;0.130655;-0.122203
939;-0.113505;0.344128;-0.188937
940;-0.239649;0.262870;-0.128487
941;-0.004526;0.143763;-0.040622
942;0.281461;-0.383376;0.169259
943;0.482324;-0.186960;0.178063
944;0.511902;-0.187388;0.358178
945;0.357773;0.172684;0.337481
946;0.663169;0.068690;0.316786
947;0.676526;-0.085105;0.180182
948;-0.342550;-0.742395;-1.340815
949;-0.421226;0.211738;0.176766
950;1.217710;0.000556;0.268880
951;0.627982;-0.126601;0.403830
952;-0.093041;-0.126776;0.077110
953;-0.409936;0.036168;-0.258412
954;-0.303830;0.035688;-0.000859
955;0.366102;0.073074;0.173116
956;-0.023723;-0.038080;-0.053168
957;-0.420805;0.025581;-0.226953
958;-0.243384;-0.030371;-0.125151
959;0.004393;-0.065122;-0.107088
960;-0.336445;-0.262343;-0.111699
961;-0.229313;-0.324138;-0.135417
962;-0.570169;-0.588118;-0.262679
963;-0.742222;-0.895370;-0.243624
964;-0.865261;-0.359951;-0.236498
965;-0.290166;-0.273714;0.129660
966;-0.180868;-0.388664;0.203767
967;-0.293953;0.207605;-0.198367
968;-0.201290;0.239729;-0.209120
969;-0.136231;0.412174;-0.178860
970;0.011209;0.079530;-0.122139
971;0.294074;-0.163030;0.115208
972;0.553799;-0.087589;0.320161
973;0.580218;-0.207805;0.308294
974;0.420166;-0.032898;0.247514
975;0.407667;0.078739;0.284584
976;0.557494;0.061965;0.222135
977;-0.138257;-1.227180;-0.770030
978;-0.255501;0.222151;0.132668
979;0.839373;-0.034202;0.217162
980;0.671412;0.046774;0.447518
981;-0.150597;-0.140343;0.111272
982;-0.448580;0.007910;-0.226572
983;0.057537;0.014783;0.053428
984;0.264402;0.008469;0.133653
985;-0.219261;-0.006505;-0.107475
986;-0.066881;-0.034265;-0.115721
987;-0.098891;-0.020533;-0.087615
988;-0.178031;-0.076886;-0.116299
989;-0.320736;-0.171941;-0.112238
990;-0.213768;-0.199861;-0.203107
991;-0.431084;-0.275145;-0.206304
992;-0.612507;-0.566166;-0.196290
993;-0.737309;-0.937397;-0.349817
994;-0.691632;-0.175858;-0.317132
995;-0.315325;-0.570832;0.196949
996;-0.160587;-0.130385;0.213583
997;-0.328323;0.220421;-0.286319
998;-0.201376;0.200163;-0.193381
999;-0.184441;0.334662;-0.157580
1000;-0.086503;0.138288;-0.100176
1001;0.225666;-0.007277;-0.016286
1002;0.395332;-0.295732;0.288559
1003;0.436017;-0.368423;0.041073
1004;0.416024;-0.133567;0.161127
1005;0.421332;0.185396;0.320746
1006;0.789668;0.054545;0.458391
1007;-0.139403;-1.727788;-0.646164
1008;-0.277481;0.010312;0.195539
1009;0.662968;0.048685;0.023512
1010;0.506011;0.110714;0.467922
1011;0.104579;-0.085670;0.124396
1012;-0.212383;-0.017700;-0.128017
1013;-0.332776;-0.058938;-0.110301
1014;0.276018;0.049627;0.126015
1015;0.023092;-0.078025;0.071577
1016;0.000837;-0.013908;-0.135624
1017;-0.048930;-0.017220;-0.048137
1018;-0.201554;-0.010241;-0.092860
1019;-0.438751;-0.086630;-0.182725
1020;-0.306041;-0.194700;-0.149252
1021;-0.180992;-0.313723;-0.197881
1022;-0.646389;-0.560259;-0.226724
1023;-0.620815;-0.912370;-0.505804
1024;-0.900366;-0.331351;-0.458012
1025;-0.535814;-0.521275;0.225128
1026;-0.205120;-0.292631;0.146713
1027;-0.170354;0.157204;-0.271457
1028;-0.082884;0.192253;-0.224828
1029;-0.235121;0.363299;-0.201119
1030;-0.180508;0.162951;-0.116340
1031;0.133770;0.049680;-0.086843
1032;0.464604;-0.334128;0.387406
1033;0.571328;-0.402941;0.102168
1034;0.577899;-0.152380;0.359632
1035;0.555108;0.200881;0.447927
1036;0.795927;0.113478;0.482251
1037;-0.029694;-1.603780;-1.391132
1038;-0.568944;0.246206;0.267290
1039;0.985629;-0.011767;0.040712
1040;0.668638;-0.060324;0.415450
1041;0.093358;-0.041138;0.128914
1042;-0.172931;-0.115121;-0.065304
1043;-0.513047;0.026587;-0.208225
1044;0.144563;0.058154;0.232865
1045;0.165244;0.017927;0.036003
1046;-0.266798;-0.025909;-0.190739
1047;-0.183885;0.080389;-0.154145
1048;-0.107434;-0.076507;-0.163363
1049;-0.297857;-0.163051;-0.110088
1050;-0.173071;-0.225996;0.016959
1051;-0.157417;-0.350860;-0.089428
1052;-0.558594;-0.589452;-0.344278
1053;-0.792969;-0.894891;-0.472043
1054;-0.777411;-0.229459;-0.305742
1055;-0.560037;-0.499283;0.119392
1056;-0.163579;-0.337967;0.271443
1057;-0.354230;0.068848;-0.153544
1058;-0.063325;0.256951;-0.198927
1059;-0.075863;0.285437;-0.058454
1060;-0.160986;0.407357;-0.131402
1061;-0.101188;0.098985;-0.083048
1062;0.130207;-0.286537;0.053053
1063;0.621632;-0.382356;0.244305
1064;0.714619;-0.203864;0.370095
1065;0.408098;0.152542;0.422141
1066;0.946682;0.138832;0.579348
1067;0.034306;-2.024684;-1.027919
1068;-0.741297;0.198072;0.634490
1069;0.843165;-0.009403;0.023238
1070;0.680519;-0.037957;0.553398
1071;0.302386;-0.076602;0.116358
1072;-0.173054;-0.067114;0.009892
1073;-0.573802;0.038880;-0.361320
1074;0.145937;0.035110;0.208707
1075;0.146119;0.087884;0.040089
1076;-0.392536;-0.020054;-0.213676
1077;-0.160899;-0.018750;-0.160920
1078;-0.051361;-0.011445;-0.131856
1079;-0.339997;-0.166467;-0.075972
1080;-0.080763;-0.263455;0.010117
1081;-0.190454;-0.323842;-0.166451
1082;-0.710501;-0.576207;-0.339111
1083;-0.793834;-0.866929;-0.478695
1084;-0.764989;-0.203845;-0.298011
1085;-0.513124;-0.444756;0.134292
1086;-0.112011;-0.337442;0.180715
1087;-0.150244;0.203602;-0.279404
1088;-0.028407;0.186988;-0.192563
1089;-0.162320;0.367095;-0.190873
1090;-0.228392;0.184553;-0.147227
1091;0.005686;-0.005146;-0.107295
1092;0.471863;-0.437052;0.362021
1093;0.681065;-0.419574;0.165278
1094;0.442379;-0.030070;0.367121
1095;0.557896;0.102964;0.428650
1096;0.839840;0.088657;0.400380
1097;-0.489075;-2.070103;-1.023860
1098;-0.601659;0.359223;0.652975
1099;0.956026;-0.071656;0.435588
1100;1.085889;0.044463;0.590993
1101;0.187504;-0.100911;0.101431
1102;-0.482375;-0.018753;-0.140720
1103;-0.686295;0.039216;-0.249405
1104;0.303733;0.080948;0.314074
1105;0.216690;-0.004778;0.056022
1106;-0.440757;-0.015388;-0.300855
1107;-0.089391;-0.033183;-0.102539
1108;0.234196;0.002074;-0.043767
1109;-0.297284;-0.185403;-0.134996
1110;-0.117794;-0.215217;-0.019833
1111;-0.256763;-0.253810;-0.111194
1112;-0.661711;-0.671934;-0.127037
1113;-0.620465;-0.665633;-0.327026
1114;-0.750228;-0.275200;-0.393502
1115;-0.304607;-0.326904;0.122964
1116;-0.227614;-0.453426;0.170704
1117;-0.163545;0.116127;-0.263990
1118;-0.056400;0.090002;-0.177181
1119;-0.318895;0.335336;-0.188154
1120;-0.262835;0.069828;-0.028520
1121;0.068685;0.150339;-0.068562
1122;0.160304;-0.237348;0.150132
1123;0.422320;-0.201264;0.252180
1124;0.678937;-0.162660;0.340674
1125;0.396880;0.107366;0.147914
1126;0.485415;0.013166;0.235355
1127;0.599853;-0.147074;0.114903
1128;-0.062544;-0.283440;-0.511646
1129;0.033587;0.426234;0.395921
1130;1.152068;-0.057404;0.272505
1131;0.361041;-0.057213;0.054298
1132;-0.401349;-0.094209;-0.105773
1133;-0.306365;-0.106561;0.021242
1134;0.428207;0.137250;0.101535
1135;-0.138077;-0.040606;-0.023283
1136;-0.174094;-0.015244;-0.199012
1137;0.041921;0.003042;-0.108852
1138;-0.113896;-0.066696;-0.117426
1139;-0.205046;-0.151380;-0.109468
1140;-0.286021;-0.259606;-0.172390
1141;-0.274540;-0.260335;-0.203103
1142;-0.613231;-0.575820;-0.098688
1143;-0.665620;-0.786915;-0.251374
1144;-0.675222;-0.274752;-0.435365
1145;-0.477689;-0.374890;0.167129
1146;-0.583392;-0.372646;0.159301
1147;-0.220041;0.097439;-0.176221
1148;-0.025782;0.115560;-0.185186
1149;-0.028580;0.257092;-0.138641
1150;-0.121323;0.211234;-0.157080
1151;0.017899;0.171991;-0.146000
1152;0.266580;-0.383710;0.149684
1153;0.518131;-0.283640;0.120285
1154;0.632863;-0.222638;0.348252
1155;0.494973;0.203100;0.371366
1156;0.695579;-0.010964;0.453542
1157;-0.064927;-1.033342;0.029593
1158;-0.179519;0.106229;0.414880
1159;0.476427;-0.083393;0.365500
1160;0.512636;-0.043292;0.064237
1161;0.130711;-0.087479;0.116909
1162;-0.076225;-0.055130;0.073385
1163;-0.390674;0.028641;-0.221398
1164;-0.086790;0.035605;0.072223
1165;0.167690;0.042717;0.059779
1166;-0.142897;-0.009262;-0.133885
1167;-0.132730;-0.049900;-0.140908
1168;-0.062971;0.048301;-0.205390
1169;-0.376348;-0.136141;-0.078779
1170;-0.028155;-0.254801;-0.046458
1171;-0.243452;-0.408311;-0.193282
1172;-0.604609;-0.615988;-0.350838
1173;-0.696201;-0.976538;-0.473616
1174;-0.862339;-0.370179;-0.336845
1175;-0.596143;-0.266974;0.138355
1176;-0.352169;-0.422441;0.279974
1177;-0.272984;0.232169;-0.232425
1178;-0.027561;0.122608;-0.113309
1179;-0.067062;0.341727;-0.190944
1180;-0.008292;0.138613;-0.051841
1181;0.261003;0.044679;-0.007218
1182;0.390838;-0.282894;0.356193
1183;0.509530;-0.207839;0.064677
1184;0.478869;-0.090206;0.218141
1185;0.397026;0.167697;0.243404
1186;0.755482;0.119349;0.294225
1187;-0.276077;-1.690000;-0.367813
1188;-0.470984;0.253353;0.761634
1189;0.723054;-0.147445;0.582052
1190;0.869150;0.092099;0.377792
1191;0.286859;-0.120938;0.089104
1192;-0.146948;-0.005163;0.049290
1193;-0.470710;-0.029925;-0.249293
1194;-0.068538;-0.004959;0.032631
1195;0.283645;0.054692;0.136918
1196;-0.325239;0.010730;-0.127102
1197;-0.306556;-0.006277;-0.191449
1198;0.063090;-0.019675;-0.098836
1199;-0.306418;-0.084450;-0.179172
1200;-0.069664;-0.231394;0.015994
1201;0.002007;-0.250047;-0.069547
1202;-0.466508;-0.470649;-0.229890
1203;-0.619522;-0.745447;-0.538074
1204;-0.936345;-0.724368;-0.662703
1205;-0.776891;-0.233010;-0.165974
1206;-0.394063;-0.589448;0.287580
1207;-0.198312;-0.022981;-0.132936
1208;-0.077186;0.035954;-0.125769
1209;-0.180587;0.273715;-0.151994
1210;-0.217064;0.264787;-0.096878
1211;-0.071129;0.072835;-0.050086
1212;0.061066;-0.427473;0.094072
1213;0.686678;-0.237159;0.319582
1214;0.816320;-0.211078;0.442898
1215;0.490679;0.177743;0.335463
1216;0.801483;0.107344;0.429061
1217;0.452043;-0.514184;0.113247
1218;-0.148456;-0.110140;-0.014785
1219;0.342586;0.271867;0.491663
1220;0.697922;0.043078;0.226339
1221;0.317821;-0.056900;0.106359
1222;-0.176967;-0.043722;0.086663
1223;-0.670656;0.006056;-0.318039
1224;0.011549;-0.030580;0.056838
1225;0.242597;0.052022;0.089359
1226;-0.149056;-0.018894;-0.080575
1227;-0.038924;-0.049302;-0.135466
1228;0.080954;-0.031646;-0.012890
1229;-0.087697;-0.026808;-0.233998
1230;-0.443259;-0.229769;-0.132955
1231;-0.148811;-0.242136;-0.089582
1232;-0.344804;-0.467505;-0.157723
1233;-0.607638;-0.683366;-0.368899
1234;-1.008410;-0.650783;-0.588632
1235;-0.675496;-0.268573;-0.249746
1236;-0.284185;-0.543749;0.306826
1237;-0.216012;-0.206529;-0.071762
1238;-0.004139;0.251554;-0.315184
1239;-0.055035;0.200853;-0.139610
1240;-0.176902;0.376443;-0.188144
1241;-0.205593;0.196662;-0.100809
1242;0.109903;-0.229465;-0.068215
1243;0.781163;-0.264928;0.454792
1244;0.708894;-0.278465;0.307776
1245;0.258731;0.158142;0.252347
1246;0.680827;0.064982;0.436299
1247;0.799049;0.003064;0.264292
1248;-0.201950;-0.662686;-1.836357
1249;-0.613296;0.142168;0.069495
1250;0.954141;0.017570;-0.085391
1251;0.974485;-0.020550;0.478445
1252;-0.102753;-0.085783;0.146900
1253;-0.617297;-0.031809;-0.323054
1254;-0.190111;0.035940;-0.012926
1255;0.499146;0.065353;0.166868
1256;-0.172852;-0.047189;-0.059092
1257;-0.319064;-0.046354;-0.224931
1258;-0.023210;0.055905;-0.048827
1259;0.055790;-0.045983;-0.091229
1260;-0.413803;-0.134414;-0.219296
1261;-0.015300;-0.216735;0.040091
1262;-0.051487;-0.275530;-0.059515
1263;-0.558275;-0.538950;-0.229322
1264;-0.512188;-0.775371;-0.513297
1265;-0.920687;-0.467306;-0.550657
1266;-0.900492;-0.246239;-0.243174
1267;-0.351239;-0.699992;0.272569
1268;-0.187192;0.108337;-0.175072
1269;-0.123639;-0.025119;-0.085017
1270;-0.222624;0.177052;-0.105080
1271;-0.130725;0.105834;-0.051443
1272;0.084354;0.106592;-0.013659
1273;0.252944;-0.447366;0.227669
1274;0.553970;-0.126737;0.076427
1275;0.549151;-0.189661;0.352832
1276;0.530292;0.213338;0.357400
1277;0.816433;0.124873;0.515220
1278;-0.016638;-1.089993;0.021494
1279;-0.272646;0.203332;0.402998
1280;0.701736;0.031934;0.766730
1281;0.684620;-0.121067;0.315367
1282;0.354829;0.034081;0.120187
1283;-0.105303;-0.147238;0.130056
1284;-0.533072;0.058744;-0.234989
1285;-0.361257;-0.048763;-0.007940
1286;0.427852;-0.033833;0.171783
1287;-0.098264;0.062148;-0.110735
1288;-0.333800;-0.024278;-0.238800
1289;0.014078;0.001598;-0.049016
1290;-0.235762;0.042612;-0.179913
1291;-0.208641;-0.159212;-0.064907
1292;0.037478;-0.236100;-0.058753
1293;-0.240315;-0.375386;-0.125378
1294;-0.616371;-0.622403;-0.404954
1295;-0.586862;-0.722633;-0.680000
1296;-0.993796;-0.340474;-0.391074
1297;-0.602723;-0.522537;0.019127
1298;-0.200547;-0.443155;0.003268
1299;-0.107597;0.048251;-0.103205
1300;-0.229934;0.148870;-0.158533
1301;-0.320304;0.233821;-0.082213
1302;-0.068903;0.167447;-0.035868
1303;0.167801;-0.062190;-0.047791
1304;0.454413;-0.182065;0.296792
1305;0.652270;-0.309159;0.251521
1306;0.460728;-0.034338;0.273352
1307;0.656456;0.189845;0.467158
1308;0.890057;-0.061853;0.326243
1309;0.052152;-0.921796;-1.770532
1310;-0.413457;0.268658;0.060591
1311;0.940737;-0.053730;0.178414
1312;0.907022;-0.006129;0.366882
1313;-0.260987;-0.114059;0.124081
1314;-0.797876;-0.048303;-0.276230
1315;0.241053;0.010166;0.118635
1316;0.254575;0.022957;0.131937
1317;-0.312197;-0.046412;-0.183627
1318;-0.087699;0.032911;-0.097310
1319;0.105345;-0.021975;-0.035098
1320;-0.187686;-0.043549;-0.163290
1321;-0.463654;-0.103143;-0.324504
1322;-0.248490;-0.194384;0.035086
1323;-0.125276;-0.325838;-0.103427
1324;-0.671820;-0.526246;-0.467827
1325;-0.528379;-0.857990;-0.643142
1326;-0.913131;-0.451279;-0.321090
1327;-0.544687;-0.411303;-0.015229
1328;-0.362936;-0.408210;0.128370
1329;-0.032761;0.287712;-0.305206
1330;0.104362;0.153746;-0.176498
1331;-0.111546;0.390538;-0.221358
1332;-0.178354;0.141113;-0.118553
1333;0.056675;0.024887;-0.118560
1334;0.446047;-0.358505;0.235265
1335;0.510673;-0.424386;0.065932
1336;0.318171;0.009939;0.255743
1337;0.363031;-0.024912;0.416344
1338;0.823462;0.280010;0.388393
1339;-0.195821;-1.568356;-0.256287
1340;-0.327455;0.260050;0.603273
1341;0.823608;0.070742;0.582534
1342;0.806212;-0.013605;0.450552
1343;0.295965;-0.075576;0.049720
1344;-0.334320;-0.106838;-0.026518
1345;-0.596868;0.044928;-0.199703
1346;0.103037;0.018572;0.095909
1347;0.359336;0.038042;0.070345
1348;-0.234931;-0.038400;-0.139733
1349;-0.181070;0.017818;-0.165678
1350;0.065251;0.013626;-0.102033
1351;-0.288189;-0.144286;-0.141353
1352;-0.090241;-0.182194;-0.050004
1353;-0.178846;-0.280024;-0.057562
1354;-0.380735;-0.532879;-0.186490
1355;-0.501494;-0.626978;-0.429935
1356;-0.651056;-0.652419;-0.583701
1357;-0.879778;-0.226605;-0.187236
1358;-0.466093;-0.522196;0.312145
1359;-0.281316;-0.048724;-0.082554
1360;0.022656;0.095784;-0.146371
1361;-0.114496;0.222649;-0.120618
1362;-0.215713;0.167611;-0.009378
1363;-0.027145;0.198187;-0.014646
1364;0.103962;-0.193394;0.058229
1365;0.432052;-0.065899;0.179861
1366;0.455290;-0.229624;0.232814
1367;0.423660;-0.008209;0.200668
1368;0.460581;0.094011;0.228139
1369;0.596175;0.038043;0.193401
1370;-0.259976;-1.298498;-0.438735
1371;-0.232514;0.228699;0.382304
1372;0.708795;-0.089798;0.674310
1373;1.063569;0.062495;0.486996
1374;0.092853;-0.055683;0.113879
1375;-0.618347;-0.065481;-0.215418
1376;-0.122767;-0.011487;0.013411
1377;0.462738;0.060968;0.172903
1378;-0.339500;-0.006998;-0.101341
1379;-0.429433;0.082597;-0.241153
1380;0.126959;-0.075706;-0.136184
1381;-0.052856;-0.056058;-0.113793
1382;-0.352779;-0.074400;-0.199330
1383;-0.115652;-0.238385;-0.037476
1384;-0.141910;-0.292417;-0.150888
1385;-0.686439;-0.580137;-0.244448
1386;-0.457138;-0.904557;-0.341387
1387;-0.835821;-0.263449;-0.284032
1388;-0.771866;-0.410195;-0.048595
1389;-0.430515;-0.424221;0.009688
1390;-0.154517;0.243391;-0.269873
1391;-0.070620;0.133259;-0.148543
1392;-0.266425;0.246419;-0.154951
1393;-0.180481;0.040276;-0.131576
1394;0.086390;-0.053615;-0.030745
1395;0.272255;-0.421172;0.197947
1396;0.505139;-0.233914;0.025444
1397;0.426553;-0.056127;0.247877
1398;0.436655;0.015280;0.388475
1399;0.728596;0.169408;0.344267
1400;0.120270;-0.853189;-0.012448
1401;-0.088966;0.066556;0.210944
1402;0.575772;0.182305;0.420151
1403;0.770249;-0.053484;0.275904
1404;0.191666;0.061646;0.116954
1405;-0.289411;-0.203585;-0.077583
1406;-0.365842;0.066245;-0.182543
1407;0.172809;0.016672;0.057433
1408;0.116490;-0.022597;0.010326
1409;-0.300921;0.000852;-0.231514
1410;-0.214594;0.036034;-0.228727
1411;-0.161124;-0.055286;-0.069601
1412;-0.302158;-0.149443;-0.119056
1413;-0.260816;-0.290496;-0.104367
1414;-0.306168;-0.433712;-0.324696
1415;-0.445542;-0.818796;-0.312324
1416;-0.847332;-0.686365;-0.590144
1417;-0.431289;-0.137109;-0.219143
1418;-0.282657;-0.533740;0.225735
1419;-0.369321;0.164534;-0.257523
1420;-0.275173;0.184334;-0.297980
1421;-0.139919;0.310778;-0.246079
1422;-0.207926;0.053445;-0.149303
1423;0.278010;0.075633;-0.041652
1424;0.361931;-0.143786;0.128804
1425;0.336475;-0.157612;0.103543
1426;0.388917;-0.332626;0.204246
1427;0.312720;0.077409;0.167753
1428;0.479111;0.162176;0.387348
1429;0.661287;-0.011691;0.284707
1430;-0.129186;-1.102586;-1.436027
1431;-0.279166;0.044076;0.175124
1432;0.768504;0.000850;0.025285
1433;0.696928;0.110585;0.499364
1434;0.009854;-0.091833;0.079146
1435;-0.381929;-0.037428;-0.231277
1436;-0.357608;0.005632;-0.164250
1437;0.202595;0.066062;0.125975
1438;0.034695;-0.009533;-0.003840
1439;-0.190798;-0.046075;-0.170351
1440;-0.000154;-0.045813;-0.085183
1441;-0.008508;0.018005;-0.122770
1442;-0.325352;-0.216970;-0.246994
1443;-0.172215;-0.286320;-0.051525
1444;-0.396259;-0.355922;-0.149813
1445;-0.719370;-0.751516;-0.334458
1446;-0.777610;-0.964716;-0.579746
1447;-0.839487;-0.241899;-0.237265
1448;-0.549227;-0.516482;0.250217
1449;-0.263086;-0.209586;-0.028034
1450;-0.095224;0.132175;-0.208696
1451;0.038183;0.169741;-0.131154
1452;-0.129276;0.349851;-0.140849
1453;-0.085760;0.239638;-0.083476
1454;0.048047;-0.099173;-0.031517
1455;0.383249;-0.260812;0.271258
1456;0.652039;-0.391109;0.143235
1457;0.366388;0.015349;0.130953
1458;0.483293;0.079377;0.356657
1459;0.833762;0.062057;0.338274
1460;-0.300499;-1.747348;-0.856526
1461;-0.558431;0.063288;0.278116
1462;0.891745;0.045498;0.175038
1463;0.719143;-0.038338;0.466937
1464;0.047729;-0.022405;0.053240
1465;-0.353019;-0.043256;-0.142682
1466;-0.359848;-0.061095;-0.096595
1467;0.401186;0.090379;0.068936
1468;-0.126642;-0.031525;0.015606
1469;-0.241731;0.019568;-0.232116
1470;-0.113221;-0.055448;-0.218288
1471;-0.210401;0.018390;-0.234697
1472;-0.319861;-0.122831;-0.086648
1473;-0.105490;-0.207836;-0.031943
1474;-0.217215;-0.297410;-0.192379
1475;-0.540618;-0.598443;-0.392569
1476;-0.671393;-0.947896;-0.622147
1477;-0.848805;-0.510572;-0.305787
1478;-0.485565;-0.358586;0.044758
1479;-0.425274;-0.395956;0.199222
1480;-0.226645;0.245971;-0.226374
1481;0.115173;0.146555;-0.157692
1482;-0.060676;0.332859;-0.152621
1483;-0.008096;0.137989;0.001460
1484;0.069971;0.115428;-0.030858
1485;0.297250;-0.310841;0.276377
1486;0.605747;-0.265640;0.128024
1487;0.386928;-0.079161;0.249920
1488;0.544796;0.126984;0.385127
1489;0.773757;0.117358;0.297640
1490;-0.436601;-1.798244;-0.447993
1491;-0.395990;0.432362;0.683135
1492;0.668688;-0.171235;0.660543
1493;0.941251;0.126848;0.496000
1494;0.301553;-0.159366;0.128137
1495;-0.273647;-0.040710;-0.000593
1496;-0.621217;-0.016259;-0.274632
1497;0.119603;-0.000120;0.134639
1498;0.441627;0.024133;0.108334
1499;-0.174365;-0.084174;-0.188432
1500;-0.313161;-0.023931;-0.218306
1501;0.053003;0.033897;-0.023775
1502;-0.064455;-0.081376;-0.180068
1503;-0.373901;-0.177737;-0.174774
1504;-0.093202;-0.254417;-0.026695
1505;-0.137711;-0.399695;-0.161574
1506;-0.617056;-0.525185;-0.395338
1507;-0.504845;-0.706796;-0.568372
1508;-0.983329;-0.267365;-0.342426
1509;-0.615575;-0.459270;0.029147
1510;-0.402407;-0.342446;0.014545
1511;-0.167546;0.138632;-0.175900
1512;-0.011862;0.135226;-0.172130
1513;-0.185133;0.251140;-0.125191
1514;-0.102194;0.207576;-0.042823
1515;0.102907;0.019313;0.025206
1516;0.417979;-0.410941;0.338038
1517;0.521354;-0.110468;0.102957
1518;0.340669;-0.057114;0.210536
1519;0.386604;-0.012419;0.171247
1520;0.765921;0.184526;0.212757
1521;0.346128;-0.706892;0.121395
1522;-0.009290;0.016582;-0.114608
1523;0.235650;0.247020;0.371691
1524;0.821200;-0.048096;0.390136
1525;0.433537;-0.021720;0.200795
1526;-0.259707;-0.082734;0.014720
1527;-0.479749;-0.080911;-0.338292
1528;-0.026194;0.019554;0.019177
1529;0.400462;0.034574;0.119029
1530;-0.262135;-0.039146;-0.199431
1531;-0.328531;-0.002523;-0.260432
1532;0.029080;-0.021275;-0.043098
1533;-0.209057;-0.053904;-0.254580
1534;-0.278048;-0.221229;-0.081163
1535;0.029544;-0.344804;-0.116704
1536;-0.378058;-0.491528;-0.306187
1537;-0.551874;-0.942276;-0.414299
1538;-1.030696;-0.737117;-0.765229
1539;-0.856191;-0.235499;-0.229858
1540;-0.524637;-0.419420;0.413505
1541;-0.178603;-0.130124;-0.096280
1542;0.130416;0.239274;-0.225915
1543;0.030636;0.203283;-0.111715
1544;-0.111756;0.273431;-0.097221
1545;-0.062701;0.205500;-0.042822
1546;0.119268;-0.108719;-0.127468
1547;0.420714;-0.200509;0.208393
1548;0.478022;-0.427272;0.141481
1549;0.346353;-0.019871;0.123760
1550;0.435115;0.203569;0.286751
1551;0.697416;0.017628;0.299468
1552;-0.374371;-1.571278;-0.181834
1553;-0.147266;0.176829;0.376399
1554;0.541316;0.054131;0.282248
1555;0.537376;0.030671;0.423040
1556;0.430207;-0.040530;0.138239
1557;-0.133904;-0.025765;0.101359
1558;-0.486765;-0.023772;-0.291038
1559;-0.131817;0.006259;-0.012748
1560;0.337004;0.011020;0.080853
1561;-0.164609;-0.005161;-0.142131
1562;-0.372062;-0.019939;-0.179905
1563;0.103810;-0.014701;-0.053422
1564;-0.063419;-0.096065;-0.060164
1565;-0.197080;-0.124134;-0.158315
1566;-0.226739;-0.320327;-0.269550
1567;-0.233717;-0.479583;-0.214640
1568;-0.513176;-0.684894;-0.232653
1569;-0.951506;-0.740535;-0.524580
1570;-1.054843;-0.283448;-0.275373
1571;-0.563748;-0.374750;0.283015
1572;-0.073293;-0.324299;0.130978
1573;0.144513;0.227598;-0.213131
1574;0.009369;0.127770;-0.148154
1575;-0.208221;0.316593;-0.218047
1576;-0.030350;0.128853;-0.003524
1577;0.070901;0.081944;-0.177694
1578;0.290847;-0.367970;0.248270
1579;0.493382;-0.304537;0.090110
1580;0.457064;0.026326;0.278437
1581;0.478348;0.043636;0.399211
1582;0.683248;0.134394;0.272184
1583;-0.275999;-1.349631;-0.111733
1584;-0.226194;0.299482;0.283060
1585;0.301783;0.023560;0.447514
1586;1.016311;-0.003920;0.239014
1587;0.323238;-0.104058;0.160545
1588;-0.341791;-0.025054;0.020216
1589;-0.579422;-0.015930;-0.266714
1590;0.086298;0.010098;0.107797
1591;0.409608;-0.000182;0.066281
1592;-0.246864;-0.089639;-0.171387
1593;-0.158418;-0.035716;-0.141492
1594;0.128793;0.024583;-0.059667
1595;-0.254371;-0.008373;-0.284326
1596;-0.367588;-0.203598;-0.130333
1597;-0.075411;-0.304858;-0.126324
1598;-0.255905;-0.399429;-0.216854
1599;-0.740492;-0.568846;-0.418533
1600;-0.665293;-0.738532;-0.563458
1601;-0.947179;-0.323196;-0.337742
1602;-0.641159;-0.611060;0.104025
1603;-0.104720;-0.337809;0.165374
1604;-0.205319;0.124839;-0.281919
1605;-0.003331;0.212551;-0.198678
1606;-0.115389;0.250387;-0.218474
1607;-0.233786;0.189720;-0.225963
1608;-0.031476;0.039177;-0.102657
1609;0.450470;-0.440749;0.234513
1610;0.524653;-0.291285;0.126180
1611;0.435328;-0.084470;0.294351
1612;0.493133;-0.045290;0.367733
1613;0.668287;0.239166;0.241735
1614;0.505869;-0.255827;0.281727
1615;-0.501874;-0.613007;-1.734510
1616;-0.375409;0.189112;0.102928
1617;0.832097;0.002586;0.107027
1618;0.869113;0.003485;0.504197
1619;0.110993;-0.099650;0.167637
1620;-0.546995;-0.109541;-0.222366
1621;-0.565137;-0.015685;-0.239458
1622;0.553260;0.050409;0.229044
1623;0.050923;-0.014097;0.047120
1624;-0.473538;-0.037065;-0.245429
1625;0.008407;-0.010728;-0.073218
1626;-0.199543;-0.022047;-0.057305
1627;-0.393244;-0.119176;-0.312500
1628;-0.202102;-0.234220;-0.075494
1629;-0.071097;-0.367512;-0.130863
1630;-0.573493;-0.647499;-0.329400
1631;-0.522056;-0.675510;-0.637660
1632;-1.088966;-0.399345;-0.395530
1633;-0.825817;-0.565075;-0.038193
1634;-0.362871;-0.366319;0.201106
1635;-0.061655;0.100526;-0.110631
1636;0.071462;0.076007;-0.150356
1637;-0.148305;0.244083;-0.099643
1638;-0.037027;0.191088;-0.017521
1639;0.100191;0.166768;-0.104178
1640;0.401937;-0.306169;0.260982
1641;0.490161;-0.252549;0.068512
1642;0.464932;-0.088278;0.219777
1643;0.423665;0.028335;0.178062
1644;0.619286;0.087019;0.270990
1645;0.130834;-0.640921;0.117720
1646;0.062766;0.131609;-0.068267
1647;0.416237;0.068848;0.548482
1648;0.845672;-0.039464;0.337475
1649;0.339033;-0.017835;0.232721
1650;-0.322717;-0.049635;0.048734
1651;-0.513621;-0.142172;-0.464711
1652;0.076303;0.027723;0.052785
1653;0.360247;0.013761;0.173156
1654;-0.433822;0.026721;-0.198704
1655;-0.255471;-0.020775;-0.227159
1656;-0.025163;0.012983;-0.149652
1657;-0.339591;-0.115799;-0.155483
1658;-0.154910;-0.241904;-0.040596
1659;-0.222498;-0.313539;-0.259263
1660;-0.464085;-0.587276;-0.346433
1661;-0.480022;-0.734750;-0.485976
1662;-1.019001;-0.375825;-0.510925
1663;-0.590820;-0.347327;0.070615
1664;-0.232849;-0.627319;0.250330
1665;-0.037495;0.180630;-0.189244
1666;-0.009338;0.098421;-0.222785
1667;-0.268866;0.301709;-0.182773
1668;-0.084642;0.082207;0.004087
1669;0.204631;0.050552;-0.084029
1670;0.371673;-0.081552;0.277316
1671;0.583439;-0.238261;0.212252
1672;0.527441;-0.126877;0.281507
1673;0.395731;0.077587;0.251193
1674;0.521941;0.120202;0.269847
1675;0.578255;-0.224940;0.166326
1676;-0.311839;-1.002186;-1.316464
1677;-0.325493;0.224083;0.097028
1678;0.659434;-0.092613;0.189206
1679;0.669810;0.014716;0.354558
1680;0.130780;-0.099200;0.090743
1681;-0.532628;-0.018426;-0.269638
1682;-0.462798;0.028801;-0.160724
1683;0.441828;0.091840;0.251649
1684;-0.024930;-0.017656;-0.092041
1685;-0.652360;-0.026218;-0.273228
1686;-0.075993;0.042746;-0.115230
1687;-0.045422;-0.044063;-0.138662
1688;-0.054328;-0.076939;-0.089364
1689;-0.017491;-0.008770;0.030009
1690;-0.281768;0.056380;-0.121777
1691;-0.062987;-0.092848;-0.124745
1692;0.068812;0.009723;-0.163020
1693;-0.130603;-0.018260;-0.123099
1694;-0.062608;0.030176;-0.099304
1695;0.030051;0.021812;-0.066807
1696;-0.059412;-0.035450;-0.025456
1697;-0.086898;-0.076916;-0.041207
1698;0.003212;-0.063455;-0.113851
1699;0.051572;-0.051384;-0.142299
1700;-0.032526;-0.067363;-0.124973
1701;-0.125453;-0.040330;-0.089355
1702;-0.049074;-0.002669;-0.091573
1703;-0.069791;-0.034255;-0.109876
1704;-0.128735;-0.020725;-0.094111
1705;-0.102608;-0.014749;-0.109887
1706;-0.102922;-0.033609;-0.098545
1707;-0.068197;-0.018051;-0.073430
1708;-0.042684;-0.023113;-0.066671
1709;-0.065384;-0.025096;-0.082388
1710;-0.051045;-0.016056;-0.076656
1711;-0.023947;-0.007519;-0.070343
1712;-0.045312;-0.007462;-0.061248
1713;-0.049361;-0.008437;-0.054793
1714;-0.026994;-0.010808;-0.029239
1715;-0.012036;-0.006985;-0.036965
1716;-0.012032;-0.016715;-0.030620
1717;0.003005;-0.005498;-0.030347
1718;-0.018387;-0.005774;-0.028896
1719;-0.015756;-0.010656;-0.024534
1720;0.010952;-0.011131;-0.044513
1721;0.000150;-0.018412;-0.039063
1722;0.002608;0.004452;-0.009350
1723;0.014996;-0.007773;-0.005436
1724;-0.003641;-0.002719;-0.027315
1725;-0.006172;-0.014225;-0.023575
1726;0.006334;-0.010846;-0.011884
1727;0.006096;-0.006346;-0.014766
1728;0.010636;-0.009952;-0.016604
1729;-0.012104;-0.007587;-0.012287
1730;-0.019965;-0.004057;-0.025105
1731;-0.012790;-0.002298;-0.026799
1732;-0.015397;-0.008288;-0.029949
1733;-0.004114;-0.008439;-0.019240
1734;-0.001732;-0.004583;-0.004001
1735;0.011078;-0.011955;-0.008864
1736;-0.008992;0.001226;-0.015554
1737;-0.003980;-0.008640;-0.012914
1738;0.002033;-0.000947;-0.017503
1739;-0.014765;-0.005357;-0.012982
1740;0.002337;-0.017193;-0.012377
1741;0.006241;0.002604;-0.014788
1742;-0.002298;-0.014107;-0.007158
1743;0.012543;-0.013435;-0.006664
1744;-0.007167;0.013705;-0.012213
1745;-0.006087;-0.013272;-0.009875
1746;-0.001963;-0.008063;-0.007267
1747;-0.002181;-0.015878;-0.010871
1748;0.011413;-0.010000;-0.007320
1749;0.003663;0.000224;-0.004704
1750;0.005606;-0.005383;-0.004108
1751;0.000924;-0.006447;-0.009071
1752;-0.001289;-0.013795;-0.007208
1753;-0.006943;0.002292;-0.013850
1754;-0.009036;-0.000740;-0.012927
1755;-0.006508;0.002405;-0.007352
1756;0.009725;-0.005279;-0.006016
1757;-0.010574;0.000057;-0.010567
1758;-0.025890;0.003008;-0.004634
1759;0.010376;-0.001398;-0.006537
1760;-0.017896;-0.018882;0.003782
1761;0.010872;0.006770;-0.007763
1762;-0.016549;-0.012896;-0.001060
1763;-0.000265;0.002557;-0.007675
1764;-0.000657;-0.002208;-0.002186
1765;-0.002496;-0.005457;-0.005942
1766;0.000259;-0.000391;-0.006859
1767;-0.001433;-0.003468;-0.002827
1768;0.002151;-0.003150;-0.000213
1769;0.001151;-0.000978;-0.004500
1770;0.004396;-0.003553;-0.000881
1771;-0.002392;-0.005925;-0.001661
1772;0.004060;0.000917;-0.005641
1773;-0.003552;-0.005893;-0.002632
1774;-0.000248;-0.003484;0.000146
1775;0.000508;-0.002579;-0.003158
1776;0.001106;-0.004095;-0.004248
1777;-0.001217;-0.001801;-0.003767
1778;-0.004707;-0.002694;0.002263
1779;0.005964;-0.000375;-0.001429
1780;-0.008486;-0.002168;-0.004295
1781;0.010539;0.000520;0.001888
1782;0.010208;-0.011410;0.021682
1783;-0.003388;-0.005118;-0.007285
1784;0.021830;0.014676;-0.012955
1785;-0.028420;-0.021132;-0.002458
1786;-0.029718;-0.013199;-0.025498
