index;x;y;z
0;-0.009467;0.038315;0.016445
1;0.073758;-0.020116;0.076046
2;-0.007542;0.009283;-0.010525
3;-0.032792;-0.015192;-0.022389
4;0.000722;0.002026;-0.003461
5;0.020745;-0.008547;0.012133
6;-0.011845;0.002453;-0.004552
7;-0.010354;-0.009059;-0.002499
8;0.006177;0.002258;0.011637
9;-0.013790;-0.001035;0.003214
10;-0.014570;-0.001106;-0.012866
11;-0.015422;-0.001184;0.003983
12;0.016723;-0.004851;-0.000784
13;0.013321;-0.004332;0.005244
14;0.012986;0.001780;0.000008
15;0.004299;-0.000514;-0.008843
16;0.011526;-0.001577;-0.007915
17;0.000336;-0.004887;0.000377
18;0.011899;0.000582;-0.001366
19;-0.006575;-0.006745;-0.002609
20;-0.009639;0.001781;-0.008649
21;-0.004057;-0.005648;-0.003980
22;0.002006;0.002846;0.005749
23;0.009188;-0.006434;0.002960
24;-0.000526;-0.005290;-0.000731
25;-0.010030;-0.002445;0.011046
26;-0.002682;-0.006035;0.008044
27;-0.002003;-0.001113;0.003773
28;-0.000979;-0.005392;-0.001867
29;-0.001605;-0.000658;-0.000572
30;-0.003994;-0.004271;0.000239
31;0.006362;-0.008002;0.005184
32;-0.008159;-0.001698;0.003311
33;-0.012416;-0.002123;-0.000885
34;-0.000244;-0.005711;0.001739
35;0.003821;-0.001352;0.001680
36;0.003226;-0.003424;0.002142
37;0.002156;-0.002482;0.002092
38;-0.001685;-0.000945;0.003025
39;0.000374;-0.005940;-0.000529
40;-0.004488;-0.001205;-0.004637
41;0.000779;-0.010370;0.004771
42;0.003346;0.004134;0.000151
43;-0.004491;-0.006542;-0.001050
44;-0.002400;-0.001403;-0.003088
45;0.007374;-0.004625;0.002524
46;-0.001816;0.001023;0.000761
47;0.000697;-0.004767;0.000549
48;0.007846;-0.002526;-0.002183
49;-0.000627;-0.002485;0.004239
50;0.001008;-0.004068;0.001713
51;0.002385;-0.005751;-0.002412
52;-0.004701;-0.008354;0.000438
53;-0.007423;0.000889;-0.001585
54;0.002570;-0.012204;0.000581
55;0.001326;0.000532;-0.002411
56;-0.004396;-0.002427;-0.000443
57;0.007311;-0.005155;0.000419
58;0.002417;0.001183;-0.000929
59;-0.002926;0.003621;0.000065
60;0.006462;-0.005575;0.005010
61;0.000351;-0.004136;-0.003041
62;-0.008029;-0.002092;-0.001010
63;-0.000362;0.000219;0.001219
64;0.001359;-0.011904;0.006701
65;0.006632;0.016293;-0.005215
66;0.008787;-0.024125;0.003387
67;-0.005794;0.004179;-0.002919
68;-0.000748;-0.004095;0.001257
69;0.003432;-0.018291;0.005441
70;-0.003494;0.011804;-0.002395
71;0.003837;-0.009606;0.005529
72;0.011243;-0.002995;-0.003844
73;-0.003446;-0.002358;-0.001971
74;-0.000066;-0.007376;-0.001357
75;0.001229;-0.003468;-0.001009
76;0.002675;-0.002830;-0.002446
77;0.000029;-0.004710;-0.001403
78;-0.000970;0.003155;-0.002349
79;-0.001671;-0.009734;0.001249
80;-0.001218;-0.001652;-0.003862
81;-0.002077;-0.004456;0.000559
82;0.001596;-0.003320;0.002285
83;0.001999;-0.005759;0.002967
84;-0.002982;-0.005226;-0.005116
85;-0.007811;-0.003385;-0.000702
86;0.005359;-0.003261;0.005204
87;-0.003925;-0.001575;0.004185
88;0.003526;-0.006027;-0.001001
89;-0.001077;-0.003518;0.000354
90;-0.001499;-0.002415;0.000213
91;-0.005803;-0.002134;-0.005658
92;0.014382;-0.004298;0.002695
93;-0.001234;0.002065;0.004030
94;-0.004111;-0.010291;0.008423
95;0.007020;-0.002965;0.005824
96;-0.002946;0.000793;0.005206
97;-0.005594;-0.001745;0.002175
98;-0.000822;0.001123;-0.000309
99;-0.004655;-0.005880;0.003975
100;0.007285;0.000351;0.004573
101;0.020223;-0.008375;0.000984
102;0.040401;-0.004003;0.000949
103;0.049423;-0.007044;0.004215
104;0.049697;-0.018038;0.028328
105;0.076646;-0.000286;-0.008737
106;0.011010;-0.008646;-0.020793
107;0.040627;-0.038986;0.003161
108;0.061142;0.038267;-0.009328
109;-0.006121;0.007463;0.011632
110;0.038431;-0.010834;0.036984
111;0.089297;0.023415;0.003499
112;-0.011776;-0.014914;-0.006442
113;0.017297;0.002544;-0.010803
114;-0.014183;0.008985;-0.001553
115;-0.020642;-0.013297;0.019287
116;-0.032882;0.001561;0.004213
117;-0.153643;0.021452;-0.027058
118;-0.227897;-0.020480;-0.018959
119;-0.352563;-0.049974;-0.023298
120;-0.353011;-0.179361;-0.023807
121;-0.214555;-0.328508;0.012211
122;-0.248824;-0.357424;0.054729
123;-0.141486;-0.039250;0.042734
124;-0.015681;0.113671;0.038055
125;-0.043896;0.384793;-0.110061
126;0.027149;0.170720;-0.008086
127;-0.012559;0.001548;-0.097567
128;-0.027416;0.026951;-0.042173
129;0.174995;-0.028165;-0.000711
130;0.433503;-0.121122;0.157566
131;0.380500;0.083307;0.001148
132;0.174929;-0.019200;0.061820
133;0.229033;-0.034243;0.095561
134;0.324735;0.029208;0.042389
135;-0.220656;-0.605549;-0.228946
136;-0.477803;0.220439;-0.139393
137;0.216827;-0.299760;0.149194
138;0.225973;0.256629;0.000784
139;0.338127;-0.058903;0.453220
140;0.139765;0.001041;0.024473
141;-0.310695;-0.065276;-0.071421
142;0.054558;-0.000077;-0.005344
143;0.090323;0.024043;0.051986
144;-0.036301;-0.024681;0.053948
145;-0.107067;0.000167;-0.060356
146;-0.005868;-0.002813;0.040119
147;-0.002887;0.027794;-0.017252
148;-0.313099;-0.015526;-0.107436
149;-0.250800;-0.001067;0.010767
150;0.008797;-0.045085;0.064071
151;0.168605;-0.127019;0.025363
152;-0.074749;-0.162547;-0.021203
153;-0.261496;-0.245491;-0.054508
154;-0.296256;-0.297251;-0.086472
155;-0.427925;-0.334495;-0.205299
156;-0.855369;-0.307793;-0.340358
157;-0.716572;-0.271549;-0.005979
158;-0.261156;-0.262428;0.284551
159;0.020254;-0.211047;0.231199
160;0.284266;0.276814;-0.103200
161;0.007601;0.298396;-0.027524
162;-0.086137;0.341582;0.047648
163;-0.046384;0.460748;-0.179251
164;-0.005528;0.061664;-0.035862
165;0.586547;-0.208149;0.300665
166;0.596404;-0.150495;0.241490
167;0.259617;0.023440;-0.049213
168;0.083414;-0.067669;0.107722
169;0.256377;0.013248;0.026437
170;0.318242;-0.054971;0.000523
171;-0.139596;-0.603632;0.047752
172;-0.337257;0.069908;-0.350173
173;0.187640;-0.161925;0.209112
174;0.491998;0.179002;-0.099762
175;0.418254;0.093344;0.505964
176;0.381917;-0.085490;0.170729
177;-0.044285;-0.032426;-0.090772
178;-0.258879;-0.059330;-0.010689
179;0.297342;-0.050465;0.232699
180;0.266031;0.051092;0.133458
181;-0.555425;0.074146;-0.086760
182;-0.603911;-0.029299;-0.185000
183;-0.009951;0.034304;0.025078
184;-0.042731;0.032283;0.041810
185;-0.349080;0.023359;-0.095675
186;-0.209957;-0.030115;0.008487
187;0.091122;-0.077717;0.036542
188;0.004484;-0.227902;0.014315
189;-0.141381;-0.334698;-0.109597
190;-0.351835;-0.414543;-0.177157
191;-0.522262;-0.453260;-0.251874
192;-0.847917;-0.178455;-0.205794
193;-0.543571;-0.243060;-0.078782
194;-0.231523;-0.361687;0.296645
195;-0.124394;0.018370;0.061666
196;0.162301;0.275596;-0.151848
197;0.021650;0.125513;0.033686
198;0.023003;0.275017;0.042420
199;0.063345;0.242514;0.013962
200;0.442592;-0.136299;0.131200
201;0.395502;0.068842;0.032103
202;0.245218;-0.220923;0.054864
203;0.200207;0.014125;0.018712
204;0.307895;0.024837;0.152487
205;0.449277;0.106290;0.084818
206;-0.035237;-0.817532;0.212184
207;-0.290731;-0.029490;0.043497
208;0.401080;0.212546;0.523191
209;1.193377;0.097385;-0.110549
210;0.436022;-0.037857;0.411876
211;-0.046515;-0.049728;0.179333
212;-0.389026;-0.059472;-0.151666
213;-0.161753;-0.029671;0.064914
214;0.381670;0.113910;0.152970
215;0.091752;-0.039330;0.063233
216;-0.377973;-0.009786;-0.083411
217;-0.444329;0.088949;-0.221469
218;-0.172290;-0.073609;0.007439
219;-0.094783;-0.042438;-0.011907
220;-0.096508;-0.202701;-0.032092
221;-0.219198;-0.211401;-0.053946
222;-0.333210;-0.354138;-0.091693
223;-0.672353;-0.532609;-0.248484
224;-0.961042;-0.531830;-0.298769
225;-0.707021;-0.351652;0.008969
226;-0.277926;-0.509219;0.297768
227;-0.076266;-0.214936;0.302480
228;0.117194;0.379798;-0.121434
229;0.029630;0.454753;0.024734
230;0.034172;0.233760;0.015359
231;-0.010394;0.453479;-0.026853
232;0.026581;0.197152;-0.055131
233;0.471842;-0.238899;0.387121
234;0.658204;-0.255681;0.245944
235;0.374415;0.021584;0.170083
236;0.255440;0.032008;0.159484
237;0.521741;-0.026797;0.129842
238;-0.162459;-1.449653;-0.640191
239;-0.516458;0.183805;-0.079917
240;0.598465;-0.019847;0.481556
241;0.856750;0.122011;0.231111
242;0.353879;-0.093662;0.262711
243;-0.516671;-0.130686;-0.153815
244;-0.408062;-0.047890;0.023553
245;0.407964;0.046501;0.182962
246;0.363948;-0.025673;0.081301
247;-0.296870;0.008281;-0.091449
248;-0.400221;-0.006144;-0.116081
249;-0.004425;-0.062429;0.004817
250;-0.073216;-0.062385;-0.008933
251;-0.326223;-0.144593;-0.060724
252;-0.252216;-0.160460;-0.033029
253;-0.243464;-0.232862;-0.082406
254;-0.740346;-0.653740;-0.110477
255;-1.081893;-0.613420;-0.354397
256;-0.695210;-0.328585;-0.054947
257;-0.248906;-0.622463;0.235137
258;-0.064529;-0.226803;0.181187
259;0.028758;0.183924;-0.044906
260;-0.031092;0.434331;-0.128656
261;-0.058799;0.278041;0.011069
262;-0.013861;0.302402;-0.093611
263;0.095505;0.326960;0.020901
264;0.359212;-0.144039;0.167567
265;0.508729;-0.258229;0.071245
266;0.451699;-0.220628;0.288425
267;0.210827;0.096358;0.112413
268;0.486516;-0.018505;0.273820
269;0.221558;-0.792231;0.143383
270;-0.484300;0.013176;-0.062157
271;0.278900;0.267227;0.493769
272;1.232309;0.034330;0.116891
273;0.777821;0.113369;0.539569
274;-0.044924;-0.110725;0.280006
275;-0.779335;-0.063249;-0.239225
276;-0.322194;0.001677;0.033678
277;0.697077;0.123343;0.057964
278;0.203754;-0.058162;0.092498
279;-0.639133;0.027619;-0.087766
280;-0.425656;0.040394;-0.191253
281;-0.059091;-0.120703;-0.003286
282;-0.188919;-0.195147;0.034828
283;-0.199842;-0.320571;-0.045621
284;-0.253079;-0.377204;-0.176801
285;-0.647708;-0.663090;-0.297448
286;-0.803078;-0.749541;-0.411406
287;-0.703665;-0.211415;-0.049164
288;-0.487503;-0.447272;0.233126
289;-0.094701;-0.307172;0.256193
290;-0.061889;0.229388;-0.134365
291;0.023768;0.514469;-0.123504
292;0.054961;0.169379;0.145359
293;0.097780;0.376420;-0.034386
294;0.133718;0.318231;0.053806
295;0.400708;-0.214688;0.271489
296;0.488814;-0.180160;0.107530
297;0.299069;-0.147430;0.051448
298;0.208834;0.078121;0.100613
299;0.615616;0.000226;0.177720
300;0.066846;-0.925578;0.199962
301;-0.455433;0.150448;0.254580
302;0.367408;0.033947;0.658357
303;1.439976;0.208340;-0.218941
304;0.543271;0.023843;0.532936
305;0.016256;-0.143115;0.233922
306;-0.424732;-0.001425;-0.202789
307;-0.485710;-0.034735;-0.141498
308;0.289794;0.051231;0.234174
309;0.526957;0.022636;0.055094
310;-0.389692;0.005357;-0.067307
311;-0.855582;-0.036907;-0.227208
312;-0.154553;-0.033465;0.096026
313;0.062034;-0.156158;0.019380
314;-0.244090;-0.303911;-0.027187
315;-0.385677;-0.382661;-0.143995
316;-0.507089;-0.520872;-0.240796
317;-0.596742;-0.536640;-0.292829
318;-0.849438;-0.288111;-0.067051
319;-0.580564;-0.668322;0.151538
320;-0.057124;-0.265687;0.232702
321;-0.048750;0.131481;-0.139955
322;0.025208;0.476585;-0.137869
323;-0.062543;0.160829;0.055336
324;0.014780;0.341066;-0.014786
325;0.063849;0.349990;0.078288
326;0.414911;-0.117032;0.219186
327;0.625624;-0.190255;0.094008
328;0.534882;-0.255235;0.323542
329;0.305631;0.111744;0.207987
330;0.364397;0.131166;0.109759
331;-0.076726;-1.274433;0.273477
332;-0.498303;0.286761;0.107803
333;0.548889;0.276428;0.768883
334;1.260306;-0.050525;0.313722
335;0.739108;0.052211;0.343729
336;-0.251389;-0.165687;0.218276
337;-0.880102;0.000331;-0.225609
338;-0.128528;0.011224;0.030958
339;0.481309;0.081867;0.151327
340;0.129475;-0.052199;-0.025715
341;-0.403837;-0.014517;-0.100983
342;-0.090565;-0.017880;-0.065868
343;-0.117075;-0.098415;-0.060843
344;-0.347531;-0.265941;0.034794
345;-0.332125;-0.279624;-0.074340
346;-0.701251;-0.634485;-0.110760
347;-0.748107;-0.679280;-0.396847
348;-0.907180;-0.377190;-0.231833
349;-0.484151;-0.405655;-0.016656
350;-0.313763;-0.548533;0.356764
351;-0.093804;0.034935;-0.046031
352;0.267120;0.410102;-0.113721
353;0.001994;0.238231;0.014233
354;0.026737;0.399524;-0.056343
355;0.075100;0.139494;0.124836
356;0.360332;-0.039341;0.355282
357;0.453071;-0.237659;0.110866
358;0.595300;0.011187;0.254606
359;0.351690;0.057374;0.256040
360;0.369100;0.016221;0.145675
361;0.448220;-0.072336;0.030038
362;-0.385327;-1.292619;-1.404819
363;-0.374827;0.418148;-0.273386
364;0.850530;-0.014575;0.724275
365;1.147648;0.098551;0.359041
366;0.324114;-0.022132;0.242625
367;-0.675475;-0.246267;-0.180469
368;-0.568684;0.087047;0.032345
369;0.598152;0.038532;0.204245
370;0.342883;0.037962;0.002285
371;-0.794968;-0.028462;-0.084750
372;-0.471404;0.023715;-0.134972
373;0.087542;-0.037840;-0.030652
374;-0.143758;-0.194691;0.014005
375;-0.281777;-0.313830;-0.085210
376;-0.223744;-0.282826;-0.135580
377;-0.681685;-0.646814;-0.117710
378;-0.785494;-0.688226;-0.571601
379;-0.824734;-0.361174;-0.184547
380;-0.462998;-0.466343;0.172207
381;-0.250890;-0.461031;0.345178
382;-0.105874;0.070543;-0.036156
383;0.187422;0.377246;-0.071218
384;0.065478;0.243309;0.047126
385;0.136355;0.456608;-0.036770
386;0.054212;0.390696;0.012515
387;0.416358;-0.098662;0.324855
388;0.669320;-0.354488;0.168262
389;0.487147;-0.029371;0.186332
390;0.267137;0.108313;0.150772
391;0.640748;-0.001195;0.252463
392;0.034926;-1.164983;0.125513
393;-0.588044;0.354018;0.115451
394;0.224819;-0.213812;0.968063
395;1.192986;0.281380;-0.182333
396;0.722872;-0.002985;0.467956
397;-0.262956;-0.073376;0.191915
398;-0.763372;-0.073961;-0.209716
399;-0.129971;0.043115;0.121569
400;0.614802;0.011579;0.165569
401;0.035783;-0.031945;-0.005997
402;-0.407027;-0.037266;-0.101166
403;-0.045232;-0.050160;-0.035341
404;-0.099087;0.056690;-0.084258
405;-0.576073;-0.260587;0.002316
406;-0.367948;-0.220895;-0.052857
407;-0.286589;-0.385438;-0.135635
408;-0.707229;-0.678223;-0.344651
409;-0.827545;-0.598473;-0.435662
410;-0.603763;-0.347992;-0.128690
411;-0.251572;-0.580147;0.318579
412;-0.199168;-0.252332;0.261832
413;-0.084782;0.197586;-0.025666
414;0.080404;0.402526;-0.079883
415;0.025644;0.352873;-0.001329
416;0.018857;0.306918;0.070694
417;0.197807;0.321886;0.116142
418;0.620270;-0.032949;0.265045
419;0.639527;-0.189587;0.159423
420;0.347915;-0.097668;0.052338
421;0.054204;0.083684;0.072697
422;0.687349;0.004787;0.205532
423;-0.009958;-1.594862;-1.011437
424;-0.797371;0.137915;-0.063999
425;0.632865;-0.044938;0.761791
426;0.981763;0.121274;0.222486
427;0.545813;-0.092273;0.293437
428;-0.307443;-0.099404;0.041461
429;-0.671314;-0.016137;-0.170941
430;-0.069655;0.082079;0.199763
431;0.463989;0.044748;0.121480
432;-0.059191;-0.008978;-0.062538
433;-0.499431;-0.027452;-0.102249
434;-0.109684;0.000332;-0.060453
435;-0.256189;-0.095691;-0.116188
436;-0.233787;-0.255490;0.078669
437;-0.142356;-0.300694;-0.020324
438;-0.510171;-0.715420;0.007672
439;-0.921591;-0.642898;-0.225262
440;-1.022067;-0.320147;-0.242227
441;-0.561865;-0.503989;0.150318
442;-0.287445;-0.386638;0.320854
443;-0.040403;0.059584;0.134459
444;0.099741;0.347586;-0.156730
445;0.026714;0.451243;0.011621
446;0.080415;0.260907;0.030219
447;0.053509;0.475672;-0.057314
448;0.351910;-0.253768;0.319801
449;0.661698;-0.144031;0.014998
450;0.504800;-0.235511;0.255223
451;0.057806;0.105692;0.090939
452;0.518258;0.033700;0.263412
453;0.100589;-1.463508;0.182950
454;-0.619979;0.296121;0.392477
455;0.248697;0.084749;0.926381
456;1.110219;0.116739;0.154371
457;0.757212;0.082311;0.317765
458;-0.144285;-0.216724;0.167302
459;-0.663205;-0.041390;-0.256002
460;-0.256520;0.078295;0.211700
461;0.562977;0.088322;0.070052
462;0.039447;-0.053221;-0.081190
463;-0.448679;-0.051555;-0.071208
464;-0.161020;0.013118;-0.061860
465;-0.163195;-0.114091;-0.106175
466;-0.386259;-0.265801;0.007127
467;-0.202332;-0.289604;-0.080660
468;-0.397263;-0.500632;-0.023766
469;-0.690332;-0.721411;-0.177459
470;-0.914825;-0.514896;-0.366374
471;-0.490620;-0.349436;0.107951
472;-0.350850;-0.518900;0.270934
473;-0.069219;0.005404;-0.007745
474;0.068047;0.359309;-0.264493
475;0.002107;0.426440;-0.084227
476;-0.057595;0.315309;-0.114165
477;-0.110353;0.412791;-0.091951
478;0.348934;-0.083401;0.135915
479;0.561318;0.014506;0.073827
480;0.439705;-0.431092;0.220357
481;0.217182;0.066603;0.120834
482;0.414926;0.015791;0.312833
483;0.761904;0.001907;0.171629
484;-0.208695;-1.702381;-1.099491
485;-0.683467;0.449826;0.001421
486;0.587757;-0.046660;0.802210
487;1.271468;-0.002408;0.061003
488;0.401094;0.014527;0.467280
489;-0.299166;-0.247108;-0.044354
490;-0.802633;0.110356;-0.154690
491;0.130693;-0.025080;0.255816
492;0.510749;0.114140;0.033819
493;-0.305982;-0.025343;-0.044570
494;-0.712646;0.013090;-0.198752
495;-0.103993;-0.028850;-0.109650
496;0.060895;-0.116301;0.027410
497;-0.137212;-0.278899;0.048142
498;-0.231604;-0.262588;-0.137073
499;-0.459197;-0.512509;-0.041433
500;-0.831990;-0.690649;-0.109708
501;-0.825706;-0.489904;-0.358696
502;-0.391813;-0.393638;0.102787
503;-0.286623;-0.611005;0.222773
504;-0.171568;-0.001058;0.102869
505;-0.054373;0.322957;-0.222482
506;-0.103657;0.435694;-0.096656
507;0.078349;0.169024;0.020546
508;0.163872;0.421022;-0.031810
509;0.528209;-0.053452;0.228966
510;0.651623;-0.081618;0.145772
511;0.440714;-0.203236;0.241380
512;0.128850;0.115601;0.203572
513;0.490667;-0.015945;0.353684
514;0.785038;0.003600;0.167417
515;-0.302627;-1.030086;-1.371131
516;-0.731439;0.402398;-0.125317
517;0.947717;-0.087422;0.707422
518;0.872953;0.099022;0.244011
519;0.369892;-0.086283;0.365373
520;-0.198738;-0.202121;-0.039871
521;-0.657403;0.085882;-0.269453
522;-0.389003;0.017330;0.114998
523;0.459947;0.064075;0.051636
524;0.075747;0.034203;-0.010681
525;-0.581518;-0.010882;-0.123479
526;-0.287973;-0.028021;-0.111014
527;0.188955;-0.234545;0.028866
528;-0.214358;-0.353415;-0.017774
529;-0.424828;-0.465054;-0.215527
530;-0.480924;-0.779857;-0.323899
531;-0.673620;-0.853576;-0.349775
532;-0.628063;-0.285545;-0.072959
533;-0.552897;-0.573358;0.198036
534;-0.315625;-0.139592;0.071236
535;-0.054798;0.269564;-0.140999
536;-0.171166;0.428472;-0.161756
537;0.047130;0.221255;0.073769
538;0.316572;0.137224;0.133640
539;0.507453;0.454664;0.117251
540;0.517997;-0.146280;0.251059
541;0.429474;-0.137483;0.060853
542;0.240683;-0.042052;0.053249
543;0.151895;0.031023;0.213045
544;0.592241;0.088220;0.131215
545;-0.078798;-1.915679;-0.298027
546;-0.705052;0.439973;0.301988
547;0.495420;0.029078;0.798356
548;1.078698;0.081959;0.176651
549;0.640399;0.087223;0.327333
550;-0.072605;-0.195982;0.200079
551;-0.567566;0.007064;-0.227088
552;-0.409599;-0.010846;-0.033012
553;0.284861;0.103238;0.126624
554;0.083993;0.067090;0.030804
555;-0.529949;-0.037688;-0.104613
556;-0.317152;0.039293;-0.155900
557;-0.024526;-0.110993;-0.025234
558;0.036660;-0.247817;0.011437
559;-0.355361;-0.369417;-0.059841
560;-0.578839;-0.726599;0.000527
561;-0.894820;-0.658881;-0.166669
562;-0.980959;-0.554861;-0.187940
563;-0.364515;-0.307852;0.043582
564;-0.171320;-0.431470;0.278944
565;-0.003593;0.056231;0.050865
566;0.034976;0.396676;-0.197571
567;-0.027488;0.482756;-0.085058
568;0.038927;0.310573;-0.088671
569;0.046875;0.298770;0.028538
570;0.513563;0.064680;0.236403
571;0.416437;-0.176197;-0.060349
572;0.273924;-0.311127;0.231816
573;0.266119;0.072355;0.100897
574;0.489591;0.049246;0.243307
575;0.608701;-0.269941;0.172668
576;-0.013779;-0.507501;-0.777450
577;-0.140292;0.506572;0.079787
578;0.928454;-0.179818;0.429528
579;0.844368;0.068689;0.165924
580;0.142333;-0.084717;0.415079
581;-0.208934;-0.126013;0.009192
582;-0.537873;0.098255;-0.240571
583;-0.244118;-0.040607;0.044448
584;0.338183;0.100352;0.031249
585;0.132268;-0.024089;0.023440
586;-0.450251;-0.019964;-0.135581
587;-0.573330;-0.043501;-0.102128
588;0.014450;-0.206683;0.065223
589;-0.138185;-0.317126;-0.005213
590;-0.580583;-0.543980;-0.104743
591;-0.637454;-0.681466;-0.135880
592;-0.943786;-0.554317;-0.443324
593;-0.476071;-0.201682;-0.131061
594;-0.203139;-0.449909;0.232305
595;-0.100227;-0.112774;0.059907
596;0.039081;0.389629;-0.244900
597;-0.155382;0.411973;-0.070406
598;-0.143685;0.296943;-0.037878
599;-0.075151;0.374735;-0.074727
600;0.373990;-0.069211;0.243594
601;0.731928;0.001064;0.257356
602;0.444698;-0.302622;0.006239
603;-0.080843;0.059178;0.070011
604;0.221360;0.066868;0.289709
605;0.900367;-0.010389;0.287619
606;0.125392;-0.922396;-1.088889
607;-0.359677;0.402694;-0.114014
608;0.961471;-0.187859;0.155824
609;0.797784;0.203459;0.311854
610;0.332696;-0.047384;0.313639
611;-0.371414;-0.185177;-0.160304
612;-0.462472;0.020612;-0.069788
613;0.287133;0.083301;0.067949
614;0.032866;-0.043698;0.037698
615;-0.552008;0.028125;-0.147319
616;-0.285137;-0.035906;-0.103899
617;0.067083;-0.085994;-0.012459
618;-0.157026;-0.280746;-0.010895
619;-0.448096;-0.281320;-0.196836
620;-0.350043;-0.384656;-0.141748
621;-0.473280;-0.848200;-0.156540
622;-0.912631;-0.669744;-0.433669
623;-0.687321;-0.348466;0.040154
624;-0.306577;-0.501610;0.268096
625;-0.117600;-0.003829;0.044050
626;0.010814;0.416982;-0.187649
627;-0.004748;0.412575;-0.076551
628;0.037614;0.162047;0.044713
629;0.110815;0.372315;0.141878
630;0.497413;0.050834;0.194357
631;0.550725;0.114083;0.152157
632;0.550437;-0.199657;0.227828
633;0.246081;-0.071354;0.122388
634;0.178043;0.128985;0.039386
635;0.614762;-0.191693;0.149234
636;0.087107;-0.499529;-0.775435
637;0.040429;0.249402;0.199461
638;1.035122;0.110071;0.029942
639;0.898960;-0.053876;0.422773
640;-0.024518;0.042448;0.177735
641;-0.827599;-0.112272;-0.165835
642;-0.228185;0.070865;0.022885
643;0.525858;0.051351;0.191640
644;-0.000648;-0.016492;0.016032
645;-0.629713;0.029210;-0.155537
646;-0.388045;0.041934;-0.021999
647;0.289487;0.010498;-0.079559
648;-0.107640;-0.185978;-0.069883
649;-0.234673;-0.278560;-0.045498
650;-0.237475;-0.306539;-0.114265
651;-0.650088;-0.748176;0.031273
652;-1.120720;-0.940314;-0.340752
653;-0.823720;-0.288539;-0.149109
654;-0.255517;-0.291828;0.082261
655;-0.150622;-0.415953;0.240393
656;-0.045913;0.191966;-0.081894
657;0.039602;0.534540;-0.220131
658;-0.069567;0.298410;0.040451
659;0.099655;0.234875;0.029811
660;0.054454;0.491636;0.052701
661;0.458392;-0.358989;0.237515
662;0.581534;-0.049605;-0.022765
663;0.267268;-0.096087;0.129555
664;0.026306;-0.040738;0.044239
665;0.360506;0.090098;0.116783
666;0.659833;-0.136190;0.076076
667;-0.135072;-0.864731;-0.846219
668;-0.036228;0.526953;-0.003905
669;0.835587;-0.061238;0.548319
670;0.995788;-0.036811;0.285132
671;0.213982;-0.049149;0.304097
672;-0.714560;-0.095161;-0.184039
673;-0.588721;0.092303;-0.029845
674;0.366559;0.056164;0.123602
675;0.369144;0.028398;0.054126
676;-0.377664;0.000436;-0.040614
677;-0.282810;-0.038379;-0.130486
678;0.000531;0.031750;-0.146462
679;-0.120630;-0.259210;0.060627
680;-0.225239;-0.269529;0.009259
681;-0.300258;-0.400663;-0.126013
682;-0.707143;-0.699307;-0.278164
683;-0.642712;-0.899749;-0.404622
684;-0.963484;-0.062950;0.024624
685;-0.962651;-0.459120;0.051932
686;-0.214227;-0.398145;0.331290
687;0.144709;0.150078;-0.128227
688;0.280453;0.352296;0.062551
689;0.175954;0.271726;0.047765
690;0.028272;0.560688;0.023329
691;0.027148;0.186212;0.050325
692;0.343721;-0.175151;0.194512
693;0.472639;-0.168132;-0.075251
694;0.407060;-0.224723;0.159394
695;0.171595;0.124941;0.122545
696;0.639273;0.107865;0.284462
697;0.113655;-1.208697;0.138724
698;-0.513385;0.223350;0.202830
699;0.233832;0.274993;0.736206
700;1.117081;-0.111324;0.262717
701;0.916301;0.138167;0.394788
702;-0.115942;-0.248054;0.240148
703;-0.736729;0.004002;-0.193129
704;-0.218058;0.060438;0.078427
705;0.383912;0.079423;0.147667
706;-0.044105;-0.031864;-0.024890
707;-0.573314;-0.017500;-0.206759
708;-0.198871;-0.040041;-0.125189
709;0.087540;-0.137211;0.027085
710;-0.470017;-0.296733;0.040887
711;-0.469399;-0.348114;-0.204777
712;-0.536679;-0.684789;-0.142683
713;-0.619186;-0.583237;-0.092016
714;-0.748259;-0.289715;-0.283828
715;-0.281579;-0.344610;0.295798
716;-0.269185;-0.462014;0.174308
717;-0.017720;0.252710;-0.325382
718;0.141297;0.265941;-0.112043
719;-0.080540;0.233051;-0.127734
720;-0.018098;0.287562;0.022030
721;0.181284;0.202060;0.026315
722;0.371769;-0.043605;0.135874
723;0.528752;-0.081354;0.066486
724;0.512655;-0.223969;0.289125
725;0.200009;0.056042;0.122303
726;0.256415;0.186582;0.167973
727;0.585656;-0.301677;0.159099
728;-0.032108;-0.204258;-0.807505
729;0.171341;0.321778;0.338212
730;1.388641;0.019829;0.133014
731;0.633596;0.155309;0.550923
732;0.178085;-0.310742;0.166483
733;-0.467417;0.022397;-0.322338
734;-0.617445;0.037163;0.076949
735;0.322056;0.108551;0.135445
736;0.294633;-0.045182;-0.023129
737;-0.498996;0.002709;-0.129621
738;-0.380507;0.000778;-0.116999
739;-0.050981;-0.078036;-0.092144
740;-0.090162;-0.228258;0.032859
741;-0.242514;-0.272351;-0.096725
742;-0.475121;-0.527206;-0.043358
743;-0.605067;-0.641189;-0.236621
744;-0.890750;-0.537406;-0.423682
745;-0.567191;-0.401186;-0.079678
746;-0.319315;-0.505712;0.271690
747;-0.019488;-0.100546;0.120157
748;0.016084;0.279589;-0.224018
749;0.055650;0.432941;-0.098860
750;0.041624;0.231151;-0.076985
751;0.027244;0.351606;0.015201
752;0.326416;0.220731;0.010797
753;0.272196;0.130965;-0.071352
754;0.345458;-0.435130;0.182714
755;0.376498;-0.094321;0.322267
756;0.332126;0.250970;0.190637
757;0.629904;-0.182492;0.325516
758;0.021248;-1.034225;-1.260342
759;-0.375967;0.405901;-0.149776
760;1.005679;-0.063576;0.457320
761;0.900974;0.161442;0.259995
762;0.269676;-0.175909;0.209702
763;-0.567229;-0.052203;-0.179795
764;-0.536007;-0.006002;-0.122256
765;0.294855;0.056238;0.181286
766;0.293608;0.058043;0.051637
767;-0.524594;-0.034808;-0.085856
768;-0.482385;-0.007470;-0.165839
769;0.055923;-0.052407;-0.043761
770;-0.047713;-0.258758;0.022223
771;-0.358899;-0.338472;-0.153818
772;-0.419473;-0.456226;-0.173455
773;-0.614074;-0.764104;-0.235174
774;-0.897097;-0.609609;-0.435462
775;-0.531221;-0.298547;-0.068053
776;-0.256079;-0.568848;0.170591
777;-0.063109;-0.108330;0.053789
778;-0.007479;0.342708;-0.365004
779;-0.032711;0.496425;-0.091456
780;0.065811;0.052582;-0.033181
781;0.086192;0.497366;-0.058307
782;0.300131;0.146344;-0.011905
783;0.349530;-0.029446;0.078521
784;0.433274;-0.319833;0.116769
785;0.299760;-0.082150;0.166722
786;0.292123;0.197465;0.173638
787;0.695792;-0.025452;0.230817
788;0.117126;-1.462201;-1.067650
789;-0.440509;0.393893;-0.245306
790;0.881582;0.058508;0.555275
791;0.836535;-0.117310;0.097140
792;0.174485;-0.028445;0.401224
793;-0.207382;-0.152467;-0.038073
794;-0.543946;0.068779;-0.197141
795;-0.124083;0.046926;0.191642
796;0.320043;0.058673;0.021208
797;-0.160793;-0.019202;-0.014350
798;-0.463699;0.049339;-0.170102
799;-0.188307;-0.064383;-0.009409
800;0.201602;-0.181610;0.024162
801;-0.149012;-0.223831;0.005368
802;-0.385145;-0.310996;-0.070594
803;-0.386525;-0.539382;-0.080438
804;-0.786560;-0.611150;-0.215826
805;-1.101421;-0.274486;-0.303323
806;-0.516135;-0.369461;0.012089
807;-0.073595;-0.491637;0.276281
808;0.012569;-0.081906;-0.004833
809;0.141951;0.341237;-0.119612
810;-0.072619;0.263988;-0.038089
811;0.047976;0.339040;-0.067099
812;0.065970;0.333165;0.022470
813;0.233957;-0.057659;0.130445
814;0.352357;0.055629;-0.009076
815;0.398477;-0.322363;0.161481
816;0.246950;0.053265;0.259187
817;0.400149;0.137645;0.212687
818;0.630478;-0.043853;0.150806
819;-0.093000;-1.489057;-1.316784
820;-0.254269;0.369391;-0.316133
821;0.833345;0.168863;0.462113
822;1.026157;-0.042700;0.392330
823;0.276509;0.009570;0.266402
824;-0.507802;-0.183332;-0.225489
825;-0.646471;0.092264;-0.071765
826;0.127241;0.101169;0.195215
827;0.147284;0.126596;0.130446
828;-0.139266;-0.130130;-0.203498
829;-0.402479;0.002061;-0.170328
830;-0.048626;-0.073788;-0.034399
831;-0.026351;-0.269225;-0.016597
832;-0.522873;-0.384629;-0.088740
833;-0.473402;-0.528782;-0.085057
834;-0.551434;-0.706416;-0.252658
835;-0.883953;-0.413574;-0.403991
836;-0.595436;-0.179853;-0.108949
837;-0.205170;-0.466352;0.323162
838;-0.075680;-0.052027;-0.155353
839;0.257313;0.501751;-0.159416
840;0.031341;0.114400;0.020454
841;0.039927;0.321010;0.048886
842;0.163935;0.356950;-0.025683
843;0.139591;0.018234;0.001440
844;0.330533;-0.120285;0.105661
845;0.492538;-0.201656;0.068772
846;0.217409;0.053051;0.097471
847;0.257929;0.093718;0.166425
848;0.575603;0.129204;0.021180
849;0.131801;-1.804631;-1.268491
850;-0.303984;0.266618;-0.456041
851;0.779794;0.033290;0.669523
852;0.842849;-0.023832;0.349183
853;0.209389;-0.032565;0.268193
854;-0.506088;-0.170561;-0.259829
855;-0.574829;0.096477;-0.097575
856;0.204235;0.095131;0.182894
857;0.359482;0.024440;-0.005628
858;-0.265358;-0.049443;-0.098653
859;-0.425332;-0.015566;-0.030877
860;0.119684;-0.019001;-0.186593
861;-0.176392;-0.243434;0.055440
862;-0.364518;-0.354473;-0.042313
863;-0.470347;-0.569551;-0.082637
864;-0.700925;-0.684674;-0.294193
865;-0.886100;-0.492220;-0.406166
866;-0.518979;-0.285116;-0.116326
867;-0.195062;-0.425852;0.275997
868;-0.167442;-0.004068;-0.100243
869;0.129050;0.529490;-0.209200
870;-0.040636;0.165986;0.052973
871;-0.015686;0.328282;0.057581
872;0.064253;0.331115;0.171059
873;0.317317;0.003839;0.145643
874;0.293149;0.077091;-0.036137
875;0.255502;-0.427615;0.208510
876;0.267436;0.029601;0.078421
877;0.351667;0.152263;0.068844
878;0.565328;-0.022987;0.145136
879;-0.046600;-1.424767;-1.630242
880;-0.365319;0.404049;-0.272792
881;0.785700;0.053906;0.918182
882;1.200544;-0.039931;0.303878
883;0.290942;-0.092770;0.248995
884;-0.411635;-0.202621;-0.082740
885;-0.675599;0.146742;-0.164964
886;-0.012907;0.035063;0.126071
887;0.500676;0.069453;0.029387
888;-0.170880;-0.041415;-0.013506
889;-0.529870;-0.013405;-0.127640
890;-0.273809;-0.077578;-0.115720
891;0.099643;-0.237173;0.038518
892;-0.332069;-0.363034;0.011844
893;-0.591197;-0.475126;-0.180051
894;-0.712012;-0.711887;-0.352630
895;-1.029867;-0.574932;-0.380255
896;-0.740298;-0.355251;-0.121063
897;-0.188951;-0.441519;0.286901
898;0.070651;-0.160671;0.175256
899;0.140602;0.248793;-0.132163
900;-0.062248;0.510606;-0.164404
901;-0.002935;0.309702;-0.021433
902;0.052944;0.348231;-0.025130
903;0.362299;0.118543;0.132743
904;0.509617;0.151291;0.127132
905;0.618869;-0.285907;0.222036
906;0.198620;-0.089561;0.103258
907;0.079706;0.098228;0.052553
908;0.647222;-0.165068;0.197593
909;0.111045;-0.560015;-0.995893
910;-0.142889;0.486255;0.045109
911;1.168097;-0.134681;0.489335
912;0.926567;0.131159;0.234966
913;0.066080;-0.155618;0.381113
914;-0.476286;-0.064513;-0.143749
915;-0.655165;0.074742;-0.206196
916;0.061052;0.045031;0.199217
917;0.362053;0.065094;0.002669
918;-0.293442;-0.019622;-0.079193
919;-0.499039;0.006024;-0.196800
920;0.004840;-0.119537;-0.020444
921;0.012466;-0.199764;0.021272
922;-0.461420;-0.375931;-0.031057
923;-0.629556;-0.654019;-0.037762
924;-0.680852;-0.675329;-0.211560
925;-0.763409;-0.540255;-0.227013
926;-0.340617;-0.421115;0.064311
927;-0.333368;-0.328657;0.250434
928;-0.040490;0.106815;-0.013949
929;-0.016394;0.380412;-0.262454
930;-0.091422;0.562188;-0.115244
931;-0.020350;0.195547;-0.005527
932;0.105452;0.334078;0.091458
933;0.619883;-0.023515;0.420577
934;0.398141;-0.044083;-0.119105
935;0.293939;-0.435872;0.292050
936;0.410289;0.122195;0.474701
937;0.325576;0.368122;-0.065772
938;0.199665;-1.016103;0.428135
939;-0.664838;0.258421;-0.863137
940;0.283351;0.021673;0.385176
941;1.383076;0.114826;0.087137
942;0.952294;0.206690;0.404276
943;-0.115114;-0.171307;0.262745
944;-0.955059;-0.093849;-0.324934
945;-0.248839;0.007832;0.103713
946;0.706088;0.119722;0.147943
947;0.198305;-0.094985;-0.031779
948;-0.522181;-0.054765;-0.132899
949;-0.195153;0.009913;-0.044449
950;0.151609;-0.007425;-0.173975
951;-0.612675;-0.343702;-0.075720
952;-0.419281;-0.295172;-0.105255
953;-0.205491;-0.625187;-0.042723
954;-0.592503;-0.646477;-0.346674
955;-1.043881;-0.561002;-0.440260
956;-0.699978;-0.373490;0.070377
957;-0.426432;-0.501427;0.346085
958;-0.194853;0.030040;0.076207
959;0.041692;0.323585;-0.089667
960;0.072352;0.383634;0.053599
961;0.215001;0.228315;0.069119
962;0.140069;0.584616;0.061147
963;0.415494;0.050188;0.269176
964;0.516880;0.012938;0.008240
965;0.582862;-0.453271;0.254074
966;0.125630;0.121078;-0.059589
967;0.333058;0.046379;0.267713
968;0.226975;-1.135687;0.334335
969;-0.268299;0.244599;0.193492
970;0.129360;0.062319;0.872598
971;1.087709;0.213261;-0.103268
972;0.823331;-0.054777;0.268110
973;0.079585;-0.095154;0.224898
974;-0.689249;-0.020425;-0.154355
975;-0.407558;0.052329;0.001626
976;0.329242;0.063768;0.052396
977;0.004995;0.019226;-0.048535
978;-0.428906;-0.059679;-0.097518
979;-0.011953;0.004919;-0.041775
980;0.008135;-0.118383;-0.111531
981;-0.318030;-0.274372;-0.017082
982;-0.484368;-0.318050;-0.073906
983;-0.407466;-0.623845;-0.018915
984;-0.866604;-0.743644;-0.179085
985;-0.934234;-0.416215;-0.182840
986;-0.307010;-0.404538;0.180990
987;-0.144826;-0.404520;0.244491
988;-0.048707;0.056854;-0.046224
989;0.072380;0.451262;-0.228435
990;-0.019361;0.487404;-0.103228
991;-0.017994;0.346077;-0.119091
992;-0.068694;0.352086;-0.051343
993;0.517472;-0.242456;0.270295
994;0.583814;-0.042455;-0.051085
995;0.275486;-0.286001;0.100944
996;0.058057;0.064896;0.092932
997;0.494795;0.117422;0.235277
998;0.391910;-0.692693;0.118890
999;-0.141236;0.140538;0.049539
1000;-0.011910;0.107087;0.593976
1001;1.304363;0.048300;-0.081310
1002;0.782911;0.122651;0.321207
1003;-0.100328;-0.159386;0.154992
1004;-0.685398;-0.023789;-0.165437
1005;-0.004053;0.024958;0.125372
1006;0.380706;0.071281;0.065369
1007;-0.137860;-0.048679;-0.057013
1008;-0.353438;-0.031362;-0.104420
1009;-0.139894;0.021413;-0.138445
1010;-0.121292;-0.118717;0.003789
1011;-0.398887;-0.203635;-0.087693
1012;-0.428939;-0.346817;-0.096833
1013;-0.388297;-0.515436;-0.076243
1014;-0.665625;-0.768009;-0.128461
1015;-0.937217;-0.389380;-0.334052
1016;-0.232287;-0.208276;0.076403
1017;-0.066052;-0.535241;0.266824
1018;-0.159296;0.010551;-0.159231
1019;0.121156;0.365325;-0.235034
1020;-0.053659;0.202188;-0.065551
1021;-0.006321;0.321340;-0.112005
1022;0.031862;0.351095;-0.071091
1023;0.350085;-0.128875;0.160696
1024;0.589918;-0.078525;0.081315
1025;0.633030;-0.315242;0.348320
1026;0.262674;0.137960;0.124430
1027;0.219486;0.054353;0.223394
1028;0.560044;-0.319296;0.125077
1029;-0.113627;-0.351251;-0.601304
1030;0.215878;0.499782;0.286020
1031;0.761119;0.021041;0.080638
1032;0.824204;-0.002638;0.497204
1033;0.120488;-0.025820;0.044021
1034;-0.780304;-0.120205;-0.191688
1035;-0.355359;0.081451;0.076442
1036;0.450965;0.110426;0.124476
1037;0.199404;-0.057873;-0.031407
1038;-0.396029;-0.022320;-0.120039
1039;-0.194698;-0.021170;-0.064747
1040;-0.208067;-0.071173;-0.116280
1041;-0.268419;-0.280131;-0.049809
1042;-0.390700;-0.302504;-0.103772
1043;-0.748770;-0.683287;-0.106877
1044;-0.710223;-0.813870;-0.403816
1045;-0.857180;-0.352141;-0.174977
1046;-0.271602;-0.466267;0.189508
1047;-0.093106;-0.348242;0.188480
1048;-0.067389;0.113676;-0.080738
1049;0.050829;0.441103;-0.188446
1050;-0.043313;0.271313;-0.077266
1051;-0.028238;0.345587;-0.039815
1052;0.067489;0.382823;-0.034500
1053;0.367907;-0.000050;0.007266
1054;0.535978;-0.164374;0.003796
1055;0.549519;-0.311377;0.097209
1056;0.212224;0.086841;0.104002
1057;0.596580;0.056335;0.379056
1058;0.357608;-1.682584;-0.661874
1059;-0.579614;0.400675;0.048990
1060;0.623132;-0.089369;0.668039
1061;0.782817;-0.032276;-0.081222
1062;0.250148;-0.011672;0.345577
1063;-0.129756;-0.130425;0.055797
1064;-0.512198;0.013491;-0.237281
1065;-0.373409;0.074348;0.113726
1066;0.345446;0.039040;0.037349
1067;0.055703;-0.024061;-0.029846
1068;-0.407241;-0.009787;-0.141802
1069;-0.171673;-0.086989;-0.100291
1070;0.079269;-0.166524;0.088500
1071;-0.291621;-0.307254;0.053387
1072;-0.483678;-0.459677;-0.127925
1073;-0.784875;-0.774675;-0.340598
1074;-1.090350;-0.545335;-0.432546
1075;-0.821376;-0.321749;-0.062351
1076;-0.321340;-0.511261;0.318201
1077;-0.065466;-0.191496;0.153191
1078;0.236971;0.305858;-0.154307
1079;0.013918;0.353022;-0.008207
1080;-0.002528;0.318248;0.015950
1081;-0.041665;0.467020;-0.071701
1082;0.170854;0.135102;0.027612
1083;0.504099;-0.016588;0.094779
1084;0.475216;-0.295663;0.049977
1085;0.356114;-0.190538;0.193745
1086;0.409050;0.111410;0.143016
1087;0.631586;-0.079965;0.234510
1088;0.133094;-1.238775;-1.032490
1089;-0.524118;0.439661;-0.090597
1090;0.838583;-0.067405;0.560171
1091;0.968188;-0.025298;-0.040373
1092;0.221743;-0.015081;0.370574
1093;-0.249746;-0.169769;0.034153
1094;-0.559356;0.087048;-0.184930
1095;-0.203022;-0.001539;0.040145
1096;0.411455;0.028091;0.030334
1097;0.017980;-0.009381;0.002255
1098;-0.478928;0.002591;-0.189645
1099;-0.320488;-0.097049;-0.050819
1100;0.178011;-0.162946;0.072953
1101;-0.131379;-0.294723;0.012304
1102;-0.576774;-0.442960;-0.080696
1103;-0.756941;-0.689502;-0.112255
1104;-0.984294;-0.511151;-0.443164
1105;-0.751616;-0.326618;-0.078805
1106;-0.487103;-0.446394;0.152729
1107;0.036752;-0.263255;0.198659
1108;0.180538;0.178741;-0.170806
1109;0.055929;0.402151;-0.095181
1110;-0.038799;0.286335;-0.050255
1111;-0.022745;0.400577;-0.048361
1112;0.134722;0.328162;-0.021364
1113;0.360218;-0.092225;0.161891
1114;0.497924;-0.357425;0.026926
1115;0.521428;-0.204296;0.234946
1116;0.438579;0.180830;0.166063
1117;0.527089;-0.100386;0.230168
1118;-0.066265;-1.421794;-1.092605
1119;-0.535533;0.290291;-0.241562
1120;0.933987;0.073825;0.483316
1121;0.763454;-0.047439;0.400307
1122;0.406108;0.025664;0.145271
1123;-0.335713;-0.198517;-0.142791
1124;-0.663865;0.022935;-0.060212
1125;0.220289;0.082494;0.155113
1126;0.365431;-0.002294;0.048520
1127;-0.300906;-0.015926;-0.105484
1128;-0.382271;-0.035164;-0.113824
1129;-0.120797;-0.035682;-0.117742
1130;-0.241723;-0.209014;0.032594
1131;-0.300528;-0.296569;-0.106152
1132;-0.536539;-0.399716;-0.216787
1133;-0.679265;-0.739716;-0.221609
1134;-0.985971;-0.594280;-0.426534
1135;-0.453489;-0.266474;-0.027574
1136;-0.064030;-0.636354;0.193506
1137;-0.065698;0.009851;-0.002835
1138;0.052423;0.287557;-0.207832
1139;-0.134452;0.314598;-0.080405
1140;-0.150112;0.293160;-0.116366
1141;-0.089405;0.317727;0.031126
1142;0.252093;0.121654;0.117920
1143;0.464784;-0.028638;0.295479
1144;0.547157;-0.234690;0.207070
1145;0.450133;-0.020868;0.241028
1146;0.139508;0.066296;0.067525
1147;0.370371;-0.032918;0.082919
1148;-0.419231;-1.778871;-0.465894
1149;-0.617374;0.587484;0.374841
1150;0.505912;0.176583;1.089923
1151;1.775852;-0.153551;0.113312
1152;0.572706;0.015058;0.302968
1153;-0.592920;-0.316155;0.060979
1154;-0.688506;0.093383;-0.219699
1155;0.219646;0.014985;0.177553
1156;0.579782;0.109780;0.092053
1157;-0.347699;-0.084462;-0.058730
1158;-0.695906;0.060185;-0.277819
1159;-0.148861;-0.033997;0.023555
1160;-0.018920;-0.114652;0.015566
1161;-0.459766;-0.296121;0.071290
1162;-0.448327;-0.396370;-0.181615
1163;-0.574884;-0.652520;-0.208326
1164;-0.559321;-0.646551;-0.329782
1165;-0.105418;-0.366772;-0.045998
1166;-0.085107;-0.607972;0.259872
1167;-0.413960;0.030292;-0.204126
1168;-0.313438;0.424723;-0.304688
1169;-0.266968;0.285554;-0.205776
1170;-0.120700;0.257444;-0.094993
1171;-0.000225;0.185113;0.018998
1172;0.322632;0.073452;0.156592
1173;0.637231;0.022423;0.237081
1174;0.428638;-0.115950;0.028855
1175;0.142966;-0.160101;0.284646
1176;0.304582;0.042104;0.109846
1177;0.491330;0.137197;0.050072
1178;-0.434091;-2.120199;-0.624985
1179;-0.680391;0.595486;0.007551
1180;0.736134;-0.007634;0.760307
1181;1.278040;0.033375;0.266187
1182;0.398808;0.057962;0.293044
1183;-0.791490;-0.256975;-0.127450
1184;-0.273751;-0.016899;-0.034377
1185;0.535244;0.177658;0.097172
1186;-0.132853;0.009270;0.013412
1187;-0.709871;-0.027244;-0.229144
1188;-0.011978;-0.058503;-0.059948
1189;0.345711;0.003058;-0.030202
1190;-0.440084;-0.307437;0.007244
1191;-0.460103;-0.296838;-0.197085
1192;-0.322104;-0.380576;-0.175866
1193;-0.688555;-0.849068;-0.087355
1194;-1.025493;-0.642070;-0.402710
1195;-0.610943;-0.301217;-0.110273
1196;-0.291075;-0.584685;0.315580
1197;-0.076745;-0.108167;0.243242
1198;0.137488;0.243201;-0.218739
1199;0.082276;0.454284;-0.159924
1200;0.016503;0.272367;-0.004631
1201;0.010119;0.461793;-0.048499
1202;0.291144;0.276931;-0.058243
1203;0.486148;0.020816;0.084354
1204;0.637608;-0.447542;0.213634
1205;0.217064;-0.013773;-0.024472
1206;0.158635;0.055643;0.260427
1207;0.788468;-0.022042;0.174523
1208;-0.052795;-1.178891;-1.318840
1209;-0.502158;0.459006;0.030603
1210;0.932385;-0.129639;0.291976
1211;1.168940;0.186816;0.265212
1212;0.351862;-0.058048;0.260693
1213;-0.806059;-0.233955;-0.200112
1214;-0.473395;0.073478;-0.024863
1215;0.490572;0.078172;0.145964
1216;0.187698;-0.025663;0.016340
1217;-0.470201;-0.018799;-0.131406
1218;-0.219925;-0.026989;-0.096972
1219;0.081367;0.017957;-0.126709
1220;-0.280523;-0.235221;0.003961
1221;-0.293522;-0.284465;-0.109515
1222;-0.334124;-0.310702;-0.127926
1223;-0.773599;-0.868623;-0.150063
1224;-1.099612;-0.700285;-0.463096
1225;-0.531621;-0.366279;-0.164216
1226;-0.170416;-0.533644;0.107152
1227;0.011383;-0.088377;0.136236
1228;0.016990;0.165334;-0.223338
1229;-0.024083;0.448392;-0.206552
1230;0.009760;0.323288;-0.118702
1231;0.046357;0.385725;-0.057421
1232;0.391799;0.118345;0.162362
1233;0.469931;0.222871;0.048439
1234;0.339810;-0.406525;0.001844
1235;0.070829;-0.150760;0.090365
1236;0.227962;0.147526;0.209936
1237;0.778167;-0.003592;0.315288
1238;0.007554;-1.555789;-0.833623
1239;-0.602799;0.327672;0.067280
1240;0.614415;-0.042859;0.537384
1241;0.837589;-0.025814;0.067865
1242;0.397502;0.016842;0.347799
1243;-0.264327;-0.123807;0.034291
1244;-0.622079;-0.012749;-0.179167
1245;0.053505;0.020357;0.130080
1246;0.385422;0.065282;0.080244
1247;-0.176041;-0.043535;-0.112714
1248;-0.550398;-0.026510;-0.151115
1249;-0.069779;0.008470;-0.091903
1250;-0.112050;-0.216234;-0.000340
1251;-0.250189;-0.304331;-0.084067
1252;-0.387187;-0.304321;-0.172053
1253;-0.707679;-0.761235;-0.215816
1254;-0.725573;-0.828299;-0.454136
1255;-0.729951;-0.337855;-0.150202
1256;-0.472213;-0.548195;0.288767
1257;-0.194209;-0.215106;0.084438
1258;0.257682;0.227147;-0.133862
1259;0.138384;0.362503;-0.041306
1260;0.097826;0.434298;-0.072329
1261;-0.137451;0.539971;-0.110578
1262;-0.086083;0.341971;-0.098347
1263;0.206398;-0.277438;0.089307
1264;0.557078;-0.334771;0.043239
1265;0.576830;-0.177946;0.196700
1266;0.180611;0.201247;0.267065
1267;0.746061;-0.005970;0.321653
1268;0.041016;-1.894197;-1.029305
1269;-0.763767;0.438737;-0.002116
1270;0.673656;-0.042054;0.706461
1271;1.016438;-0.046018;0.038855
1272;0.368715;-0.004405;0.272721
1273;-0.330176;-0.201080;0.041236
1274;-0.583042;0.089723;-0.181568
1275;-0.054814;0.021582;0.177895
1276;0.376530;0.057562;-0.030385
1277;-0.148378;-0.030204;-0.104644
1278;-0.460358;-0.006406;-0.072065
1279;-0.121557;0.009645;-0.162131
1280;-0.071434;-0.173343;0.010512
1281;-0.295058;-0.234479;0.055734
1282;-0.351382;-0.321141;-0.133892
1283;-0.681701;-0.728377;-0.341772
1284;-0.798943;-0.880704;-0.389978
1285;-0.710047;-0.351079;-0.134031
1286;-0.324060;-0.427291;0.175734
1287;-0.138211;-0.318838;0.170622
1288;-0.025117;0.118452;-0.174451
1289;0.206291;0.467800;-0.174551
1290;0.069864;0.273599;-0.005847
1291;0.007441;0.457442;-0.037761
1292;0.020848;0.473045;-0.041897
1293;0.306942;-0.122861;0.052943
1294;0.409590;-0.127270;0.037489
1295;0.449067;-0.410715;0.090814
1296;0.058578;0.227178;-0.003408
1297;0.492485;0.035435;0.283131
1298;0.020472;-1.501016;0.079798
1299;-0.367377;0.227896;0.377715
1300;0.569330;0.049893;0.846669
1301;0.922692;0.012322;0.079987
1302;0.388826;-0.114215;0.218050
1303;-0.231810;-0.043621;0.059484
1304;-0.431224;-0.032325;-0.117265
1305;-0.163671;0.022007;0.023167
1306;0.305183;0.074619;0.060062
1307;-0.066358;-0.003398;-0.034262
1308;-0.455952;0.002101;-0.166938
1309;-0.272399;-0.024372;-0.084655
1310;0.003701;-0.091986;-0.012311
1311;-0.192391;-0.257624;-0.033479
1312;-0.435249;-0.324705;-0.146799
1313;-0.434690;-0.726008;-0.158377
1314;-0.688788;-0.728649;-0.366679
1315;-0.949627;-0.398872;-0.188346
1316;-0.444253;-0.498291;0.067053
1317;-0.197463;-0.427778;0.260218
1318;-0.062967;0.073894;-0.004676
1319;0.096565;0.382365;-0.113691
1320;0.035372;0.305450;0.062135
1321;0.081285;0.327234;0.022803
1322;0.095594;0.551973;0.086419
1323;0.332251;0.121105;0.041787
1324;0.350882;-0.006376;0.037498
1325;0.570119;-0.508295;0.366102
1326;0.427191;0.137139;0.092885
1327;0.500545;0.072684;0.109232
1328;0.004599;-1.063108;0.197008
1329;-0.631522;0.091846;-0.084129
1330;0.449041;0.299641;0.904475
1331;1.340960;0.001667;0.031422
1332;0.670211;0.012768;0.419981
1333;-0.114132;-0.158615;0.151301
1334;-0.711701;0.001487;-0.217583
1335;-0.390154;0.042740;0.054154
1336;0.458460;0.071844;0.122142
1337;0.166826;-0.039352;-0.027836
1338;-0.452495;0.003411;-0.141983
1339;-0.495419;0.027597;-0.176721
1340;-0.040074;-0.112157;-0.026612
1341;-0.045067;-0.259038;0.021015
1342;-0.208920;-0.337687;-0.074344
1343;-0.594903;-0.697238;-0.028071
1344;-0.897090;-0.734135;-0.285675
1345;-0.901516;-0.459835;-0.295965
1346;-0.395482;-0.342605;0.001737
1347;-0.122868;-0.423518;0.197462
1348;0.022523;0.018463;-0.011046
1349;0.050232;0.412131;-0.255168
1350;-0.033058;0.438582;-0.023362
1351;0.018337;0.242779;-0.051294
1352;-0.007778;0.430045;0.013373
1353;0.371566;-0.021655;0.101846
1354;0.570496;0.030639;-0.006670
1355;0.427003;-0.386292;0.167614
1356;0.029882;0.094459;0.040303
1357;0.402327;0.025767;0.306093
1358;0.545781;-0.669658;0.174348
1359;-0.148506;-0.133430;-0.083235
1360;0.177044;0.397425;0.650851
1361;1.193089;0.056886;0.059552
1362;0.713301;0.017039;0.221128
1363;-0.027513;-0.067010;0.128034
1364;-0.438162;-0.101860;-0.117877
1365;-0.239902;0.025865;0.016228
1366;0.330504;0.048204;0.122187
1367;-0.073695;0.027512;0.011210
1368;-0.667677;0.004010;-0.172979
1369;-0.477219;0.059309;-0.117119
1370;-0.063562;-0.038237;-0.025808
1371;0.038576;-0.238028;-0.037292
1372;-0.134223;-0.260763;-0.024430
1373;-0.410939;-0.480269;-0.154157
1374;-0.722310;-0.746932;-0.332890
1375;-0.994794;-0.596167;-0.420744
1376;-0.577197;-0.347559;-0.151978
1377;-0.140884;-0.527388;0.236472
1378;-0.167254;-0.067847;-0.049507
1379;0.172177;0.384343;-0.210804
1380;0.008451;0.215771;0.014486
1381;0.027495;0.385815;-0.106926
1382;0.023514;0.511837;-0.034858
1383;0.157238;-0.062789;0.026217
1384;0.395271;0.044054;0.003032
1385;0.554569;-0.494408;0.248187
1386;0.460168;0.117377;0.207777
1387;0.610100;0.004789;0.278508
1388;0.380727;-0.533138;0.151542
1389;-0.582164;-0.100113;-0.551097
1390;0.415762;0.381026;0.783539
1391;1.346449;-0.022062;-0.030713
1392;0.588916;-0.035512;0.437052
1393;-0.135017;-0.101781;0.208476
1394;-0.636831;-0.073870;-0.178720
1395;-0.099431;0.034193;0.066091
1396;0.479972;0.046700;0.050756
1397;-0.101233;-0.034411;-0.013668
1398;-0.578283;0.040419;-0.174182
1399;-0.411872;0.020950;-0.079232
1400;0.027068;-0.097383;-0.042443
1401;-0.179990;-0.225123;-0.033329
1402;-0.247047;-0.296865;-0.050423
1403;-0.339665;-0.538209;-0.178669
1404;-0.723603;-0.875724;-0.338969
1405;-0.843360;-0.509364;-0.269446
1406;-0.365338;-0.307566;0.019977
1407;-0.175252;-0.540889;0.275325
1408;-0.152243;-0.001822;-0.030387
1409;0.096972;0.428836;-0.197279
1410;-0.071577;0.316650;-0.009315
1411;-0.039657;0.292275;-0.021676
1412;-0.008076;0.447176;0.065063
1413;0.300698;-0.009449;0.149343
1414;0.788286;0.035846;0.101694
1415;0.538227;-0.311440;0.218435
1416;-0.059048;0.016028;-0.029891
1417;0.230120;0.095500;0.218098
1418;0.590076;-0.811120;0.122510
1419;-0.181248;-0.030848;0.128739
1420;0.259624;0.362702;0.828797
1421;1.201014;0.049016;-0.023649
1422;0.731440;-0.009950;0.311240
1423;-0.106615;-0.145050;0.155230
1424;-0.686210;0.002516;-0.186124
1425;-0.335954;0.076293;0.035494
1426;0.344163;0.051986;0.091545
1427;0.079320;0.007363;-0.095476
1428;-0.449804;-0.013092;-0.197349
1429;-0.322621;0.016786;-0.107239
1430;0.161255;-0.140256;0.013857
1431;-0.175034;-0.216120;0.064454
1432;-0.326043;-0.309869;-0.053819
1433;-0.328885;-0.568777;-0.075083
1434;-0.724279;-0.697856;-0.294564
1435;-0.952681;-0.553946;-0.368648
1436;-0.388790;-0.352372;-0.050713
1437;-0.184317;-0.495948;0.136939
1438;0.023545;-0.019407;0.044906
1439;0.017504;0.300667;-0.166177
1440;-0.085330;0.458984;-0.095808
1441;-0.041623;0.223475;-0.015820
1442;0.089686;0.325100;0.052234
1443;0.414443;0.168694;0.127692
1444;0.391455;0.040475;0.098013
1445;0.493975;-0.330184;0.262275
1446;0.328627;-0.009252;0.027265
1447;0.089006;0.110593;-0.041551
1448;0.640770;-0.145919;0.139657
1449;0.001000;-0.792830;-1.372245
1450;-0.304919;0.509257;0.049876
1451;1.516451;-0.306477;0.386747
1452;0.837475;0.189243;0.304092
1453;-0.024020;-0.180427;0.295585
1454;-0.850951;0.033168;-0.255696
1455;-0.351207;-0.006882;-0.061134
1456;0.411512;0.082024;0.161148
1457;0.268649;-0.061359;0.039003
1458;-0.404054;0.030469;-0.150633
1459;-0.628663;0.076411;-0.210929
1460;-0.175778;-0.071387;-0.067778
1461;0.008454;-0.142579;0.002350
1462;-0.056146;-0.324481;0.026704
1463;-0.351122;-0.343693;-0.217210
1464;-0.736713;-0.842843;-0.247415
1465;-0.787039;-0.759125;-0.462931
1466;-0.652764;-0.274124;-0.066794
1467;-0.498786;-0.391328;0.212078
1468;-0.195212;-0.234141;0.093301
1469;0.057856;0.340251;-0.251084
1470;0.105748;0.359648;0.005647
1471;0.174038;0.308900;-0.024918
1472;0.083994;0.569551;-0.006160
1473;0.206549;0.234516;0.013872
1474;0.342802;-0.011056;0.070395
1475;0.339571;-0.354790;-0.036643
1476;0.160113;-0.192744;0.088923
1477;0.219469;0.186180;0.186739
1478;0.709840;-0.293245;0.264982
1479;-0.045045;-0.630434;-0.415312
1480;-0.124675;0.692361;0.309877
1481;0.986281;0.039082;0.501227
1482;0.947163;0.132557;0.208848
1483;0.117157;-0.113737;0.077878
1484;-0.521031;-0.091989;-0.125302
1485;-0.171262;0.036227;0.030733
1486;0.245023;0.062783;0.040632
1487;-0.003927;0.022416;-0.057926
1488;-0.329565;-0.002907;-0.137570
1489;-0.114991;-0.004520;0.019565
1490;0.108779;-0.022716;-0.074046
1491;-0.297542;-0.205487;-0.072453
1492;-0.178090;-0.252474;-0.076163
1493;-0.306233;-0.392631;-0.144997
1494;-0.640231;-0.757168;-0.281299
1495;-0.777577;-0.789530;-0.505365
1496;-0.881726;-0.325768;-0.168155
1497;-0.470113;-0.580028;0.085546
1498;-0.049645;-0.354300;0.249518
1499;0.090155;0.084515;-0.108341
1500;0.124819;0.506893;-0.136287
1501;-0.040470;0.305270;0.027668
1502;0.026347;0.402459;0.024626
1503;0.187353;0.442941;0.060528
1504;0.257364;-0.064062;-0.044276
1505;0.377100;-0.243238;0.055105
1506;0.254172;-0.293717;-0.098790
1507;0.071325;-0.017931;-0.024109
1508;0.397492;0.074871;0.267522
1509;0.818017;-0.092091;0.217639
1510;-0.165015;-1.438478;-1.439536
1511;-0.662372;0.575251;0.188395
1512;0.841165;-0.182123;0.504092
1513;1.044731;0.136417;0.318477
1514;0.462605;0.001843;0.233828
1515;-0.570291;-0.197384;-0.089604
1516;-0.444503;0.024658;-0.174197
1517;0.165037;0.015086;0.148613
1518;0.472632;0.062312;0.058367
1519;-0.185240;-0.058677;-0.066740
1520;-0.404243;-0.004053;-0.096953
1521;-0.048528;0.054805;-0.139110
1522;-0.170292;-0.208586;-0.022091
1523;-0.191355;-0.235551;0.040450
1524;-0.368258;-0.315520;-0.086945
1525;-0.528906;-0.674898;-0.142612
1526;-0.683034;-0.549316;-0.344257
1527;-0.944370;-0.326018;-0.316960
1528;-0.489268;-0.507283;0.028792
1529;-0.218519;-0.491694;0.238792
1530;-0.063041;-0.015391;-0.001850
1531;0.067780;0.319877;-0.159941
1532;-0.017529;0.327634;0.023316
1533;0.030674;0.261228;-0.019569
1534;0.026759;0.453031;0.034779
1535;0.293539;-0.008326;0.140860
1536;0.427103;0.020051;0.131023
1537;0.602999;-0.258209;0.175332
1538;0.335741;-0.082060;0.103155
1539;0.196357;-0.046061;0.093531
1540;0.590980;0.039832;0.110698
1541;-0.202030;-1.986467;-0.542037
1542;-0.650870;0.570704;0.203535
1543;0.607520;0.026143;0.785878
1544;1.237036;-0.011554;0.188580
1545;0.701429;0.009851;0.253618
1546;-0.478345;-0.189895;0.043021
1547;-0.920123;0.070891;-0.221837
1548;-0.084563;0.014655;0.266867
1549;0.729619;0.107552;0.059401
1550;-0.080191;-0.070056;-0.022762
1551;-0.539799;-0.029243;-0.121226
1552;-0.012942;-0.032803;-0.129397
1553;-0.151898;-0.144207;-0.090506
1554;-0.421473;-0.345447;-0.011952
1555;-0.209487;-0.317514;-0.170405
1556;-0.611206;-0.648788;-0.098415
1557;-0.783303;-0.581380;-0.283375
1558;-0.851601;-0.298027;-0.319829
1559;-0.322575;-0.442690;0.111046
1560;-0.095761;-0.476408;0.270821
1561;-0.079685;0.064811;-0.133223
1562;0.126917;0.398186;-0.187249
1563;0.016334;0.262470;-0.072770
1564;0.020487;0.367185;-0.121899
1565;-0.019201;0.432722;-0.064066
1566;0.238109;-0.082025;0.031279
1567;0.363531;0.011327;-0.036621
1568;0.471639;-0.469766;0.185166
1569;0.279433;0.073534;0.101743
1570;0.424684;-0.013658;0.283734
1571;0.605774;-0.032006;0.109870
1572;-0.191387;-1.404593;-1.326514
1573;-0.456329;0.494215;-0.017336
1574;0.808781;-0.158091;0.850950
1575;1.059140;0.058861;0.137896
1576;0.343825;-0.062481;0.295476
1577;-0.250408;-0.172016;-0.039622
1578;-0.569831;0.066016;-0.245512
1579;-0.233903;0.000243;0.180258
1580;0.350230;0.106718;-0.074634
1581;-0.392412;-0.055088;-0.166498
1582;-0.604725;0.023242;-0.159844
1583;0.091520;-0.040698;0.036059
1584;0.140942;-0.205863;0.015526
1585;-0.454504;-0.322168;-0.180099
1586;-0.396413;-0.326411;-0.172196
1587;-0.517736;-0.669023;-0.191731
1588;-0.894470;-0.636210;-0.374589
1589;-0.663495;-0.400373;-0.092841
1590;-0.278430;-0.472846;0.237429
1591;-0.164723;-0.112360;0.028744
1592;0.160763;0.396583;-0.211108
1593;0.020984;0.427557;-0.069789
1594;-0.066808;0.372013;-0.211490
1595;0.085726;0.206845;0.100124
1596;0.374581;-0.012780;0.038882
1597;0.164259;0.039960;-0.070214
1598;0.362398;-0.361172;0.139806
1599;0.413594;-0.029960;0.148173
1600;0.288087;-0.001031;0.103516
1601;0.414855;0.018032;0.067146
1602;0.144592;-0.722204;0.014186
1603;-0.307288;-0.119557;-0.127847
1604;0.287555;0.040204;0.394402
1605;0.827050;0.120580;-0.049445
1606;0.521528;-0.042490;0.309527
1607;-0.094260;-0.006400;-0.077196
1608;-0.494640;-0.112920;-0.144243
1609;0.017221;-0.006795;0.132048
1610;0.050765;0.129644;-0.010949
1611;-0.512592;-0.040734;-0.188485
1612;-0.327092;-0.024357;-0.068223
1613;0.196965;0.036933;0.026959
1614;0.058203;-0.058466;0.012173
1615;-0.037786;-0.015758;-0.067283
1616;-0.117763;0.009317;0.030754
1617;-0.026676;-0.043622;-0.059337
1618;-0.025957;0.045661;-0.096464
1619;-0.070925;0.001264;-0.053273
1620;-0.027081;0.046642;-0.033331
1621;-0.000693;-0.035094;-0.049857
1622;-0.035223;-0.030042;-0.057300
1623;-0.073855;-0.003523;-0.031115
1624;-0.028524;0.000020;-0.027093
1625;-0.015782;0.004495;-0.024177
1626;-0.081760;-0.002555;-0.043263
1627;-0.093452;-0.000011;-0.074029
1628;-0.080021;-0.007247;-0.056338
1629;-0.057726;-0.007990;-0.014853
1630;-0.043869;0.018144;-0.041408
1631;-0.070704;-0.014849;-0.046920
1632;-0.079220;0.004541;-0.051318
1633;-0.081461;-0.007622;-0.051363
1634;-0.066459;0.008186;-0.029344
1635;-0.049406;0.000494;-0.010766
1636;-0.042529;0.006629;-0.017929
1637;-0.043311;0.010402;-0.016048
1638;-0.001493;-0.033442;0.005155
1639;0.023297;0.014597;-0.004110
1640;-0.004867;-0.015705;0.006620
1641;0.019106;-0.003360;-0.007332
1642;0.033491;-0.008540;-0.016915
1643;0.005724;-0.011180;-0.005539
1644;0.023691;0.000545;0.005154
1645;0.036295;-0.005936;0.006845
1646;0.021067;-0.000434;-0.010923
1647;0.021061;-0.001401;-0.006347
1648;0.015083;-0.009686;0.010742
1649;0.022190;-0.000195;0.011650
1650;0.024141;-0.001694;-0.014844
1651;-0.003179;-0.000951;-0.005508
1652;0.012372;-0.001090;0.020055
1653;0.024131;-0.007119;-0.004705
1654;-0.003664;0.001981;-0.008191
1655;0.003843;-0.007185;-0.001875
1656;0.020445;-0.000281;0.007531
1657;0.014753;-0.005370;0.007196
1658;-0.004280;0.005831;-0.004389
1659;0.007164;-0.015934;0.000196
1660;0.010229;0.001080;-0.005597
1661;-0.000027;-0.008214;0.004961
1662;0.018659;-0.002540;-0.001077
1663;0.017772;-0.004008;-0.003511
1664;0.015669;-0.004124;-0.000372
1665;0.011633;-0.001815;-0.003354
1666;0.003516;-0.001817;-0.005669
1667;0.004935;-0.007983;-0.004360
1668;0.004028;-0.000858;-0.004676
1669;0.003752;-0.003583;-0.004272
1670;0.009294;0.001374;-0.001180
1671;0.003354;-0.005630;-0.005885
1672;0.000441;-0.004466;-0.006384
1673;0.005057;-0.000596;0.000373
1674;0.013771;-0.005750;0.004285
1675;0.012217;0.000553;0.001067
1676;0.001608;-0.003360;-0.002304
1677;-0.005000;-0.002363;-0.008362
1678;0.000415;0.000130;-0.005682
1679;0.001150;-0.002946;-0.002284
1680;0.004949;-0.001450;-0.000708
1681;0.025523;-0.005372;0.007874
1682;0.020832;-0.004489;-0.000016
1683;-0.020581;-0.000310;-0.008683
1684;0.000509;-0.002502;-0.006333
1685;0.011618;-0.003382;0.002882
1686;0.001034;-0.001353;0.000066
1687;-0.009046;-0.006386;-0.004616
1688;-0.001581;-0.000253;-0.003300
1689;0.002389;-0.003094;0.000870
1690;0.003022;-0.001818;0.000055
1691;-0.001854;-0.000281;-0.001561
1692;0.003397;-0.004134;0.000627
1693;0.005427;-0.005060;0.000744
1694;0.009091;-0.003951;-0.000849
1695;0.008098;-0.008220;0.001360
1696;0.008952;0.000525;-0.002280
1697;0.002412;-0.005142;0.000998
1698;-0.002177;-0.001056;-0.003910
1699;0.003823;-0.004248;-0.001305
1700;0.000423;-0.000467;0.000889
1701;-0.005162;-0.005086;0.000221
1702;0.031612;0.045599;0.008291
1703;0.002924;-0.025835;0.029586
1704;0.007443;0.001780;-0.023314
1705;-0.010075;-0.024474;-0.021042
1706;-0.045593;-0.023262;-0.020173
1707;-0.034476;0.017343;-0.018774
