index;x;y;z
0;-0.003368;0.059866;0.052064
1;0.013234;-0.005485;0.023811
2;0.048980;-0.023664;0.020626
3;-0.009548;0.009299;-0.011389
4;-0.028806;-0.016910;-0.008984
5;0.021447;-0.002831;0.011069
6;0.018406;0.004362;0.018433
7;0.007142;-0.006506;-0.000194
8;-0.001444;0.001829;-0.009684
9;0.007022;0.001597;-0.006015
10;0.007283;-0.005905;0.001723
11;-0.004443;-0.000771;-0.010728
12;-0.020138;-0.000898;-0.011902
13;-0.001616;-0.001149;-0.001814
14;0.003386;0.000220;0.005266
15;-0.016853;-0.002870;-0.002388
16;-0.011062;-0.001740;-0.010080
17;-0.004191;-0.006685;-0.000678
18;-0.001700;-0.003951;0.018848
19;0.002702;0.000131;0.016285
20;-0.004320;-0.007037;-0.000187
21;-0.012889;-0.002391;-0.006709
22;-0.001556;-0.004251;0.008870
23;-0.000782;-0.005509;0.006017
24;-0.013974;-0.002182;0.003268
25;-0.005931;-0.006084;-0.001810
26;0.000197;-0.003229;0.000472
27;0.004975;-0.003401;-0.000878
28;0.007735;-0.002661;0.003655
29;0.012880;-0.005972;0.000530
30;-0.002567;0.003936;-0.009722
31;-0.011797;-0.006452;-0.004397
32;-0.001481;0.005270;0.003739
33;0.007220;-0.006162;0.004515
34;-0.011674;0.001153;-0.002347
35;-0.009932;-0.003576;-0.005494
36;0.008367;-0.007408;0.007621
37;0.001158;-0.002068;0.004399
38;-0.010089;-0.003836;-0.007054
39;0.002315;0.001132;-0.001114
40;0.011254;-0.002497;0.003136
41;-0.005740;0.000023;0.006393
42;0.003835;-0.005346;0.003349
43;-0.009199;0.005538;-0.002932
44;-0.016106;-0.015529;-0.000692
45;-0.001052;0.006802;-0.004852
46;-0.011784;-0.006271;0.001290
47;-0.000657;0.006564;0.001904
48;0.009996;-0.007621;0.006409
49;0.007316;-0.003439;0.006557
50;0.001107;-0.004907;-0.000916
51;-0.005692;-0.001125;-0.002675
52;-0.000680;-0.005378;0.004686
53;-0.002518;-0.000618;0.002930
54;-0.001364;-0.001752;-0.000312
55;0.001363;-0.004060;0.002645
56;0.005014;-0.007727;0.001730
57;0.015009;-0.000780;-0.001197
58;0.006409;-0.004921;0.003721
59;-0.013209;-0.001892;-0.013007
60;0.001264;-0.000831;-0.005486
61;0.003554;-0.003714;-0.007929
62;-0.009108;-0.002226;-0.003117
63;0.003274;-0.003395;0.002855
64;0.006548;-0.005258;0.007226
65;-0.005822;-0.004069;0.002274
66;-0.012642;-0.004351;-0.003633
67;-0.007321;-0.003466;0.000433
68;-0.002173;0.001700;-0.000280
69;-0.009526;-0.003408;0.000336
70;0.001260;-0.006261;-0.004820
71;0.007382;-0.004731;0.004318
72;0.010072;-0.003879;0.010295
73;-0.011426;-0.001456;0.000570
74;-0.004168;0.006185;-0.006621
75;0.003290;-0.015347;0.002180
76;0.003215;0.008042;0.003691
77;0.001852;-0.004910;0.013010
78;0.003691;-0.007003;0.002298
79;-0.011456;-0.000867;-0.005337
80;-0.005271;-0.001318;0.001688
81;0.006904;-0.001875;0.005860
82;0.010214;-0.000446;-0.001062
83;0.015520;-0.010878;-0.007564
84;-0.000505;0.001164;-0.004034
85;0.006778;-0.002973;0.000904
86;0.001363;-0.003626;0.004117
87;-0.005278;-0.001621;0.003611
88;-0.008574;-0.000670;-0.002510
89;-0.005649;-0.006148;-0.004962
90;0.000734;-0.004695;-0.002067
91;0.006039;-0.002022;0.002698
92;0.001707;0.000152;0.007689
93;0.001421;-0.002050;0.003170
94;0.020244;-0.004192;0.003687
95;0.034432;-0.009515;0.008199
96;0.044157;-0.011978;0.013908
97;0.059911;-0.022815;0.032007
98;0.085996;0.011005;0.031118
99;-0.050581;0.014139;-0.023312
100;-0.002017;-0.059346;0.005982
101;0.167652;0.024618;-0.014392
102;-0.059996;0.031271;-0.021324
103;-0.013145;-0.042846;0.011325
104;0.065095;0.012964;-0.004781
105;0.042207;-0.023201;0.042479
106;-0.002991;0.035166;0.007135
107;-0.004580;-0.002373;0.036876
108;0.003911;0.018911;0.053372
109;-0.063561;0.000038;-0.023439
110;-0.161237;-0.022962;-0.062827
111;-0.208307;-0.029219;-0.041746
112;-0.280774;-0.089165;-0.077976
113;-0.448064;-0.190963;-0.090997
114;-0.372670;-0.308471;-0.029760
115;-0.249113;-0.179740;-0.056206
116;-0.229754;0.080216;-0.065973
117;-0.073730;0.021928;-0.106434
118;-0.103026;-0.107113;-0.073049
119;0.078485;0.026533;0.017576
120;0.287673;0.244753;-0.049587
121;0.278585;-0.109986;0.314389
122;0.441971;0.161948;0.202321
123;0.399049;0.148221;0.242204
124;0.292477;0.068671;0.150483
125;-0.506933;-1.113812;-0.484598
126;-0.484713;0.011752;0.017094
127;0.658877;0.027020;0.210605
128;0.221404;0.024332;0.491074
129;0.600668;0.018579;0.266920
130;-0.184592;-0.052694;-0.023605
131;-0.531644;-0.007523;-0.146561
132;0.053654;-0.005735;0.050675
133;0.300657;0.052351;0.094401
134;-0.199882;0.033004;-0.043848
135;-0.410801;-0.003090;-0.092102
136;0.138552;0.029490;-0.000823
137;0.149709;-0.035246;0.050410
138;-0.054928;-0.060899;-0.021086
139;-0.146399;-0.063155;0.003062
140;-0.021681;-0.160492;0.038968
141;-0.186556;-0.321632;0.025293
142;-0.444224;-0.311717;-0.172776
143;-0.394000;-0.414817;-0.180564
144;-0.686348;-0.491380;-0.387809
145;-0.764081;-0.236941;-0.053072
146;-0.438821;-0.166779;0.177557
147;-0.053316;-0.159743;0.185627
148;0.198218;0.277187;-0.125657
149;0.101618;0.252206;0.009534
150;0.040401;0.345836;0.050082
151;0.181606;0.313869;-0.107183
152;0.198588;0.038687;0.039329
153;0.496252;-0.316689;0.175800
154;0.417917;-0.083319;0.061996
155;0.204691;0.032277;0.041754
156;0.280856;0.045803;0.248244
157;0.461880;0.133953;0.103788
158;0.283823;-0.031507;0.117789
159;-0.402896;-0.730992;-0.472504
160;-0.416637;0.032782;0.036141
161;0.637238;-0.106533;0.252116
162;0.341237;0.175705;0.151034
163;0.495231;-0.047394;0.389160
164;-0.046320;-0.010342;0.077791
165;-0.417147;-0.048895;-0.172861
166;-0.019300;-0.043643;0.101789
167;0.434898;-0.014648;0.174458
168;-0.099885;0.022743;0.044103
169;-0.471727;0.020623;-0.122307
170;-0.116209;0.025126;-0.029624
171;-0.048649;0.027049;0.028633
172;-0.082012;-0.022299;-0.055137
173;-0.161054;-0.026486;-0.069038
174;-0.017429;-0.082971;-0.016447
175;-0.086798;-0.101016;0.016243
176;-0.158218;-0.215135;0.006185
177;-0.422848;-0.355148;-0.142268
178;-0.517120;-0.430993;-0.267132
179;-0.625486;-0.432347;-0.400872
180;-0.907776;-0.182311;-0.164161
181;-0.506866;-0.230505;0.234584
182;0.142339;-0.494448;0.326913
183;0.259413;0.227682;-0.033411
184;0.043835;0.185118;0.062630
185;-0.102613;0.254726;0.036100
186;-0.110586;0.440238;-0.197390
187;-0.101650;-0.025731;0.067467
188;0.662593;-0.151003;0.281008
189;0.833069;-0.143165;0.274626
190;0.382963;0.069285;0.080205
191;0.117427;-0.032081;0.165268
192;0.536119;0.058684;0.153314
193;0.460218;-0.050128;0.106135
194;-0.226938;-0.852674;-0.543701
195;-0.317986;0.187654;-0.007017
196;0.716239;-0.024783;0.231372
197;0.466356;0.005283;0.234454
198;0.355971;-0.021957;0.363167
199;-0.043349;-0.059199;0.084443
200;-0.297092;-0.044635;-0.120063
201;-0.218250;0.004695;0.032570
202;0.134161;0.070949;0.196941
203;-0.158725;0.073950;-0.046852
204;-0.602523;-0.044206;-0.238192
205;-0.341119;0.044187;-0.116589
206;-0.026452;0.039873;0.052074
207;0.040718;-0.061242;0.070762
208;0.085419;-0.151919;-0.016788
209;-0.194393;-0.240104;0.003940
210;-0.307446;-0.291619;-0.135861
211;-0.540021;-0.512059;-0.164590
212;-0.713807;-0.561245;-0.336781
213;-0.868622;-0.269090;-0.103256
214;-0.440976;-0.406023;0.182899
215;-0.086863;-0.300392;0.373315
216;-0.065715;0.180396;-0.050531
217;0.107041;0.407971;-0.082150
218;0.039435;0.241962;0.058329
219;0.105395;0.339833;-0.012867
220;0.070159;0.213308;-0.026234
221;0.319217;-0.150206;0.168120
222;0.588895;-0.237298;0.132807
223;0.470299;-0.116452;0.185653
224;0.083948;0.025295;0.053177
225;0.422310;-0.011003;0.238377
226;0.593595;-0.041398;0.112612
227;-0.271632;-0.845622;-0.063462
228;-0.544918;0.119635;0.167424
229;0.382776;0.077246;0.500675
230;0.889081;0.041570;0.026504
231;0.516063;-0.069542;0.346073
232;0.002215;-0.102874;0.093361
233;-0.453697;-0.050481;-0.123239
234;-0.328754;0.029673;-0.046539
235;0.363047;0.053594;0.144302
236;0.126846;0.007988;0.036195
237;-0.347953;0.001003;-0.074991
238;-0.232222;0.049353;-0.131424
239;-0.193391;-0.038035;0.011985
240;-0.185134;-0.061397;0.022803
241;0.082172;-0.207866;0.002777
242;-0.096818;-0.258781;-0.033970
243;-0.332727;-0.325533;-0.157345
244;-0.477562;-0.500864;-0.182799
245;-0.651636;-0.525072;-0.257701
246;-0.848129;-0.250005;-0.240147
247;-0.495163;-0.417448;0.163961
248;-0.262676;-0.434155;0.308075
249;-0.025922;0.063793;0.096655
250;0.010778;0.237344;-0.117655
251;0.000080;0.335276;-0.060074
252;0.094400;0.234288;0.054523
253;0.090424;0.270170;0.083063
254;0.301918;0.119110;0.058874
255;0.427405;-0.027080;0.105373
256;0.502166;-0.326950;0.263385
257;0.196048;0.108362;-0.001194
258;0.238884;-0.041483;0.236969
259;0.673326;0.069754;0.127632
260;-0.231757;-1.566039;-0.242885
261;-0.754162;0.370436;0.296656
262;0.569039;-0.083715;0.734882
263;0.915126;0.154848;0.251813
264;0.532058;-0.047941;0.347219
265;-0.336549;-0.070746;0.072483
266;-0.693273;0.013711;-0.130794
267;0.022423;0.007485;0.166523
268;0.504481;0.051614;0.105392
269;-0.037614;-0.050742;-0.066539
270;-0.357531;-0.006197;-0.120054
271;0.020853;-0.014255;-0.005290
272;-0.092145;0.028571;-0.135273
273;-0.625274;-0.239335;-0.085539
274;-0.155013;-0.265308;-0.017685
275;-0.150702;-0.326030;-0.137260
276;-0.591696;-0.543325;-0.227700
277;-0.494317;-0.536931;-0.221023
278;-0.623312;-0.226399;-0.351890
279;-0.459651;-0.357429;0.171410
280;-0.297821;-0.511506;0.184204
281;-0.165955;0.103186;-0.047566
282;-0.048351;0.363151;-0.193593
283;-0.110061;0.171810;0.040728
284;-0.031300;0.186449;0.000037
285;0.074340;0.310451;0.085648
286;0.519770;-0.185472;0.234518
287;0.481991;0.167824;-0.066242
288;0.292401;-0.354332;0.232667
289;0.127076;0.041046;-0.018761
290;0.392536;0.055548;0.217817
291;0.739482;-0.027648;0.181102
292;0.018155;-1.322269;-0.789213
293;-0.481457;0.297132;-0.050034
294;0.636272;0.018515;0.506974
295;0.961538;-0.068341;0.324252
296;0.412209;-0.020992;0.222246
297;-0.619474;-0.128856;-0.113319
298;-0.550915;0.078650;-0.054932
299;0.266266;0.045336;0.168398
300;0.291516;0.010628;0.058947
301;-0.259246;-0.040527;-0.121218
302;-0.212971;0.011214;-0.050031
303;0.049170;0.000619;0.018882
304;-0.240848;-0.123460;-0.105664
305;-0.313114;-0.208521;-0.033213
306;-0.135596;-0.252159;-0.055086
307;-0.241951;-0.306450;-0.169238
308;-0.593001;-0.492937;-0.165627
309;-0.730865;-0.478924;-0.288905
310;-0.856269;-0.149317;-0.187514
311;-0.444801;-0.574413;0.196557
312;-0.165253;-0.359533;0.338687
313;-0.004477;0.091156;0.042085
314;0.000221;0.248087;-0.078344
315;-0.043358;0.230370;0.079143
316;0.008739;0.314934;-0.028605
317;0.046736;0.421072;-0.028963
318;0.239717;-0.070649;0.080479
319;0.476359;0.011224;0.186713
320;0.630049;-0.283331;0.313952
321;0.177464;0.111883;0.094247
322;0.251698;-0.024290;0.235221
323;0.515374;-0.084132;0.078827
324;-0.124196;-0.642142;-1.280888
325;-0.111105;0.202744;-0.115885
326;0.867846;0.039374;0.673174
327;0.999872;0.095278;0.440504
328;0.257952;-0.121898;0.189483
329;-0.881206;-0.149822;-0.331960
330;-0.393406;0.096359;0.118245
331;0.594987;0.023142;0.168953
332;0.177953;0.054223;-0.025554
333;-0.522642;-0.047829;-0.151863
334;-0.163402;0.003242;-0.066941
335;0.028955;-0.049669;-0.042197
336;-0.314423;-0.214751;0.033970
337;-0.272137;-0.226598;-0.190774
338;-0.239713;-0.316540;-0.146145
339;-0.475460;-0.494957;-0.042590
340;-0.555516;-0.400068;-0.167439
341;-0.824667;-0.277958;-0.417378
342;-0.433364;-0.342764;0.159547
343;-0.169383;-0.511977;0.233651
344;-0.061354;0.033303;0.054114
345;-0.025678;0.240011;-0.149401
346;-0.106619;0.251503;-0.044303
347;-0.132782;0.234161;-0.046744
348;-0.036587;0.218329;0.057913
349;0.426545;-0.030071;0.110469
350;0.538108;-0.094168;0.243954
351;0.453784;-0.183333;0.166330
352;0.287997;0.045327;0.044551
353;0.215519;-0.040262;0.185829
354;0.365561;0.128317;0.057959
355;0.421925;-0.153806;0.168354
356;-0.026474;-0.622013;-1.012798
357;-0.073823;0.316717;-0.069743
358;0.928736;-0.004941;0.395281
359;0.695915;0.003274;0.439090
360;0.264411;-0.108227;0.261457
361;-0.386278;-0.128910;-0.168776
362;-0.628326;0.097342;-0.113437
363;0.123421;0.027832;0.162277
364;0.384406;0.050334;0.062448
365;-0.227432;-0.042969;-0.033771
366;-0.439782;0.066649;-0.179273
367;-0.017945;-0.066640;0.029894
368;-0.011050;-0.132743;0.000058
369;-0.339023;-0.215907;-0.015869
370;-0.243603;-0.270534;-0.080798
371;-0.213620;-0.396066;-0.087029
372;-0.522216;-0.427327;-0.202058
373;-0.919150;-0.430989;-0.404196
374;-0.730204;-0.195029;-0.094821
375;-0.341700;-0.600995;0.159501
376;-0.109389;-0.329889;0.239552
377;-0.061097;0.084578;-0.038643
378;-0.049706;0.218563;-0.021664
379;0.024678;0.160553;0.070760
380;0.083491;0.343424;0.013791
381;0.166604;0.327783;0.126890
382;0.460845;0.074335;0.095039
383;0.393475;-0.237203;0.094153
384;0.376542;-0.223877;0.235940
385;0.261973;0.124712;0.054716
386;0.460876;0.002927;0.250760
387;0.546102;-0.118283;0.081879
388;0.011653;-0.609544;-0.940068
389;-0.126578;0.306773;0.098147
390;0.985527;0.141178;0.388505
391;1.030440;0.034924;0.477325
392;0.166854;-0.201429;0.288031
393;-0.654262;-0.023031;-0.240749
394;-0.631746;0.090755;-0.104751
395;0.465958;0.030965;0.272576
396;0.340333;0.019937;0.066666
397;-0.510516;-0.006615;-0.095070
398;-0.408296;0.036799;-0.122406
399;-0.081426;0.006085;-0.087983
400;-0.116245;-0.174057;0.048936
401;-0.032422;-0.196275;0.000984
402;-0.124083;-0.255155;-0.065504
403;-0.228511;-0.489258;-0.002662
404;-0.658388;-0.442770;-0.148770
405;-1.002534;-0.481333;-0.456676
406;-0.594717;-0.238500;-0.095636
407;-0.216326;-0.608001;0.126504
408;-0.158105;-0.257982;0.193942
409;-0.194581;0.153665;-0.104688
410;-0.043203;0.324403;-0.048950
411;0.040092;0.207050;0.085878
412;0.062560;0.276590;-0.093883
413;0.145014;0.159840;0.113606
414;0.474318;-0.084348;0.199430
415;0.435612;-0.185468;0.128202
416;0.360490;-0.089185;0.114199
417;0.289394;0.027217;0.205516
418;0.516778;0.051697;0.208043
419;0.351830;-0.615975;0.115902
420;-0.284489;-0.246648;-0.058399
421;0.242409;0.468317;0.396102
422;1.144283;-0.042955;0.128934
423;0.596521;0.114540;0.469886
424;0.046295;-0.167034;0.157270
425;-0.595403;-0.008117;-0.200543
426;-0.269743;0.014583;0.054122
427;0.476117;0.027657;0.097617
428;0.138911;0.012446;0.056650
429;-0.449113;0.002738;-0.113845
430;-0.325855;0.023854;-0.186058
431;-0.150484;-0.038146;-0.017901
432;-0.152967;-0.165895;-0.006195
433;-0.232549;-0.253918;-0.028651
434;-0.167101;-0.358210;-0.139947
435;-0.511155;-0.595202;-0.094586
436;-0.830843;-0.552320;-0.194887
437;-0.897814;-0.362688;-0.383843
438;-0.419445;-0.307669;0.129007
439;-0.114207;-0.552140;0.320140
440;-0.090101;-0.020909;0.043525
441;-0.046954;0.374691;-0.212342
442;0.001133;0.337530;0.052319
443;0.041949;0.178327;-0.025593
444;0.068872;0.401978;0.045583
445;0.360263;-0.216528;0.179609
446;0.528214;-0.103885;0.073904
447;0.386901;-0.242894;0.127534
448;0.193887;0.029245;0.132565
449;0.444596;0.031937;0.249702
450;0.718150;0.017390;0.239258
451;-0.180271;-1.099450;0.097415
452;-0.701370;0.168534;0.281371
453;0.418849;0.132854;0.683831
454;0.932624;0.063121;0.078024
455;0.690489;0.056503;0.505809
456;0.103524;-0.132336;0.281016
457;-0.515774;-0.081541;-0.241638
458;-0.561801;0.102696;-0.078091
459;0.293992;0.073852;0.180787
460;0.160067;0.033724;0.119777
461;-0.529951;-0.063208;-0.227169
462;-0.463281;0.035459;-0.278982
463;-0.063309;-0.015496;0.012888
464;-0.080312;-0.158620;0.071862
465;-0.252647;-0.262941;-0.001678
466;-0.316684;-0.385395;-0.205090
467;-0.529554;-0.699722;-0.285710
468;-0.929573;-0.620621;-0.370854
469;-0.751016;-0.280326;-0.116056
470;-0.336499;-0.592985;0.174148
471;-0.151992;-0.288924;0.217797
472;-0.094441;0.192830;-0.148783
473;0.031586;0.473284;-0.138968
474;0.095358;0.205390;0.036309
475;0.081242;0.313389;-0.108257
476;0.075825;0.369959;0.086502
477;0.404790;-0.222121;0.189341
478;0.519846;-0.081069;0.104594
479;0.433994;-0.191317;0.134141
480;0.123885;0.082184;0.108947
481;0.438675;0.092207;0.135984
482;0.550982;-0.336344;0.160707
483;-0.211560;-0.128260;-0.710886
484;0.132866;0.089376;0.292952
485;1.042872;0.120502;0.009857
486;0.690943;0.090193;0.527276
487;0.091405;-0.049161;0.137640
488;-0.698540;-0.182690;-0.239857
489;-0.271933;0.076919;0.021342
490;0.403887;0.062661;0.117056
491;0.124096;-0.012557;-0.076790
492;-0.430666;-0.057859;-0.114105
493;-0.050815;0.009886;0.015727
494;0.284661;-0.052907;0.062271
495;-0.224726;-0.116566;-0.210807
496;-0.547959;-0.327238;-0.271813
497;-0.095111;-0.316000;-0.046399
498;-0.254010;-0.500927;0.057575
499;-0.696930;-0.677035;-0.137195
500;-0.957260;-0.356309;-0.375745
501;-0.635247;-0.281133;0.135494
502;-0.401467;-0.599044;0.241514
503;0.064862;0.014067;0.112336
504;0.046345;0.349954;-0.184811
505;-0.059953;0.259046;0.029302
506;0.098455;0.211670;0.011956
507;0.110974;0.412331;0.070655
508;0.427679;-0.046716;0.120842
509;0.313916;0.047415;0.065382
510;0.274507;-0.372172;0.110934
511;0.191878;0.057150;0.111216
512;0.326633;0.055098;0.266658
513;0.687152;0.001574;0.188855
514;-0.238417;-1.687448;-0.614838
515;-0.593991;0.425597;0.123727
516;0.533129;0.075768;0.833337
517;1.153752;-0.133779;0.283439
518;0.359696;0.024237;0.299563
519;-0.606424;-0.166854;-0.133785
520;-0.564553;0.056831;-0.080946
521;0.239490;0.061289;0.161452
522;0.430321;0.026923;0.069968
523;-0.248240;-0.055201;-0.133068
524;-0.296979;0.007052;-0.101356
525;-0.026342;0.031499;-0.117259
526;-0.208943;-0.172465;-0.001474
527;-0.314452;-0.210377;-0.024898
528;-0.244410;-0.312482;-0.158633
529;-0.249330;-0.519318;-0.061578
530;-0.453018;-0.627183;-0.112756
531;-0.792031;-0.564138;-0.607245
532;-0.673251;-0.120328;-0.039123
533;-0.433938;-0.642764;0.201126
534;-0.030012;-0.120927;0.106862
535;0.073615;0.322632;-0.213341
536;-0.021162;0.234025;-0.003028
537;0.018262;0.168288;0.008528
538;0.131590;0.325627;0.120409
539;0.429551;0.199676;0.059772
540;0.397393;0.032995;0.049387
541;0.389388;-0.334046;0.156349
542;0.270124;-0.041669;0.104175
543;0.227655;0.151518;0.205536
544;0.670496;-0.021158;0.346931
545;-0.020317;-1.031975;0.158462
546;-0.492934;0.216244;0.003848
547;0.313003;0.039967;0.589213
548;0.913144;0.057003;0.040046
549;0.727514;0.115992;0.457244
550;0.113751;-0.143105;0.274431
551;-0.507667;-0.060430;-0.178750
552;-0.531857;0.068226;-0.103983
553;0.234983;0.030666;0.222212
554;0.439249;0.034037;0.076755
555;-0.430813;-0.016446;-0.174814
556;-0.672454;-0.002287;-0.196724
557;-0.064483;0.037285;-0.125802
558;-0.165238;-0.143945;0.005726
559;0.021534;-0.337457;0.025617
560;-0.173286;-0.338539;-0.187845
561;-0.571260;-0.650279;-0.056782
562;-0.719929;-0.590187;-0.359969
563;-0.957085;-0.283956;-0.504633
564;-0.696883;-0.388144;0.063442
565;-0.275094;-0.682628;0.232696
566;-0.016886;0.088301;-0.110243
567;0.263830;0.267799;0.040256
568;0.105757;0.109876;0.050151
569;0.192821;0.389348;0.041174
570;0.060010;0.324440;-0.047532
571;0.223633;-0.168662;0.172948
572;0.590749;-0.125274;0.092250
573;0.481852;-0.061043;0.176834
574;0.214600;0.081277;0.261004
575;0.560311;0.062896;0.282131
576;0.736271;-0.075079;0.201274
577;-0.271863;-1.070810;-1.746483
578;-0.576220;0.381442;0.009420
579;1.178330;-0.164769;0.540653
580;0.858129;0.234966;0.590079
581;0.281344;-0.184100;0.176410
582;-0.866230;-0.116336;-0.148142
583;-0.320871;0.011984;0.093509
584;0.428633;0.098054;0.059759
585;0.173337;-0.004961;-0.021941
586;-0.581843;-0.002324;-0.171093
587;-0.183274;0.020018;-0.077130
588;0.044392;-0.003114;-0.048803
589;-0.225475;-0.206769;0.055977
590;-0.247245;-0.308321;-0.173447
591;-0.242215;-0.344518;-0.222674
592;-0.463231;-0.652083;-0.157951
593;-0.545529;-0.699006;-0.199418
594;-0.663424;-0.339453;-0.356336
595;-0.572115;-0.355462;0.107221
596;-0.387541;-0.569271;0.162516
597;-0.108695;0.040830;-0.068253
598;-0.078068;0.318135;-0.232587
599;-0.093033;0.208491;0.004035
600;0.068300;0.127087;-0.009606
601;0.183937;0.398298;0.070849
602;0.552630;-0.034469;0.113227
603;0.451330;0.150868;-0.049844
604;0.217397;-0.501924;0.063217
605;0.034547;0.116973;0.028879
606;0.352797;0.034161;0.392451
607;0.817359;0.021273;0.282963
608;-0.021371;-1.449347;-0.341646
609;-0.587086;0.381827;0.252889
610;0.479402;-0.086996;0.559169
611;0.801785;-0.087831;0.168507
612;0.393159;0.068770;0.364666
613;-0.392067;-0.130760;0.037476
614;-0.506569;0.060062;-0.119828
615;0.088852;-0.007546;0.090317
616;0.304718;0.011079;0.036964
617;-0.217344;-0.012522;-0.112198
618;-0.383786;-0.011653;-0.183865
619;-0.142839;-0.013094;-0.091513
620;-0.086959;-0.101225;-0.023802
621;-0.210107;-0.302269;-0.017354
622;-0.230859;-0.334598;-0.191373
623;-0.264439;-0.402498;-0.158302
624;-0.621008;-0.658993;-0.260895
625;-1.002878;-0.497829;-0.563398
626;-0.619302;-0.224491;0.001088
627;-0.282352;-0.581059;0.116026
628;-0.105885;-0.218093;0.065866
629;0.119604;0.120043;-0.165798
630;0.048196;0.248153;-0.046577
631;-0.008434;0.239823;-0.016863
632;0.073904;0.328808;0.015316
633;0.355182;0.239538;0.125545
634;0.414805;0.044858;0.107223
635;0.480119;-0.377953;0.173312
636;0.430126;-0.093635;0.126701
637;0.321997;0.076542;0.235040
638;0.496970;0.061496;0.204131
639;0.391812;-0.851870;0.228793
640;-0.556536;0.162574;-0.518141
641;0.163617;-0.262166;0.442193
642;0.668552;0.274470;-0.271846
643;0.729887;-0.017852;0.694850
644;0.383634;0.002413;0.202812
645;-0.328552;-0.202651;-0.076890
646;-0.522490;0.061718;-0.236015
647;0.080229;0.011048;0.195907
648;0.320695;0.096886;0.113539
649;-0.479580;0.027993;-0.095725
650;-0.516036;-0.023233;-0.215895
651;0.059963;0.033409;-0.049159
652;-0.165470;-0.093267;-0.071660
653;-0.216876;-0.232348;-0.007195
654;-0.080991;-0.364467;-0.048434
655;-0.335464;-0.443862;-0.197097
656;-0.738330;-0.642592;-0.330134
657;-0.983773;-0.474836;-0.609337
658;-0.636842;-0.354438;-0.077412
659;-0.397610;-0.783909;0.200242
660;-0.129418;-0.179391;0.131430
661;0.024526;0.231707;-0.101440
662;0.006118;0.421662;-0.049819
663;0.175538;0.261030;0.065302
664;0.278856;0.346150;0.044753
665;0.349274;0.396253;0.244679
666;0.433822;0.194969;0.068919
667;0.365561;-0.368172;0.248788
668;0.316128;-0.104590;0.010344
669;0.067418;0.153185;0.022973
670;0.500133;-0.099178;0.173095
671;-0.193208;-1.756155;-0.566310
672;-0.604025;0.632704;0.490648
673;0.791199;-0.255366;0.970556
674;0.943227;0.312943;0.104537
675;0.486341;-0.080576;0.412371
676;-0.314515;-0.134412;-0.102819
677;-0.624548;-0.025889;-0.182262
678;0.106254;0.021102;0.226961
679;0.534775;0.062707;0.078454
680;-0.239581;-0.007116;-0.100286
681;-0.486588;0.010207;-0.122440
682;0.173489;-0.047175;-0.029070
683;-0.358156;-0.124237;-0.130347
684;-0.335442;-0.246046;-0.006121
685;-0.177473;-0.254227;-0.161461
686;-0.415783;-0.536159;-0.001353
687;-0.455173;-0.455695;-0.062770
688;-0.886596;-0.539383;-0.573585
689;-0.708414;-0.267099;-0.124138
690;-0.343905;-0.681537;0.189114
691;-0.037415;-0.210011;0.156012
692;-0.005306;0.200640;-0.255842
693;-0.107113;0.312222;-0.196974
694;0.046050;0.215153;-0.004383
695;0.156880;0.315841;-0.023892
696;0.399489;0.257334;0.216324
697;0.477023;0.148421;-0.015410
698;0.453263;-0.487451;0.138687
699;0.288074;-0.147208;0.214091
700;0.201961;0.130461;0.324420
701;0.520208;0.016680;0.207690
702;0.060125;-1.113360;0.202287
703;-0.476957;0.451589;-0.023107
704;0.466740;-0.215235;0.796230
705;1.058210;-0.003677;-0.232283
706;0.409455;0.134931;0.482789
707;-0.036747;-0.181414;0.102599
708;-0.580349;0.006668;-0.291504
709;-0.228792;0.026065;0.105200
710;0.514830;0.060407;0.080693
711;0.059575;-0.008130;-0.047377
712;-0.534391;0.020029;-0.075985
713;-0.155488;-0.005353;-0.080469
714;-0.295919;-0.038676;-0.111087
715;-0.165827;-0.201843;0.040939
716;-0.029931;-0.287174;-0.115265
717;-0.386621;-0.457047;-0.188230
718;-0.543314;-0.567468;-0.344157
719;-0.545460;-0.708351;-0.491588
720;-0.860463;-0.275455;-0.064662
721;-0.490245;-0.631473;0.182182
722;-0.250379;-0.208559;0.188361
723;-0.057088;0.211215;-0.196748
724;0.085549;0.298043;-0.027980
725;0.093959;0.200149;0.014594
726;0.180456;0.413050;-0.097167
727;0.165582;0.255079;-0.003058
728;0.477742;-0.016290;0.197987
729;0.461140;-0.557790;0.118272
730;0.295965;0.036783;0.126893
731;0.276858;0.081130;0.315731
732;0.720523;0.032188;0.298711
733;0.195173;-0.705539;0.168986
734;-0.647453;0.165335;-0.361443
735;0.383663;-0.009447;0.560602
736;0.937417;0.115152;-0.092089
737;0.715981;0.003505;0.476747
738;0.074394;-0.072065;0.182916
739;-0.600784;-0.149096;-0.188843
740;-0.261828;0.042794;-0.005581
741;0.332385;0.082306;0.089995
742;-0.001064;-0.021833;-0.028854
743;-0.398843;-0.011684;-0.120504
744;-0.093009;0.049639;-0.148452
745;0.057030;-0.099599;0.006152
746;-0.179345;-0.157967;-0.020067
747;-0.174023;-0.289840;-0.099789
748;-0.265874;-0.314349;-0.065812
749;-0.457489;-0.601092;-0.117206
750;-0.709257;-0.772693;-0.441120
751;-0.880695;-0.351112;-0.379400
752;-0.619370;-0.366872;0.060185
753;-0.230680;-0.508997;0.185983
754;-0.145470;0.017258;-0.118547
755;-0.072025;0.420024;-0.235424
756;0.007594;0.132144;0.068733
757;-0.012853;0.194397;-0.039108
758;0.040923;0.356624;0.105443
759;0.376657;-0.121256;0.186688
760;0.506991;0.144217;-0.091563
761;0.317243;-0.448177;0.185074
762;0.169930;0.055626;0.121097
763;0.508724;0.033229;0.294713
764;0.726985;0.003109;0.298418
765;-0.214704;-1.161244;0.123693
766;-0.626081;0.277718;0.015866
767;0.503535;0.018939;0.612828
768;0.955405;0.100172;0.017712
769;0.679493;0.060197;0.480567
770;0.082411;-0.127867;0.199616
771;-0.550293;-0.098710;-0.229928
772;-0.413125;0.058322;-0.001417
773;0.537290;0.028563;0.188289
774;0.226006;0.028438;0.034061
775;-0.658929;-0.028314;-0.155972
776;-0.579256;0.042871;-0.258846
777;-0.057621;-0.034364;-0.014379
778;-0.105778;-0.169597;-0.027338
779;-0.040202;-0.342434;0.023196
780;-0.139482;-0.303264;-0.122087
781;-0.531917;-0.587552;-0.079003
782;-0.812319;-0.654234;-0.368974
783;-0.916388;-0.246270;-0.310564
784;-0.474871;-0.466690;0.106292
785;-0.170092;-0.621092;0.268411
786;-0.168892;-0.035314;-0.085315
787;-0.060588;0.274419;-0.139641
788;-0.049731;0.169461;0.078572
789;0.071291;0.298299;0.023168
790;0.072968;0.416614;0.084292
791;0.394720;-0.126122;0.294599
792;0.613884;0.147165;0.071637
793;0.493897;-0.436206;0.270808
794;0.063461;0.133367;0.081146
795;0.278671;-0.010047;0.251003
796;0.792967;0.005227;0.302725
797;0.272701;-0.890297;-0.089599
798;-0.730981;0.191186;0.075202
799;0.579532;0.027473;0.995532
800;1.118689;-0.001768;-0.181791
801;0.557796;0.084920;0.510426
802;-0.105503;-0.179862;0.258756
803;-0.452840;0.026401;-0.169099
804;-0.511114;0.011980;-0.220306
805;0.158218;0.054269;0.184341
806;0.385785;0.040874;0.037972
807;-0.321457;0.003747;-0.179283
808;-0.687366;-0.045844;-0.204714
809;0.108844;-0.076575;0.071688
810;-0.041856;-0.221825;0.019753
811;-0.287012;-0.403716;-0.094544
812;-0.407558;-0.532318;-0.203643
813;-0.499047;-0.566949;-0.279646
814;-0.772365;-0.442775;-0.625577
815;-0.600192;-0.334658;-0.096535
816;-0.333244;-0.746886;0.167777
817;-0.189580;-0.147701;0.068287
818;-0.085049;0.252166;-0.199419
819;-0.027363;0.295167;-0.052919
820;0.082689;0.182325;0.004043
821;0.088649;0.396823;0.003555
822;0.215864;0.366111;0.089452
823;0.365349;-0.119393;0.279362
824;0.359509;-0.271762;-0.066095
825;0.263241;-0.194770;0.143640
826;0.193813;0.161573;0.202235
827;0.688978;-0.024833;0.252864
828;-0.065685;-1.268687;0.042207
829;-0.586069;0.367361;-0.020654
830;0.419321;0.126024;0.869319
831;1.188448;-0.023021;0.181734
832;0.870020;0.058325;0.379611
833;-0.115992;-0.197986;0.240478
834;-0.732351;-0.013595;-0.254699
835;-0.389426;0.053643;0.005971
836;0.506540;0.048499;0.150797
837;0.164255;0.008182;-0.028824
838;-0.443547;-0.019260;-0.088462
839;-0.269033;0.052051;-0.177186
840;-0.163630;-0.077029;-0.079920
841;-0.177026;-0.107282;0.052695
842;-0.065984;-0.249117;-0.007291
843;-0.196101;-0.379885;-0.119025
844;-0.568722;-0.617519;-0.254788
845;-0.678947;-0.742032;-0.438179
846;-0.796089;-0.326093;-0.340953
847;-0.563125;-0.404004;0.065706
848;-0.376630;-0.587337;0.201311
849;-0.152293;0.022508;-0.013294
850;-0.032580;0.357454;-0.104336
851;0.016460;0.159935;0.072918
852;0.118620;0.275984;0.031704
853;0.105816;0.381574;0.101211
854;0.258128;-0.042436;0.267330
855;0.529387;-0.062318;0.268805
856;0.479072;-0.284418;0.107773
857;0.116714;-0.005476;0.022979
858;0.126752;0.137163;0.020936
859;0.768815;-0.063707;0.264782
860;0.377049;-0.745174;0.119617
861;-0.748582;0.146904;-0.530198
862;0.231107;0.026160;0.622263
863;0.970697;0.061185;-0.109182
864;1.020273;0.123055;0.489079
865;0.065826;-0.109662;0.275292
866;-0.734917;-0.178195;-0.172555
867;-0.455724;0.121572;-0.063716
868;0.281498;0.035235;0.194874
869;0.319705;0.052666;-0.021359
870;-0.419360;-0.039814;-0.095890
871;-0.456260;0.028989;-0.147685
872;0.003395;-0.050927;-0.164425
873;-0.115434;-0.152594;0.052714
874;-0.127625;-0.291406;0.008186
875;-0.262412;-0.340712;-0.126971
876;-0.421903;-0.690848;-0.062325
877;-1.014569;-0.676316;-0.329636
878;-0.902294;-0.386117;-0.286156
879;-0.397574;-0.361403;0.134087
880;-0.209725;-0.597135;0.249253
881;-0.138037;0.056536;-0.063321
882;-0.085425;0.422559;-0.192964
883;0.028430;0.264757;0.023537
884;0.061129;0.226307;-0.025867
885;0.118839;0.334596;0.120462
886;0.397934;-0.163623;0.241947
887;0.427057;0.023803;-0.079028
888;0.321014;-0.345262;0.144587
889;0.108316;0.091646;0.083937
890;0.569523;0.007327;0.311013
891;0.854710;-0.026536;0.198107
892;-0.166255;-1.559632;-0.864191
893;-0.916786;0.381222;0.306369
894;0.762790;-0.032617;0.708319
895;1.099284;0.007362;0.243529
896;0.364180;-0.082718;0.342146
897;-0.466950;-0.089376;0.001180
898;-0.587351;0.049780;-0.191262
899;-0.110341;0.012565;0.073733
900;0.434527;0.048341;0.057542
901;-0.143565;0.028941;-0.041644
902;-0.409049;-0.038880;-0.127860
903;0.059854;-0.051254;-0.061816
904;-0.014228;-0.092420;-0.031391
905;-0.208536;-0.248671;0.054243
906;-0.266835;-0.346727;-0.110541
907;-0.410738;-0.513185;-0.162238
908;-0.685607;-0.721179;-0.308078
909;-0.979985;-0.427432;-0.501062
910;-0.590452;-0.325152;-0.051827
911;-0.360828;-0.675411;0.100420
912;-0.009893;-0.136961;0.158380
913;-0.023006;0.224624;-0.164559
914;-0.093328;0.359864;-0.102746
915;0.172907;0.172168;0.062531
916;0.197467;0.357415;0.036536
917;0.321649;0.329148;0.112666
918;0.224892;-0.052885;0.094741
919;0.316411;-0.516278;0.117919
920;0.327684;-0.060587;0.031568
921;0.052145;0.167523;0.129566
922;0.704387;-0.137098;0.288145
923;-0.040598;-1.289584;-0.087662
924;-0.447570;0.345097;0.108190
925;0.440110;0.129470;0.736150
926;0.953043;-0.084847;0.116081
927;0.716241;0.060311;0.384970
928;0.083022;-0.152575;0.248365
929;-0.492179;-0.076273;-0.181216
930;-0.470804;0.077945;-0.089077
931;0.137463;0.038716;0.106653
932;0.354922;0.053225;-0.003548
933;-0.239349;-0.027959;-0.043826
934;-0.718379;-0.025595;-0.357820
935;-0.304070;-0.023478;0.010563
936;0.184635;-0.143771;0.102173
937;-0.067781;-0.400660;-0.034596
938;-0.500952;-0.437512;-0.281973
939;-0.640021;-0.820658;-0.152440
940;-1.001404;-0.563343;-0.421599
941;-0.577622;-0.261246;-0.277413
942;-0.185029;-0.561245;0.221485
943;-0.225537;-0.261756;0.246107
944;-0.116143;0.261978;-0.138970
945;-0.166176;0.433852;-0.229957
946;0.024466;0.271687;0.039121
947;0.215105;0.133678;0.036217
948;0.264080;0.319457;0.257161
949;0.522678;-0.105054;0.297048
950;0.396254;-0.234497;-0.009406
951;0.234486;-0.085994;0.072143
952;-0.019824;0.101278;0.038654
953;0.576338;-0.058902;0.206109
954;0.579669;-0.427507;0.129117
955;-0.461145;-0.113700;-0.918097
956;-0.017684;0.118368;0.284436
957;0.805501;0.018842;0.224189
958;0.979980;0.114029;0.513256
959;0.288173;-0.089921;0.211942
960;-0.666896;-0.197809;-0.161311
961;-0.513987;0.109652;-0.093795
962;0.309167;-0.008814;0.179021
963;0.420931;0.061367;0.020708
964;-0.381813;-0.008287;-0.058521
965;-0.605168;0.017708;-0.184749
966;-0.042873;0.019322;-0.169936
967;-0.262585;-0.134397;-0.010737
968;-0.030065;-0.279519;0.045903
969;-0.166003;-0.407285;-0.130082
970;-0.528223;-0.571796;-0.209846
971;-0.710290;-0.647084;-0.315858
972;-0.897932;-0.304593;-0.484639
973;-0.583736;-0.350374;-0.054663
974;-0.256824;-0.614368;0.198030
975;-0.037483;-0.111702;0.146642
976;0.000473;0.332871;-0.199405
977;-0.093594;0.405285;-0.081562
978;0.108808;0.202446;0.009857
979;0.128970;0.364618;-0.023719
980;0.298838;0.113940;0.174317
981;0.275180;-0.094596;0.180085
982;0.259882;-0.374978;-0.034697
983;0.229292;-0.087162;-0.006389
984;0.082327;0.123316;0.141553
985;0.633130;-0.044785;0.319036
986;0.330518;-0.748137;0.067551
987;-0.283283;0.117101;-0.166442
988;0.510743;0.253716;0.714687
989;1.033488;-0.102383;0.018811
990;0.576535;0.107010;0.394121
991;0.021633;-0.166965;0.234173
992;-0.453829;-0.013804;-0.144443
993;-0.479154;0.076008;-0.199384
994;-0.027272;0.024916;0.072469
995;0.343786;0.048318;-0.038472
996;-0.170106;0.023392;-0.028158
997;-0.399309;-0.045395;-0.146415
998;-0.003282;-0.060577;-0.100504
999;-0.061135;-0.172502;0.064963
1000;-0.156732;-0.382548;0.063535
1001;-0.362756;-0.494276;-0.199089
1002;-0.569469;-0.740685;-0.419628
1003;-0.832435;-0.619823;-0.449949
1004;-0.739550;-0.065620;-0.199477
1005;-0.340762;-0.522851;0.165025
1006;-0.274257;-0.292455;0.003763
1007;0.120148;0.362979;-0.180412
1008;-0.031651;0.038562;0.017673
1009;-0.092146;0.268181;-0.047906
1010;0.013499;0.279678;-0.016355
1011;0.233031;0.014277;0.159091
1012;0.380785;-0.256216;0.168041
1013;0.191155;-0.008832;-0.062207
1014;0.178220;-0.107388;0.137753
1015;0.332726;0.014556;0.250232
1016;0.463249;0.065576;0.132356
1017;0.626239;-0.170976;0.235299
1018;-0.231907;-1.402042;-0.443962
1019;-0.465441;0.370270;0.180273
1020;0.492973;0.111804;0.658068
1021;0.990766;-0.025141;0.252045
1022;0.519635;0.014922;0.351776
1023;-0.168121;-0.146274;0.061139
1024;-0.614600;-0.014653;-0.211752
1025;-0.415295;0.040676;-0.025061
1026;0.326487;0.047195;0.131764
1027;0.215640;0.048198;-0.051155
1028;-0.448638;-0.053435;-0.118427
1029;-0.200662;0.011861;-0.048815
1030;0.328060;-0.090674;-0.069140
1031;-0.302588;-0.149523;-0.061190
1032;-0.113461;-0.282405;0.062960
1033;-0.089289;-0.323757;-0.053980
1034;-0.685456;-0.660183;-0.086990
1035;-0.854773;-0.660808;-0.349492
1036;-0.974657;-0.226330;-0.350725
1037;-0.660453;-0.382976;-0.045875
1038;-0.170320;-0.539510;0.262258
1039;-0.005762;0.042085;-0.160280
1040;0.179371;0.325319;-0.077097
1041;-0.004160;0.097042;0.007952
1042;-0.016068;0.336936;-0.092857
1043;-0.060415;0.307110;-0.056499
1044;0.308953;-0.206396;0.042825
1045;0.437139;-0.018593;-0.094358
1046;0.307882;-0.335641;0.146724
1047;0.086134;0.140103;0.200761
1048;0.578684;0.167800;0.444111
1049;0.736253;-0.242162;0.169050
1050;-0.308421;-0.230479;-0.575040
1051;0.029538;0.335354;0.427002
1052;1.205962;0.091867;0.297094
1053;0.929741;-0.001038;0.376882
1054;-0.007921;-0.172361;0.169003
1055;-0.666123;-0.108914;-0.261506
1056;0.043985;0.027809;0.143402
1057;0.585759;0.024271;0.058356
1058;-0.190785;0.014962;-0.090144
1059;-0.581054;-0.005981;-0.167514
1060;-0.089086;0.011258;-0.031930
1061;-0.058929;-0.084250;-0.140088
1062;-0.280663;-0.291898;0.015002
1063;-0.355837;-0.354791;-0.149086
1064;-0.448190;-0.618188;-0.345561
1065;-0.886867;-0.929574;-0.622285
1066;-0.972614;-0.448245;-0.225604
1067;-0.410773;-0.502182;0.130343
1068;0.033015;-0.486292;0.376938
1069;0.032606;0.218161;-0.158709
1070;0.198039;0.530708;-0.029809
1071;0.019699;0.220502;0.029896
1072;0.034536;0.459726;0.000145
1073;0.029349;0.359916;0.011549
1074;0.383764;-0.076348;0.274646
1075;0.541237;-0.341681;0.078695
1076;0.162905;-0.072567;0.052760
1077;0.107572;0.144235;0.259755
1078;0.653899;0.053290;0.184303
1079;0.504843;-0.338954;0.113434
1080;-0.524834;0.033306;-1.097186
1081;0.003792;-0.093129;0.393297
1082;1.119709;0.413789;0.168577
1083;1.282923;-0.095889;0.521501
1084;-0.007053;-0.226307;0.199671
1085;-0.852655;-0.089449;-0.258167
1086;0.132193;-0.021321;0.201409
1087;0.436422;0.142735;0.055567
1088;-0.693781;-0.011442;-0.134436
1089;-0.447441;-0.023696;-0.176018
1090;0.291794;0.010985;-0.053667
1091;0.012548;-0.128292;-0.039762
1092;-0.391255;-0.196088;-0.029946
1093;-0.184625;-0.245273;-0.096322
1094;-0.158879;-0.281149;-0.113165
1095;-0.749093;-0.572441;-0.225634
1096;-0.868707;-0.731131;-0.389532
1097;-0.780308;-0.307389;-0.263629
1098;-0.408794;-0.592843;0.095655
1099;-0.042456;-0.505840;0.264980
1100;-0.101451;0.105358;-0.162510
1101;-0.045414;0.398341;-0.177258
1102;0.084124;0.164105;0.044980
1103;0.117192;0.392099;-0.026667
1104;0.084581;0.349058;0.044270
1105;0.252940;-0.083071;0.255058
1106;0.479258;-0.380816;-0.028872
1107;0.372423;-0.213781;0.110886
1108;0.110788;0.178379;0.215178
1109;0.806000;0.123862;0.388037
1110;0.411327;-0.898343;0.110054
1111;-0.788167;0.166828;-0.077564
1112;0.529361;0.003217;0.949287
1113;0.763718;0.146866;0.150443
1114;0.812520;-0.030534;0.392256
1115;-0.031592;-0.068059;0.180961
1116;-0.650532;-0.166080;-0.283102
1117;-0.312612;0.052334;0.013871
1118;0.483039;0.095705;0.172427
1119;0.055443;-0.054018;-0.021046
1120;-0.402051;-0.044142;-0.166423
1121;-0.097491;0.007012;-0.062160
1122;0.026206;0.001400;-0.201240
1123;-0.405453;-0.226029;-0.016306
1124;-0.207496;-0.268659;-0.041835
1125;-0.184122;-0.405663;-0.149069
1126;-0.750133;-0.664625;-0.483212
1127;-0.938317;-0.820716;-0.544950
1128;-0.903978;-0.175684;-0.044234
1129;-0.525887;-0.604185;0.097441
1130;-0.036122;-0.378877;0.181882
1131;0.157185;0.267000;-0.166527
1132;0.132701;0.289221;0.024987
1133;0.081773;0.204066;0.042170
1134;0.074867;0.482523;-0.030656
1135;0.110873;0.219686;-0.021744
1136;0.441308;-0.416164;0.131346
1137;0.502267;-0.095243;-0.027710
1138;0.160872;-0.037439;0.083645
1139;0.224391;0.119267;0.202120
1140;0.936543;0.133183;0.271548
1141;0.416165;-0.815884;0.111285
1142;-0.821437;0.091882;0.147599
1143;0.301744;0.278540;0.894914
1144;1.309686;0.177346;0.006607
1145;0.673533;-0.048080;0.576433
1146;-0.069407;-0.064769;0.136263
1147;-0.683906;-0.129640;-0.329729
1148;-0.315609;0.079941;0.041964
1149;0.567257;0.055748;0.204812
1150;0.112012;-0.063333;-0.057729
1151;-0.564252;-0.012278;-0.211274
1152;-0.355819;0.080666;-0.149337
1153;0.082695;-0.092267;-0.014568
1154;-0.219361;-0.212830;-0.028949
1155;-0.278394;-0.325474;-0.034397
1156;-0.207407;-0.392800;-0.242493
1157;-0.708200;-0.696710;-0.297050
1158;-1.092529;-0.657403;-0.512918
1159;-0.709831;-0.302401;-0.222432
1160;-0.291676;-0.531081;0.172389
1161;-0.027750;-0.381165;0.221969
1162;0.015590;0.171674;-0.096109
1163;0.030324;0.475902;-0.159191
1164;0.059021;0.202091;0.031043
1165;0.076544;0.336358;-0.019488
1166;0.184486;0.411548;0.026774
1167;0.414550;-0.123458;0.211764
1168;0.385687;-0.336924;0.051119
1169;0.212053;-0.155932;0.027853
1170;0.052340;0.189031;0.281277
1171;0.762014;0.071759;0.312216
1172;0.127217;-1.517138;0.091615
1173;-0.931065;0.356058;0.520434
1174;0.522413;0.077197;1.001137
1175;0.928985;0.049257;0.227581
1176;0.868383;-0.028641;0.300149
1177;-0.064748;-0.133614;0.210044
1178;-0.624435;-0.053700;-0.266007
1179;-0.438026;0.041252;-0.030319
1180;0.295413;0.103128;0.151379
1181;0.206987;0.011927;-0.069336
1182;-0.357425;-0.083933;-0.124857
1183;-0.294426;0.040247;-0.142632
1184;0.018805;-0.074159;-0.061750
1185;-0.218168;-0.176519;0.003892
1186;-0.193382;-0.347384;-0.033911
1187;-0.200959;-0.504738;-0.220600
1188;-0.830897;-0.731306;-0.395115
1189;-1.136836;-0.591923;-0.541520
1190;-0.673263;-0.418092;-0.202385
1191;-0.314037;-0.692316;0.178355
1192;-0.032879;-0.263884;0.226409
1193;0.044987;0.134602;-0.118395
1194;-0.001765;0.422529;-0.134413
1195;0.000113;0.316897;0.002969
1196;0.058543;0.273712;0.031221
1197;0.264951;0.477848;0.110243
1198;0.488508;0.061034;0.121422
1199;0.402853;-0.343373;0.155578
1200;0.220590;-0.169861;0.088499
1201;0.234053;0.122805;0.134033
1202;0.760308;0.018823;0.234338
1203;-0.316315;-1.719285;-0.218887
1204;-0.891755;0.579623;0.540155
1205;0.503499;-0.066474;1.237146
1206;1.784694;0.183923;0.021279
1207;0.555538;-0.149505;0.460358
1208;-0.492593;-0.088959;0.095551
1209;-0.857373;-0.033693;-0.282744
1210;0.141087;0.041377;0.261990
1211;0.754529;0.081342;0.126512
1212;-0.284292;-0.078006;-0.078841
1213;-0.704776;0.054071;-0.170919
1214;-0.042340;-0.006807;0.012754
1215;-0.135978;-0.028244;-0.185828
1216;-0.414344;-0.173222;-0.077606
1217;-0.003940;-0.225523;-0.016578
1218;-0.306957;-0.390316;-0.121655
1219;-0.822303;-0.754820;-0.455902
1220;-0.985523;-0.791433;-0.602399
1221;-0.818857;-0.295346;-0.073025
1222;-0.466906;-0.548637;0.118660
1223;-0.114780;-0.420019;0.153678
1224;0.148199;0.286499;-0.170118
1225;0.157265;0.291310;-0.001417
1226;0.104141;0.247293;0.034983
1227;0.105739;0.474123;0.066179
1228;0.167128;0.057329;0.128229
1229;0.408421;-0.079405;0.259451
1230;0.458744;-0.368568;0.111894
1231;0.231784;0.071204;0.144806
1232;0.132952;0.168425;0.072081
1233;0.813215;0.021161;0.336242
1234;0.225120;-0.942010;0.006319
1235;-1.146344;0.252660;-0.129390
1236;0.535510;0.077446;1.002567
1237;1.191748;0.129206;0.046317
1238;0.813325;-0.037642;0.478157
1239;-0.287582;-0.196214;0.129352
1240;-0.849276;-0.036266;-0.310159
1241;-0.116617;0.054793;0.217133
1242;0.742180;0.097378;0.047531
1243;-0.114989;-0.038699;-0.093726
1244;-0.589963;-0.022513;-0.151635
1245;-0.038932;0.030815;-0.069727
1246;0.115406;-0.093929;-0.065879
1247;-0.291974;-0.265274;0.024301
1248;-0.405139;-0.278528;-0.137135
1249;-0.230227;-0.503083;-0.203750
1250;-0.747045;-0.760379;-0.341817
1251;-0.813114;-0.583572;-0.501425
1252;-0.358091;-0.328610;-0.247626
1253;-0.252725;-0.563030;0.209339
1254;-0.098328;-0.181102;0.117190
1255;-0.018942;0.220324;-0.344437
1256;-0.105260;0.386019;-0.173094
1257;-0.020406;0.037831;0.054212
1258;0.164034;0.360487;-0.005236
1259;0.304704;0.365230;0.092176
1260;0.292937;-0.165369;0.134972
1261;0.418348;-0.146930;0.014115
1262;0.224860;-0.116704;0.041839
1263;0.035144;0.057462;0.380047
1264;0.378768;0.226794;0.067609
1265;0.681640;-0.162221;0.118926
1266;-0.406300;-1.856332;-1.051200
1267;-1.004680;0.450628;0.293865
1268;0.814933;-0.062816;0.744303
1269;1.220616;0.186891;0.537644
1270;0.510424;-0.104445;0.328580
1271;-0.531424;-0.075656;-0.022697
1272;-0.523448;-0.109087;-0.310947
1273;0.149442;-0.012405;0.120651
1274;0.552622;0.154007;0.140540
1275;-0.231518;-0.049280;-0.145974
1276;-0.682181;-0.000155;-0.114825
1277;-0.030475;0.041086;-0.138963
1278;-0.248733;-0.124361;-0.133538
1279;-0.289996;-0.202622;-0.029492
1280;0.000002;-0.360002;-0.067454
1281;-0.431308;-0.424626;-0.208988
1282;-0.899234;-0.750622;-0.393010
1283;-0.895648;-0.704671;-0.616972
1284;-0.702743;-0.300042;-0.150199
1285;-0.553775;-0.559122;0.177347
1286;-0.028599;-0.323142;0.199950
1287;0.053315;0.236654;-0.221145
1288;0.098780;0.505315;-0.060792
1289;0.246661;0.114679;0.081463
1290;0.280640;0.556714;0.060991
1291;0.241368;0.356957;0.094946
1292;0.081935;0.051361;0.033085
1293;0.245193;-0.624263;0.071718
1294;0.407146;-0.072554;0.027731
1295;0.076714;0.279570;0.033579
1296;0.590547;-0.043781;0.281401
1297;-0.036666;-1.440344;0.074808
1298;-0.775981;0.451606;0.406138
1299;0.577683;-0.139972;1.005144
1300;0.947699;0.404092;0.199641
1301;0.845245;-0.179904;0.442023
1302;-0.036675;-0.007713;0.173100
1303;-0.713953;-0.114268;-0.351714
1304;0.079171;-0.020045;0.149306
1305;0.280218;0.191325;0.107159
1306;-0.667217;-0.088153;-0.202915
1307;-0.429325;0.005141;-0.299552
1308;-0.026308;0.039860;-0.069418
1309;-0.093317;-0.170096;-0.061920
1310;-0.111050;-0.250532;-0.047270
1311;-0.317498;-0.241066;-0.199966
1312;-0.334318;-0.364911;-0.140282
1313;-0.588953;-0.738783;-0.431409
1314;-1.104219;-0.662437;-0.571756
1315;-0.824766;-0.373120;-0.028714
1316;-0.391885;-0.606362;0.252650
1317;0.090805;-0.044877;0.152236
1318;0.087344;0.265376;-0.198283
1319;0.075623;0.404091;-0.072146
1320;0.240006;0.198820;0.014783
1321;0.026989;0.455505;0.027706
1322;0.244541;0.173085;0.107140
1323;0.384613;0.020557;-0.024719
1324;0.505437;-0.502742;0.180500
1325;0.266701;0.048632;0.106581
1326;0.355024;0.079517;0.352980
1327;0.780532;0.014203;0.261791
1328;-0.308261;-1.912072;-0.450411
1329;-1.133802;0.574296;0.441755
1330;0.643232;0.094185;0.880167
1331;1.185521;-0.049485;0.545284
1332;0.738717;0.000886;0.232815
1333;-0.566935;-0.159858;-0.150299
1334;-0.762407;0.081262;-0.134424
1335;0.282366;0.046060;0.213032
1336;0.409304;0.041272;0.117418
1337;-0.436347;-0.052716;-0.121896
1338;-0.401944;0.039276;-0.221392
1339;0.115116;-0.024918;-0.091627
1340;-0.144171;-0.126904;-0.036964
1341;-0.318327;-0.235526;-0.019289
1342;-0.231800;-0.244002;-0.134843
1343;-0.418170;-0.539744;-0.088944
1344;-0.590604;-0.590344;-0.182510
1345;-0.947915;-0.511231;-0.553582
1346;-0.559097;-0.370968;-0.066245
1347;-0.319589;-0.569915;0.161909
1348;0.001021;-0.105277;0.066705
1349;-0.027442;0.222866;-0.233203
1350;-0.006727;0.397553;-0.097833
1351;0.091183;0.139681;-0.031668
1352;0.078306;0.318812;-0.005485
1353;0.286449;0.302111;0.071194
1354;0.364447;0.047615;0.038297
1355;0.329285;-0.433530;0.031487
1356;0.225562;-0.043188;0.108113
1357;0.306543;0.153636;0.300277
1358;0.696346;0.114444;0.269822
1359;-0.065171;-2.158994;-0.891607
1360;-0.792943;0.349363;0.020821
1361;0.663223;0.015968;0.613593
1362;0.983467;0.008973;0.555274
1363;0.410723;0.042955;0.371305
1364;-0.553570;-0.130143;-0.187805
1365;-0.436981;-0.035511;-0.105495
1366;0.395612;0.099730;0.223026
1367;0.272197;-0.032310;0.016813
1368;-0.493353;0.030407;-0.202482
1369;-0.291256;-0.034474;-0.106325
1370;0.093013;0.013260;-0.053433
1371;-0.443660;-0.072375;-0.225155
1372;-0.302852;-0.237243;-0.009345
1373;0.034725;-0.276190;-0.066433
1374;-0.369995;-0.456290;-0.114958
1375;-0.775316;-0.729136;-0.328249
1376;-0.902636;-0.520814;-0.558840
1377;-0.560668;-0.297385;-0.113365
1378;-0.323060;-0.551999;0.119918
1379;0.112864;-0.136091;0.163827
1380;0.075619;0.292156;-0.250014
1381;0.011214;0.413778;-0.078757
1382;0.176784;0.141314;-0.005972
1383;0.129111;0.417625;0.022811
1384;0.227926;0.235974;0.088734
1385;0.149558;-0.008221;0.041261
1386;0.282995;-0.431897;0.061333
1387;0.298642;-0.054048;0.091554
1388;0.296036;0.123049;0.230859
1389;0.623388;-0.045607;0.248741
1390;0.581545;-0.334497;0.091233
1391;-0.562226;-0.201553;-1.132613
1392;-0.071602;0.053057;0.224805
1393;0.900135;-0.010716;0.220579
1394;1.080873;0.182712;0.541961
1395;0.189407;-0.117785;0.224773
1396;-0.685772;-0.222973;-0.216813
1397;-0.596973;0.152186;-0.132197
1398;0.340082;-0.079530;0.304693
1399;0.419419;0.195399;0.007563
1400;-0.458834;-0.136146;-0.142103
1401;-0.413594;0.002875;-0.281016
1402;0.032457;-0.002567;-0.085505
1403;-0.428808;-0.087129;-0.122375
1404;-0.311265;-0.253475;-0.003344
1405;0.053841;-0.361150;-0.116506
1406;-0.768310;-0.730306;-0.160220
1407;-0.717346;-0.669921;-0.298298
1408;-0.791153;-0.432772;-0.404856
1409;-0.558485;-0.334360;-0.016271
1410;-0.330848;-0.464147;0.237074
1411;-0.042658;-0.026492;0.042520
1412;0.041850;0.425078;-0.320455
1413;-0.004139;0.255610;-0.039605
1414;0.159272;0.275074;-0.044764
1415;0.166966;0.389923;0.044365
1416;0.377538;0.043852;0.084385
1417;0.285383;0.061496;-0.172452
1418;0.132221;-0.567335;0.105130
1419;0.273003;0.085309;0.114564
1420;0.507445;0.104381;0.261942
1421;0.723010;-0.103292;0.281995
1422;-0.278263;-1.211717;0.000996
1423;-0.754488;0.337304;-0.016259
1424;0.522211;0.072274;0.662024
1425;0.954525;-0.073531;0.171370
1426;0.839031;0.154148;0.469768
1427;0.067486;-0.281876;0.117954
1428;-0.606344;0.012236;-0.216726
1429;-0.581281;0.053952;-0.087559
1430;0.300813;0.023755;0.163118
1431;0.327889;0.050206;-0.054475
1432;-0.576448;-0.020348;-0.151656
1433;-0.433475;-0.015389;-0.174763
1434;0.116046;-0.067631;-0.124443
1435;-0.207275;-0.229718;0.063833
1436;-0.205276;-0.361145;-0.044705
1437;-0.368736;-0.406383;-0.206284
1438;-0.717597;-0.776350;-0.239344
1439;-0.988708;-0.628053;-0.523827
1440;-0.516840;-0.400647;-0.232330
1441;-0.235584;-0.674184;0.133083
1442;-0.065000;-0.177182;0.192075
1443;-0.080967;0.188635;-0.216336
1444;-0.152433;0.421019;-0.236174
1445;-0.020986;0.236298;-0.045215
1446;0.081726;0.259345;0.023234
1447;0.351926;0.312718;0.135353
1448;0.513300;-0.117783;0.291386
1449;0.466320;-0.149797;0.051561
1450;0.309298;-0.112485;0.166768
1451;-0.034358;0.077640;0.097323
1452;0.487239;0.022723;0.170927
1453;0.710315;-0.283016;0.111885
1454;-0.257619;-0.216550;-1.256580
1455;-0.126555;0.159836;0.235550
1456;0.993570;-0.104301;0.084244
1457;0.834211;0.117763;0.545073
1458;0.098887;-0.144980;0.221040
1459;-0.656936;-0.070805;-0.256484
1460;-0.444580;0.096103;-0.138933
1461;0.184961;0.051144;0.214398
1462;0.433683;0.047688;0.026691
1463;-0.195199;-0.130559;-0.217771
1464;-0.493096;0.058371;-0.166716
1465;0.053590;-0.022003;-0.063040
1466;-0.214360;-0.151560;-0.087374
1467;-0.310590;-0.302181;0.024633
1468;-0.046127;-0.395549;-0.207593
1469;-0.630462;-0.699541;-0.231864
1470;-0.794950;-0.710069;-0.407029
1471;-0.807297;-0.396924;-0.406440
1472;-0.538511;-0.470191;0.039395
1473;-0.370237;-0.459934;0.186446
1474;0.085787;-0.007647;0.043517
1475;0.016287;0.298565;-0.284542
1476;-0.078073;0.375634;-0.113027
1477;0.090211;0.152956;0.062607
1478;0.135300;0.446189;0.042310
1479;0.452569;0.075899;0.144301
1480;0.426849;0.232217;-0.086602
1481;0.348207;-0.643062;0.253864
1482;0.151602;0.076060;-0.006325
1483;0.261135;0.090854;0.246061
1484;0.721579;-0.039864;0.249960
1485;-0.161056;-1.835021;-0.885471
1486;-0.536565;0.642865;0.308565
1487;0.726635;-0.060960;0.681041
1488;0.906203;0.024432;0.450420
1489;0.831061;0.028453;0.219436
1490;-0.157074;-0.209993;0.118777
1491;-0.664963;0.043684;-0.251556
1492;-0.346385;-0.011300;0.027272
1493;0.405018;0.085970;0.134144
1494;0.077895;0.003475;-0.081000
1495;-0.490120;-0.035587;-0.164677
1496;-0.196206;-0.001284;-0.085126
1497;0.187879;-0.048445;-0.049588
1498;-0.299808;-0.196278;-0.089570
1499;-0.219579;-0.255692;0.029962
1500;-0.111061;-0.354812;-0.072800
1501;-0.563226;-0.619498;-0.148391
1502;-0.877928;-0.691365;-0.356665
1503;-0.886711;-0.356115;-0.443402
1504;-0.456508;-0.444091;0.034122
1505;-0.208061;-0.616557;0.154869
1506;-0.023607;-0.007929;0.047456
1507;-0.124289;0.256174;-0.232098
1508;-0.158591;0.336173;-0.091808
1509;-0.043047;0.233052;-0.065327
1510;0.041225;0.296488;-0.046536
1511;0.304115;0.111514;0.081597
1512;0.406109;-0.275892;0.278405
1513;0.603764;-0.378205;0.121672
1514;0.314882;0.081929;0.055447
1515;0.179094;-0.069148;0.132463
1516;0.620825;0.034311;0.176057
1517;0.067077;-0.977116;0.084682
1518;-0.619801;0.260875;-0.261231
1519;0.357660;-0.025574;0.677303
1520;0.905693;0.028809;-0.091722
1521;0.906355;0.063124;0.476771
1522;-0.041539;-0.032765;0.168238
1523;-0.638437;-0.171318;-0.144448
1524;-0.355688;0.074367;-0.111786
1525;0.336475;0.026574;0.147217
1526;0.085921;0.051812;-0.030149
1527;-0.518986;-0.027259;-0.151090
1528;-0.244508;-0.033970;-0.141503
1529;0.118349;0.036013;-0.152264
1530;-0.325950;-0.249328;-0.028771
1531;-0.126007;-0.278550;-0.016780
1532;-0.353613;-0.387091;-0.155862
1533;-0.614437;-0.718700;-0.090231
1534;-0.832371;-0.553257;-0.287337
1535;-0.906774;-0.405581;-0.322678
1536;-0.333251;-0.482111;0.154167
1537;-0.180564;-0.527341;0.166711
1538;-0.052522;0.059980;-0.078626
1539;-0.092116;0.391382;-0.278648
1540;-0.067986;0.371299;-0.055752
1541;0.145174;0.176325;-0.002239
1542;0.245947;0.462257;0.110629
1543;0.523058;-0.109041;0.250162
1544;0.331805;0.106816;-0.131481
1545;0.243385;-0.488635;0.185663
1546;0.192075;0.094585;0.106324
1547;0.393709;0.133919;0.122441
1548;0.738521;-0.183210;0.267430
1549;-0.267333;-1.631262;-1.021995
1550;-0.574320;0.575275;0.360623
1551;0.625322;0.046202;0.757363
1552;1.028106;0.035944;0.403859
1553;0.547058;0.066612;0.357676
1554;-0.271890;-0.223432;0.071509
1555;-0.661534;-0.002884;-0.402479
1556;-0.549336;0.037236;-0.089729
1557;0.379552;0.102170;0.219196
1558;0.443260;0.007654;-0.064452
1559;-0.339004;-0.104946;-0.153184
1560;-0.312367;-0.007248;-0.101926
1561;0.191072;0.053847;-0.166142
1562;-0.337684;-0.235887;0.004850
1563;-0.260711;-0.341737;0.027092
1564;-0.215138;-0.442341;-0.204839
1565;-0.742671;-0.729371;-0.344914
1566;-0.913587;-0.726978;-0.573042
1567;-0.682714;-0.341914;-0.203367
1568;-0.238179;-0.617443;0.182970
1569;0.055398;-0.249601;0.165722
1570;0.074080;0.176033;-0.269216
1571;-0.038329;0.380194;-0.158219
1572;0.022452;0.215406;-0.082881
1573;-0.018405;0.476316;-0.124052
1574;0.163543;0.122269;0.122825
1575;0.353626;-0.022802;0.164339
1576;0.436189;-0.252858;0.087335
1577;0.407480;-0.050771;0.060705
1578;0.098613;0.011821;0.093456
1579;0.489411;-0.043099;0.173521
1580;0.582482;-0.119431;0.088179
1581;-0.254999;-1.004206;-1.394090
1582;-0.290653;0.335671;0.051735
1583;0.782409;0.060782;0.647867
1584;0.982521;0.021050;0.388333
1585;0.239812;-0.012917;0.306761
1586;-0.352764;-0.239148;-0.172657
1587;-0.650013;0.101486;-0.300008
1588;-0.062793;-0.036806;0.233630
1589;0.586616;0.090615;0.015138
1590;-0.353983;-0.036613;-0.075526
1591;-0.774162;-0.010681;-0.253605
1592;0.062139;0.003026;-0.113658
1593;-0.092764;-0.216474;-0.027664
1594;-0.312066;-0.316487;-0.029443
1595;-0.291957;-0.348198;-0.178908
1596;-0.606483;-0.721661;-0.134730
1597;-1.056935;-0.602753;-0.564069
1598;-0.765220;-0.363030;-0.159179
1599;-0.246466;-0.572653;0.183386
1600;0.059198;-0.139061;0.171322
1601;0.054809;0.229641;-0.203101
1602;0.058290;0.468545;-0.164919
1603;0.062224;0.238694;-0.076926
1604;0.011735;0.411638;-0.033578
1605;0.204425;0.232256;0.086409
1606;0.234567;-0.050392;0.010585
1607;0.356363;-0.205121;0.114027
1608;0.485227;-0.160319;0.199343
1609;0.344142;0.024089;0.084483
1610;0.345432;-0.085491;0.100987
1611;0.320313;-0.145933;-0.083295
1612;-0.298140;-0.591544;-1.111254
1613;-0.229707;0.165985;0.115733
1614;0.503620;-0.049277;0.361048
1615;0.790733;0.148185;0.491749
1616;-0.245330;-0.071868;-0.017607
1617;-0.779262;-0.115229;-0.262474
1618;0.134991;-0.059559;0.076164
1619;0.274480;0.045846;0.036989
1620;-0.344144;-0.008630;-0.116574
1621;-0.080632;0.023001;-0.088905
1622;0.038416;0.016206;-0.031528
1623;-0.190619;-0.066190;-0.068342
1624;-0.010278;0.018156;-0.066847
1625;-0.044168;-0.086375;0.077481
1626;-0.026564;0.046465;-0.088418
1627;-0.100298;0.012532;-0.106291
1628;-0.089700;0.036653;-0.087979
1629;-0.067738;0.013406;-0.083747
1630;-0.075773;-0.013408;-0.108170
1631;-0.097179;0.004708;-0.095010
1632;-0.025308;-0.020534;-0.065782
1633;-0.076737;0.001780;-0.035090
1634;-0.089718;0.009978;-0.040834
1635;-0.102324;0.006518;-0.070632
1636;-0.086802;0.012321;-0.059069
1637;-0.052828;0.002215;-0.051387
1638;-0.053733;0.006922;-0.058891
1639;-0.058241;-0.002201;-0.043403
1640;-0.026569;-0.023447;-0.026768
1641;-0.014132;-0.001240;-0.022784
1642;-0.022830;-0.003628;-0.016649
1643;-0.004275;-0.003167;-0.020511
1644;0.004053;-0.001162;-0.028211
1645;0.004175;-0.012321;-0.012899
1646;0.013163;-0.001990;-0.007301
1647;0.035761;-0.005043;-0.008020
1648;0.025099;-0.005556;-0.019963
1649;0.015890;-0.003848;-0.016138
1650;0.027798;-0.006321;-0.003179
1651;0.023769;-0.002321;-0.002377
1652;0.011575;-0.009961;-0.002213
1653;0.010746;0.002902;-0.009895
1654;0.004118;-0.006634;-0.012756
1655;0.005676;-0.002095;-0.013415
1656;0.032010;-0.005794;-0.009053
1657;0.007671;-0.001288;-0.005606
1658;-0.003997;-0.002942;-0.011195
1659;-0.000686;-0.005455;-0.005701
1660;0.000703;-0.004404;0.001013
1661;-0.000152;-0.007945;-0.001840
1662;-0.013475;-0.001357;-0.014107
1663;0.000780;-0.003355;-0.011229
1664;0.009396;-0.001326;0.000555
1665;0.017099;-0.007470;0.003523
1666;0.013300;-0.002905;-0.011453
1667;0.012101;-0.007760;-0.011301
1668;-0.000857;-0.002381;-0.001466
1669;0.006191;0.000353;0.001332
1670;-0.005971;-0.005369;-0.005040
1671;0.005711;0.006971;-0.005893
1672;0.020617;-0.010344;0.009560
1673;-0.009147;-0.008039;-0.005903
1674;0.000934;-0.007899;-0.011405
1675;-0.008145;-0.003324;-0.006383
1676;-0.001357;-0.004115;-0.004489
1677;0.009959;0.000364;0.006096
1678;-0.015373;0.000870;-0.003840
1679;0.009590;-0.007459;-0.004826
1680;0.017275;-0.009521;-0.008173
1681;-0.009696;0.007409;-0.010524
1682;0.012009;-0.005940;0.005805
1683;0.008613;-0.008819;-0.005785
1684;-0.009560;0.000188;-0.013884
1685;-0.000849;-0.007115;-0.001837
1686;0.007061;0.002169;-0.003786
1687;-0.003959;-0.004353;-0.006188
1688;-0.002030;0.001545;-0.005457
1689;-0.000550;-0.004982;0.002597
1690;-0.006306;-0.003875;-0.007317
1691;0.005474;-0.002338;-0.005881
1692;0.000983;-0.002919;-0.001449
1693;0.013532;0.001871;-0.000004
1694;0.012427;-0.000128;0.000643
1695;0.021338;0.003479;-0.006880
1696;-0.028746;-0.023309;0.036983
1697;-0.011466;-0.000332;-0.025337
1698;0.034353;-0.023364;-0.006417
1699;-0.035467;-0.040879;-0.033945
