index;x;y;z
0;-0.146048;0.033455;-0.053010
1;0.177498;0.013866;0.085312
2;0.105557;0.019608;0.070039
3;-0.063655;-0.015695;-0.026170
4;-0.069032;-0.009092;-0.058851
5;0.010461;-0.007400;0.006683
6;0.038505;0.001748;0.034384
7;-0.003122;-0.003429;0.012701
8;-0.036884;-0.003475;-0.015115
9;0.001159;-0.008210;-0.002216
10;0.005822;0.005017;0.005643
11;0.014487;-0.006527;0.005511
12;0.014768;0.005082;-0.001100
13;0.008100;-0.003403;-0.003311
14;0.005661;0.001390;-0.008251
15;0.023459;-0.000154;0.001635
16;-0.002069;-0.004239;0.002891
17;-0.002187;-0.005462;-0.003132
18;-0.001152;-0.003386;-0.000031
19;0.002821;0.001958;0.007576
20;0.003907;-0.006551;0.010301
21;-0.002639;-0.002223;0.002810
22;-0.009782;-0.000803;0.000156
23;0.008398;-0.008917;0.000783
24;0.005184;-0.000111;0.003781
25;-0.005898;-0.005622;-0.000656
26;-0.009533;-0.004324;-0.002901
27;0.002009;-0.001293;0.003393
28;-0.001800;-0.002480;0.009100
29;0.001045;-0.003912;0.003419
30;-0.001940;-0.004362;-0.000518
31;-0.003050;-0.004539;0.002962
32;0.003103;-0.004489;0.002326
33;0.005176;0.000466;0.005586
34;0.003235;-0.005597;-0.000139
35;-0.003419;-0.002413;-0.000355
36;0.005819;-0.000965;0.003716
37;0.003847;-0.003326;0.002109
38;-0.001812;-0.002225;-0.001871
39;-0.002646;-0.003602;0.005671
40;0.001366;-0.001982;-0.000799
41;-0.000349;-0.003942;0.000017
42;-0.002464;-0.002358;0.003425
43;0.007596;-0.002291;0.004872
44;0.004093;-0.002746;0.000844
45;-0.005970;-0.005386;0.000167
46;-0.002795;-0.003435;0.000443
47;-0.000559;-0.000743;0.001390
48;0.002443;-0.004509;0.002464
49;-0.001198;0.000091;-0.001178
50;0.002575;-0.006393;-0.001415
51;0.003855;-0.001718;0.002653
52;0.005678;-0.002158;0.004386
53;0.000421;-0.003529;0.000650
54;-0.005270;-0.004904;-0.001051
55;0.000161;-0.003689;-0.000158
56;-0.002701;-0.000942;-0.000342
57;0.002305;-0.002813;-0.000525
58;0.005530;-0.002245;0.001263
59;-0.002189;-0.002990;0.000541
60;0.003270;-0.001832;-0.003003
61;0.001767;-0.004924;0.002113
62;-0.004100;0.001379;-0.002359
63;-0.006196;-0.008111;0.002356
64;0.000926;-0.000813;0.002419
65;0.001769;-0.003753;0.003310
66;0.002126;-0.002062;0.002956
67;0.007198;-0.004049;0.001412
68;-0.004207;-0.002193;0.001077
69;-0.004802;-0.006296;-0.000663
70;-0.007186;-0.002717;-0.001334
71;0.003506;-0.003328;0.003548
72;0.008156;-0.001381;0.000693
73;-0.003490;-0.003923;0.001093
74;0.000524;-0.003539;-0.000896
75;0.007815;-0.002589;-0.000399
76;-0.002608;-0.003249;0.000970
77;0.007002;-0.001891;-0.000708
78;-0.004418;-0.003300;-0.000297
79;-0.003291;-0.003217;0.000763
80;-0.002815;-0.002785;0.001058
81;0.002905;-0.003747;0.001203
82;-0.001017;-0.001622;0.000374
83;-0.006243;-0.003742;0.002167
84;0.000423;-0.006111;-0.000451
85;-0.002824;-0.001352;-0.000446
86;-0.000665;-0.004664;0.001438
87;0.007372;-0.001203;0.000923
88;-0.001423;-0.004152;0.000465
89;-0.000463;-0.002352;0.000615
90;0.003813;-0.000763;0.000724
91;-0.003758;-0.003164;-0.001392
92;0.008938;0.000215;0.003686
93;0.006532;-0.009163;-0.001223
94;0.031707;-0.009065;-0.006927
95;-0.003078;-0.002018;-0.001429
96;0.033863;-0.011455;-0.001868
97;-0.005825;-0.046010;-0.012706
98;0.043094;0.022844;0.013504
99;0.112521;0.004791;-0.024267
100;-0.045702;-0.008738;-0.025025
101;-0.031847;0.009679;0.001532
102;0.050859;-0.005110;0.053584
103;0.031949;0.012078;0.028922
104;-0.017832;-0.027225;-0.002706
105;0.012644;0.009404;0.005568
106;0.058463;0.001962;0.033643
107;-0.003850;0.003519;0.026214
108;-0.106909;-0.019667;0.022974
109;-0.216549;-0.029266;0.051387
110;-0.239732;-0.059970;0.047782
111;-0.254371;-0.178319;0.073579
112;-0.179318;-0.290587;0.066345
113;0.025632;-0.111688;0.040476
114;0.200157;0.096351;0.091194
115;-0.153326;0.212492;-0.051624
116;-0.194898;0.189284;-0.013631
117;-0.058338;0.028066;-0.019151
118;0.012888;0.030092;-0.055347
119;0.011494;0.036084;-0.099963
120;0.099970;0.016072;-0.043290
121;0.286010;0.056487;-0.029014
122;0.298612;0.013121;-0.050743
123;0.184491;-0.001368;-0.091038
124;0.214980;-0.060666;-0.047476
125;0.231398;-0.063833;-0.019406
126;0.150493;-0.001655;-0.027168
127;-0.075016;-0.482090;-0.029809
128;-0.386335;0.106994;-0.013696
129;-0.027875;-0.271611;-0.070423
130;0.188617;0.187533;-0.073312
131;0.310607;0.094332;0.186008
132;0.052948;0.035651;0.233012
133;0.181452;-0.047829;0.051840
134;0.044154;-0.103169;-0.054903
135;-0.259069;0.055838;0.006901
136;-0.070929;-0.032744;0.063099
137;-0.004180;0.036817;0.047394
138;-0.021345;0.018068;-0.023566
139;-0.067987;-0.001788;-0.049687
140;-0.054859;0.007976;-0.005386
141;-0.164806;0.011219;0.025177
142;-0.230882;-0.050584;0.035182
143;-0.011875;-0.041786;0.057212
144;0.284121;-0.118104;0.023836
145;-0.058045;-0.210894;0.002860
146;-0.451003;-0.365563;0.100208
147;-0.446046;-0.277323;0.084657
148;-0.507808;-0.318981;0.012843
149;-0.740763;-0.200588;-0.149416
150;-0.467963;-0.396987;-0.003758
151;-0.002242;-0.132278;0.304064
152;-0.014695;-0.063006;0.082200
153;0.007555;0.303087;-0.013582
154;0.044613;0.231163;0.035381
155;-0.011778;0.409960;-0.084720
156;-0.031514;0.177197;-0.038811
157;0.365445;0.073895;-0.050863
158;0.401509;0.144763;-0.075632
159;0.494598;-0.115519;-0.012102
160;0.375135;-0.140867;-0.084694
161;0.252722;-0.056998;-0.129908
162;0.281666;-0.065896;-0.075288
163;0.311579;-0.007039;-0.075640
164;0.193998;-0.015640;0.012210
165;-0.277486;-0.558516;-0.391067
166;0.196511;0.032303;0.098565
167;0.292220;-0.208716;-0.251745
168;0.058238;0.276599;0.259064
169;0.139853;-0.084395;0.213237
170;-0.014143;0.045890;-0.082232
171;-0.063201;-0.113209;-0.058168
172;-0.030044;0.033651;0.015158
173;-0.005530;0.001888;0.057473
174;-0.101619;-0.011677;0.012917
175;-0.140731;0.000854;-0.054528
176;-0.093177;0.019047;-0.019385
177;-0.037979;0.007813;0.055683
178;-0.201833;0.001577;0.051873
179;-0.079818;-0.056810;0.028696
180;0.154282;-0.126406;0.020718
181;0.101242;-0.100961;0.076691
182;-0.190108;-0.230102;0.161208
183;-0.339892;-0.294810;0.095462
184;-0.550098;-0.393876;-0.002462
185;-0.855005;-0.381107;0.055501
186;-0.774480;-0.230686;0.116696
187;-0.261436;-0.267150;0.085122
188;-0.118236;-0.231717;0.255271
189;0.081670;0.131099;-0.009391
190;0.121860;0.194793;0.069956
191;0.015793;0.297265;0.062729
192;-0.087792;0.319972;-0.121864
193;0.106087;0.191841;-0.089839
194;0.405604;-0.061756;0.010345
195;0.620424;-0.015296;0.036487
196;0.503543;-0.093337;0.086391
197;0.291548;-0.072364;0.012370
198;0.396583;0.001531;-0.012257
199;0.302987;-0.034715;-0.046908
200;-0.398791;-1.045726;-0.658663
201;-0.126813;0.323472;-0.024938
202;0.829410;0.009505;-0.020106
203;0.668166;0.114771;0.293134
204;0.484777;-0.038953;0.230522
205;-0.228435;-0.064522;-0.127198
206;-0.457704;-0.053297;-0.023844
207;0.148127;-0.022125;0.075327
208;0.367171;0.056866;0.114750
209;-0.120955;-0.040918;0.001612
210;-0.548415;-0.038605;0.009926
211;-0.220748;-0.010869;-0.005389
212;-0.147022;-0.019864;0.107157
213;-0.318710;-0.123499;0.074683
214;-0.195707;-0.148714;0.052666
215;-0.237282;-0.336868;0.101019
216;-0.644411;-0.542293;0.054268
217;-0.769514;-0.733434;-0.006085
218;-0.753786;-0.390335;0.037520
219;-0.219471;-0.385734;0.096234
220;-0.087421;-0.081103;0.274306
221;-0.030737;0.242714;-0.033499
222;0.136850;0.478580;-0.075236
223;0.134571;0.452518;-0.012351
224;-0.133793;0.559741;-0.216965
225;-0.095776;0.153857;0.061355
226;0.597799;-0.214000;0.124270
227;0.592089;-0.075527;-0.065443
228;0.400605;-0.238649;0.067980
229;0.350112;-0.060701;0.083784
230;0.553730;0.031452;0.018801
231;0.189931;-0.479614;0.219145
232;-0.763075;-0.515774;-0.399208
233;0.563242;0.386926;0.021372
234;0.768055;0.064382;-0.114643
235;0.509742;0.095260;0.387824
236;0.250970;-0.051616;0.278365
237;-0.250307;-0.055254;-0.065418
238;-0.454146;-0.000535;-0.187530
239;-0.097240;-0.071981;-0.034597
240;0.262545;0.100249;0.154931
241;-0.074772;-0.019461;0.023607
242;-0.565264;-0.051362;-0.107972
243;-0.222522;-0.065461;0.045665
244;0.038076;-0.032506;0.112922
245;-0.105203;-0.277719;0.066964
246;-0.256800;-0.370746;0.013330
247;-0.594958;-0.603400;0.038666
248;-0.680815;-0.713485;0.041701
249;-0.971991;-0.292939;0.055962
250;-0.441350;-0.530238;0.098712
251;-0.124452;-0.324396;0.261034
252;-0.245939;0.213237;0.040581
253;0.055796;0.426362;-0.081528
254;-0.000254;0.329414;-0.002143
255;-0.067275;0.461602;-0.118619
256;0.020829;0.408020;-0.147806
257;0.636124;-0.173154;0.099232
258;0.872836;-0.055587;0.004564
259;0.703301;-0.192497;0.091380
260;-0.002730;-0.154670;-0.184529
261;0.319661;-0.177389;0.034994
262;0.242589;-0.527384;0.275251
263;-0.422052;-0.260400;-0.071230
264;0.575288;0.256743;0.248246
265;0.551824;0.060491;0.032058
266;0.574102;-0.050331;0.246644
267;-0.187994;0.057109;-0.001871
268;-0.556314;-0.008009;0.032405
269;-0.130484;0.020904;0.064379
270;0.437656;-0.074601;-0.070547
271;-0.120820;-0.015505;-0.003754
272;-0.413120;-0.068272;0.003118
273;-0.211241;-0.066519;0.017592
274;-0.041320;-0.136399;0.047053
275;-0.315109;-0.292277;-0.021175
276;-0.451257;-0.329316;0.016587
277;-0.338362;-0.461974;0.104904
278;-0.584244;-0.684578;0.117797
279;-0.868074;-0.381933;-0.046252
280;-0.250372;-0.461958;0.159105
281;-0.147580;-0.338947;0.206438
282;-0.219349;0.167065;0.044849
283;-0.074645;0.335512;-0.061913
284;-0.053690;0.369562;-0.032767
285;-0.110172;0.448120;-0.187531
286;0.147969;0.315950;-0.049746
287;0.688305;-0.060017;0.000887
288;0.621574;-0.167779;0.001073
289;0.596230;-0.210201;0.050567
290;0.222031;-0.062193;0.040295
291;0.414944;-0.108082;0.011149
292;0.401452;-0.157419;0.114111
293;-0.696360;-0.591358;-0.739247
294;0.099946;0.316031;0.128624
295;0.684816;0.043173;-0.127392
296;0.830675;0.099914;0.334638
297;0.530259;0.010098;0.171683
298;-0.297059;-0.178808;-0.112592
299;-0.606672;-0.017261;0.004934
300;0.094909;0.036809;0.059549
301;0.350038;0.052288;0.089448
302;-0.105517;0.002958;0.049574
303;-0.594460;-0.009333;-0.020878
304;-0.212372;-0.134723;0.036583
305;0.006606;-0.124301;0.088111
306;-0.128437;-0.307194;-0.001619
307;-0.523748;-0.352116;-0.003825
308;-0.663075;-0.755825;0.058453
309;-0.718866;-0.683484;0.134493
310;-0.834576;-0.195449;0.064812
311;-0.312642;-0.435785;0.154126
312;-0.205431;-0.458884;0.271962
313;-0.088398;0.123551;-0.097354
314;0.086625;0.504053;-0.077543
315;0.007749;0.359844;-0.001610
316;-0.163677;0.516799;-0.111308
317;0.099673;0.194285;0.010109
318;0.787254;-0.233776;0.112830
319;0.708471;0.106911;-0.019366
320;0.562648;-0.330458;0.033386
321;0.260345;-0.096099;-0.119977
322;0.329101;-0.070608;-0.199061
323;-0.019220;-0.642541;0.177782
324;-0.770851;-0.174473;-0.192856
325;0.636982;0.279219;0.424266
326;1.018457;0.162429;-0.115430
327;0.771712;-0.029397;0.344397
328;-0.169822;-0.035535;0.010460
329;-0.637644;-0.114309;0.001825
330;-0.087678;0.056381;0.006191
331;0.279666;0.034225;0.131909
332;-0.147448;-0.023209;-0.002056
333;-0.317041;-0.061939;-0.108315
334;-0.263204;-0.075378;-0.056755
335;-0.186950;-0.137884;0.112504
336;-0.241392;-0.268829;0.073645
337;-0.377815;-0.354879;0.003876
338;-0.520773;-0.680935;0.098223
339;-0.913647;-0.688700;0.140293
340;-0.914219;-0.385235;0.010427
341;-0.179777;-0.599913;0.209413
342;-0.029702;-0.205962;0.214207
343;-0.066059;0.290972;0.016035
344;-0.076243;0.458840;-0.068504
345;-0.022187;0.500187;0.039533
346;-0.083043;0.449778;-0.114265
347;0.052467;0.329061;0.089690
348;0.780725;-0.088319;0.121808
349;0.577808;-0.073613;-0.055724
350;0.535537;-0.386295;0.192400
351;0.125075;-0.149558;-0.079098
352;0.285438;0.027408;-0.095257
353;0.205876;-0.636797;0.186673
354;-0.719768;-0.284948;-0.302527
355;0.359553;0.378289;0.399066
356;0.757884;0.246898;0.252937
357;1.018857;0.074845;0.176386
358;0.025303;-0.106852;-0.152468
359;-0.652176;-0.203344;-0.034378
360;-0.123681;0.106899;0.061420
361;0.419434;0.005135;0.001480
362;0.011551;0.024754;-0.016066
363;-0.407034;-0.071580;0.034045
364;-0.245024;-0.014695;-0.048885
365;-0.301699;-0.130309;-0.012538
366;-0.169295;-0.231446;0.128802
367;-0.198565;-0.247372;0.027630
368;-0.371990;-0.389226;-0.031876
369;-0.615947;-0.760711;0.037498
370;-0.897110;-0.664567;-0.081010
371;-0.461078;-0.491162;0.035917
372;-0.186030;-0.573483;0.184541
373;-0.066237;0.029731;0.154560
374;-0.118885;0.337729;-0.095863
375;-0.053539;0.429673;-0.011421
376;0.082004;0.391107;0.023510
377;0.034766;0.483432;-0.028366
378;0.351088;0.238860;-0.000364
379;0.691169;0.032505;0.136050
380;0.561107;-0.163404;0.105497
381;0.327152;-0.137263;-0.001303
382;0.069311;-0.065290;-0.078251
383;0.457999;-0.045695;-0.091112
384;-0.019309;-0.914390;0.276277
385;-0.837518;0.056660;-0.023622
386;0.474553;0.393002;0.442742
387;1.149687;-0.058580;-0.037569
388;0.715336;0.282789;0.370771
389;0.210802;-0.246366;0.013294
390;-0.532675;-0.060682;-0.165996
391;-0.593945;0.041999;0.150815
392;0.056451;0.076785;0.076389
393;0.216521;0.032758;0.025695
394;-0.232167;-0.042358;-0.040481
395;-0.381531;-0.012925;-0.124638
396;-0.095684;-0.167575;0.046958
397;0.029612;-0.233128;0.090875
398;-0.355715;-0.400579;0.078982
399;-0.583325;-0.699637;0.123038
400;-0.826174;-0.804520;-0.033394
401;-0.902807;-0.388098;-0.018459
402;-0.266208;-0.341521;0.122822
403;-0.082861;-0.399189;0.172300
404;-0.119033;0.214158;0.015044
405;-0.057694;0.435493;-0.125599
406;-0.040311;0.449582;-0.014746
407;-0.226535;0.411843;-0.100441
408;-0.163128;0.371800;-0.026753
409;0.563492;-0.187668;0.061828
410;0.555458;0.066044;-0.037484
411;0.593324;-0.368882;0.119406
412;0.169789;-0.098014;0.029070
413;0.363622;-0.044108;0.055259
414;0.536491;-0.122244;0.058417
415;-0.181678;-0.813441;-0.579970
416;0.277443;0.560226;0.023082
417;0.894464;0.025926;-0.010907
418;0.710898;0.007397;0.195434
419;0.330512;-0.053080;0.145076
420;-0.492770;-0.052934;-0.025572
421;-0.460900;0.062049;0.090868
422;0.094986;-0.032809;0.028172
423;0.086925;0.088426;-0.024829
424;-0.168134;-0.049187;0.000983
425;-0.227822;0.000422;-0.098504
426;-0.156186;-0.171344;0.012668
427;-0.199843;-0.242318;0.117907
428;-0.279269;-0.425820;0.107827
429;-0.695211;-0.583083;0.139534
430;-0.749076;-0.746593;-0.033400
431;-0.828554;-0.437990;-0.150007
432;-0.217991;-0.202658;0.033863
433;-0.024448;-0.553583;0.224610
434;-0.188465;0.103867;0.007772
435;0.041653;0.412650;-0.161031
436;-0.051996;0.401810;-0.024085
437;-0.219848;0.429409;-0.021583
438;-0.141494;0.416440;-0.002503
439;0.581507;0.003172;0.099638
440;0.578914;0.233307;-0.007197
441;0.661824;-0.351290;0.130489
442;0.218061;-0.052696;0.037665
443;0.152850;-0.113347;-0.081159
444;0.356014;-0.005565;-0.126477
445;-0.088231;-1.463275;-0.961699
446;-0.323096;0.179222;-0.212512
447;0.821090;-0.049278;0.095836
448;0.643158;0.295823;0.499960
449;0.269968;0.111000;0.189291
450;-0.369308;-0.124242;-0.088679
451;-0.063727;0.017433;-0.013252
452;0.340396;0.052731;0.096570
453;-0.000734;-0.039141;0.011725
454;-0.293755;-0.030213;-0.042798
455;-0.170829;-0.082412;0.026253
456;-0.083013;0.013036;-0.104465
457;-0.566208;-0.257341;-0.067538
458;-0.249800;-0.313728;0.019759
459;-0.224608;-0.323896;-0.013482
460;-0.623736;-0.657959;0.085868
461;-0.886182;-0.735261;0.186023
462;-0.798116;-0.362208;0.093182
463;-0.228625;-0.742073;0.117651
464;-0.115737;-0.148439;0.139593
465;-0.124001;0.280039;-0.002901
466;-0.194498;0.301697;-0.057513
467;0.078991;0.341042;0.027222
468;0.184257;0.400355;-0.041084
469;0.281346;0.542799;-0.045069
470;0.564857;0.111818;-0.104161
471;0.410849;-0.220921;-0.149455
472;0.518646;-0.439563;0.015732
473;0.124864;0.072376;0.041522
474;0.757032;-0.028784;0.207615
475;0.213506;-1.346711;-0.022626
476;-0.707117;0.280127;0.173692
477;0.493851;0.260018;-0.081263
478;0.545197;-0.104297;0.385994
479;0.906649;0.194712;0.248618
480;0.055424;-0.049753;-0.038781
481;-0.461519;-0.181261;-0.025409
482;-0.073448;0.123897;0.059331
483;0.240925;-0.024494;0.054666
484;-0.243761;0.032426;0.053417
485;-0.400853;-0.103271;-0.045733
486;-0.218885;-0.037051;-0.062230
487;-0.032362;-0.173369;0.132666
488;-0.262634;-0.257822;0.030048
489;-0.514666;-0.383231;0.010481
490;-0.767474;-0.714205;0.036376
491;-0.805536;-0.743259;-0.221088
492;-0.712983;-0.432532;-0.013551
493;-0.162096;-0.389526;0.245582
494;-0.059695;-0.288076;0.150732
495;-0.204503;0.220318;-0.081410
496;0.049165;0.592654;-0.063194
497;0.012716;0.392180;-0.057899
498;-0.170472;0.462189;-0.056475
499;0.130066;0.121209;0.076445
500;0.627083;-0.058208;0.151696
501;0.650074;0.012822;-0.132733
502;0.530534;-0.240775;0.070512
503;0.134395;-0.141646;-0.014490
504;0.421203;0.007416;-0.067394
505;0.068547;-1.076779;0.265558
506;-0.645340;0.140709;-0.115534
507;0.411660;0.245358;0.482030
508;1.116767;0.011477;-0.007306
509;0.779406;0.282299;0.219932
510;-0.006876;-0.314291;0.027148
511;-0.576056;0.007920;-0.123523
512;-0.014186;0.007087;0.141442
513;0.247702;0.058871;0.108618
514;-0.375572;-0.022364;-0.018171
515;-0.609921;-0.093649;-0.033878
516;-0.295283;0.031368;-0.033076
517;0.066691;-0.146666;-0.019827
518;0.054363;-0.255805;0.035160
519;-0.446160;-0.272737;0.020560
520;-0.576908;-0.570492;0.218220
521;-0.801091;-0.732901;0.025385
522;-0.978461;-0.590613;-0.022134
523;-0.488359;-0.419523;0.055874
524;0.005332;-0.413663;0.252180
525;-0.152245;0.027767;0.000220
526;0.116113;0.451506;-0.104102
527;0.066941;0.413065;-0.047130
528;0.030233;0.557409;-0.112722
529;0.095412;0.372117;0.006145
530;0.611569;-0.003066;0.096753
531;0.426594;0.096046;-0.153286
532;0.584487;-0.371946;0.113122
533;0.256885;-0.070949;0.046428
534;0.473221;0.044368;0.038875
535;0.214759;-0.859996;0.363158
536;-0.684788;-0.198866;-0.345558
537;0.521314;0.437852;0.317801
538;0.759043;0.082429;-0.029918
539;0.835337;0.116308;0.250280
540;0.284130;-0.038930;0.142492
541;-0.430342;-0.155998;-0.066284
542;-0.615968;0.058431;0.048010
543;0.040994;0.028197;0.109431
544;0.297351;0.021860;-0.022559
545;-0.314740;-0.019368;0.008080
546;-0.384064;-0.070585;-0.124352
547;0.084165;-0.100400;-0.014899
548;-0.093585;-0.193451;0.059252
549;-0.264305;-0.341707;0.014289
550;-0.467967;-0.357724;0.063605
551;-0.669488;-0.736408;0.031462
552;-0.958785;-0.672756;-0.125283
553;-0.595122;-0.411373;0.037974
554;-0.166074;-0.583543;0.266071
555;-0.073627;-0.127739;0.057878
556;-0.185606;0.258334;-0.121630
557;-0.051268;0.475530;-0.082539
558;0.067854;0.309341;-0.016568
559;-0.072229;0.463226;-0.055858
560;0.208960;0.301246;0.037692
561;0.705971;0.060869;0.072773
562;0.529637;-0.061047;-0.132651
563;0.428408;-0.352333;0.046449
564;-0.033515;-0.116449;-0.032504
565;0.499908;0.038401;0.026353
566;0.407227;-1.510541;-0.729664
567;-0.215907;0.397134;-0.179504
568;0.954709;0.051561;0.092946
569;0.545754;-0.063213;0.191278
570;0.419033;0.080911;0.319342
571;-0.182490;-0.081987;-0.140110
572;-0.432825;-0.109152;-0.014185
573;-0.060205;0.084110;0.079347
574;0.222713;0.043684;0.036769
575;-0.106957;-0.038036;-0.002293
576;-0.376253;-0.013896;-0.032728
577;-0.364875;-0.060779;-0.084839
578;-0.095056;-0.173021;0.055212
579;-0.095280;-0.290764;0.123882
580;-0.383241;-0.380567;0.024526
581;-0.708747;-0.762044;0.085635
582;-1.078378;-0.794321;-0.052127
583;-0.710369;-0.406108;0.048167
584;-0.156290;-0.418928;0.138296
585;-0.018044;-0.233608;0.099660
586;-0.177014;0.257598;-0.093565
587;-0.093889;0.475017;-0.088618
588;0.111899;0.368333;0.017381
589;-0.038506;0.464041;-0.224068
590;0.194999;0.269577;0.071218
591;0.701086;-0.041753;0.030074
592;0.478461;-0.192788;-0.144348
593;0.381865;-0.334875;-0.023148
594;0.148797;-0.052226;0.063020
595;0.726054;0.030629;0.117835
596;0.312680;-0.592065;0.221430
597;-0.795618;-0.314573;-0.123889
598;0.576624;0.359449;0.313489
599;0.678883;-0.138723;-0.244934
600;0.531538;0.176324;0.204667
601;0.130770;-0.090257;0.238914
602;-0.224283;-0.085299;0.037125
603;-0.507433;0.072277;-0.110751
604;-0.240639;-0.023324;0.088593
605;0.135748;0.115504;0.155128
606;0.031194;-0.078036;-0.203390
607;-0.497261;-0.082480;-0.020383
608;-0.197334;-0.052673;-0.030233
609;0.029517;-0.277606;0.082123
610;-0.128944;-0.351699;0.102499
611;-0.789171;-0.728843;0.215522
612;-0.966919;-0.802505;-0.101528
613;-1.014462;-0.454082;-0.034405
614;-0.465289;-0.505065;0.073366
615;-0.028303;-0.432800;0.143597
616;-0.145654;0.092466;-0.051292
617;0.108086;0.471658;-0.090819
618;0.039612;0.455919;-0.086786
619;-0.184625;0.563538;-0.100041
620;-0.102029;0.463731;-0.096430
621;0.797899;-0.256705;0.191877
622;0.672899;0.086454;-0.118173
623;0.659106;-0.452031;0.053541
624;0.190573;0.036206;0.051999
625;0.688191;-0.040735;0.119026
626;0.137307;-1.635107;-1.013391
627;-0.232359;0.556637;-0.070647
628;0.866853;0.109503;-0.022102
629;0.690993;-0.079816;0.350154
630;0.630642;0.171224;0.140327
631;-0.193594;-0.179004;-0.122635
632;-0.690053;0.036766;0.082704
633;-0.071582;0.007147;0.095803
634;0.228910;0.047700;-0.005361
635;-0.079263;-0.019462;-0.050852
636;-0.238479;-0.046626;-0.016701
637;0.104011;-0.076390;-0.039798
638;-0.256957;-0.097696;-0.067325
639;-0.477062;-0.362328;0.090793
640;-0.203134;-0.339256;0.124095
641;-0.580904;-0.756265;0.065819
642;-0.913481;-1.036855;0.036363
643;-0.741029;-0.352121;0.007455
644;-0.162680;-0.390148;0.121913
645;0.008866;-0.322734;0.076595
646;-0.210486;0.317533;-0.115799
647;-0.256892;0.496910;-0.204446
648;-0.087727;0.367490;-0.052559
649;-0.068326;0.308374;-0.074430
650;0.266372;0.379765;0.030437
651;0.778780;-0.034205;-0.053135
652;0.452127;0.016526;-0.044154
653;0.430146;-0.358958;-0.006634
654;0.174397;-0.060564;0.043783
655;0.551639;-0.010067;-0.039816
656;-0.177447;-1.350014;0.136529
657;-0.626837;0.293646;0.118365
658;0.853845;0.196140;0.473596
659;0.925897;0.240071;0.227817
660;0.652934;-0.032417;0.224000
661;-0.219694;-0.110978;-0.054090
662;-0.614254;-0.070855;-0.012169
663;-0.057203;0.076452;0.066607
664;0.390744;0.024590;0.092503
665;-0.075155;-0.021382;-0.028129
666;-0.353282;-0.051019;-0.085197
667;-0.344159;-0.041480;-0.071681
668;-0.150095;-0.207044;0.069410
669;-0.104707;-0.307384;0.076965
670;-0.465083;-0.350839;-0.005496
671;-0.672246;-0.698885;0.127172
672;-0.846449;-0.817525;-0.050842
673;-0.697917;-0.436439;-0.044601
674;-0.083756;-0.253628;0.170251
675;-0.195524;-0.333456;0.288844
676;-0.261291;0.269580;-0.222869
677;-0.064615;0.504961;-0.163767
678;-0.143958;0.301587;-0.063960
679;-0.157462;0.357672;-0.099936
680;0.356286;0.114662;0.028674
681;0.565763;0.017708;0.041267
682;0.664540;-0.129546;-0.077479
683;0.584051;-0.191616;0.010968
684;0.092103;-0.104558;0.053639
685;0.443903;0.039742;0.020544
686;0.164221;-1.236275;0.156682
687;-0.817882;-0.003720;-0.026556
688;0.426891;0.330710;0.412697
689;0.784733;0.147098;0.192657
690;0.827664;0.105569;0.246137
691;-0.062537;-0.008622;-0.020900
692;-0.648015;-0.177464;0.006311
693;-0.160661;0.094360;0.070726
694;0.410472;-0.023504;0.054146
695;0.046521;0.055993;-0.036731
696;-0.469805;-0.082976;-0.039951
697;-0.306431;-0.037525;-0.052637
698;-0.071888;-0.137365;0.002239
699;-0.140396;-0.310528;0.053858
700;-0.316484;-0.284440;-0.024323
701;-0.472976;-0.443356;0.116200
702;-0.671051;-0.761242;0.017788
703;-0.885209;-0.608886;-0.076493
704;-0.431292;-0.293133;0.017970
705;-0.069560;-0.590579;0.278429
706;-0.127112;0.072090;0.092661
707;-0.204600;0.422505;-0.219197
708;-0.115105;0.461242;-0.194807
709;-0.057887;0.327936;-0.122946
710;-0.038946;0.356190;-0.072568
711;0.752749;-0.133171;0.147794
712;0.651952;0.086064;-0.105764
713;0.499247;-0.353930;-0.055904
714;0.198844;-0.056826;0.075840
715;0.534361;-0.006753;0.055630
716;0.698138;0.041859;0.086260
717;-0.104692;-1.053452;-0.623847
718;0.018506;0.309642;-0.017704
719;0.744066;0.008683;-0.417957
720;0.436846;0.103254;0.321033
721;0.438046;0.124975;0.213402
722;-0.144409;-0.165245;-0.185001
723;-0.549807;-0.014473;0.024179
724;-0.087592;0.128609;0.205338
725;0.339476;-0.041199;-0.050050
726;-0.164624;-0.075135;-0.079870
727;-0.301158;-0.033738;-0.040190
728;0.074097;-0.062008;-0.057775
729;-0.284288;-0.213996;0.030903
730;-0.286192;-0.359392;0.005744
731;-0.336876;-0.372896;0.045676
732;-0.670072;-0.830428;0.146289
733;-1.103589;-0.675667;-0.024670
734;-0.730704;-0.385076;0.060684
735;-0.113728;-0.425257;0.137183
736;0.049862;-0.264736;0.026420
737;-0.119040;0.279440;-0.104459
738;-0.140998;0.541521;-0.144200
739;-0.005963;0.410843;-0.059896
740;-0.037579;0.309697;-0.035094
741;0.342146;0.375138;0.074468
742;0.705314;-0.058290;0.013822
743;0.368691;-0.097707;-0.115127
744;0.395591;-0.335716;0.009674
745;0.204548;-0.043145;-0.053230
746;0.485335;0.068885;0.007237
747;-0.039745;-1.666217;-0.193573
748;-0.431765;0.602145;0.154610
749;0.899835;0.104237;0.309317
750;0.808614;-0.062530;0.274193
751;0.618084;0.137766;0.177417
752;-0.153001;-0.154189;-0.059739
753;-0.453885;-0.105353;-0.098652
754;-0.077580;0.086671;0.042207
755;0.184525;0.034234;0.119092
756;-0.184580;-0.016572;0.007680
757;-0.437116;-0.063271;-0.095407
758;-0.285753;-0.031314;-0.052741
759;0.013628;-0.171986;0.022543
760;-0.144012;-0.319255;0.047036
761;-0.568524;-0.390325;0.022806
762;-0.691488;-0.808335;0.072660
763;-0.902804;-0.720548;-0.114792
764;-0.720832;-0.359947;0.064583
765;-0.144962;-0.394853;0.173992
766;0.054247;-0.379366;0.100249
767;-0.165019;0.307867;-0.103786
768;-0.173114;0.544062;-0.237694
769;-0.033349;0.392996;-0.040449
770;-0.090992;0.279667;-0.058913
771;0.265083;0.366400;0.081686
772;0.755595;-0.039987;-0.037434
773;0.520012;-0.055853;-0.145203
774;0.460281;-0.351930;-0.099431
775;0.036053;-0.072120;0.011973
776;0.535248;-0.035238;0.029146
777;0.032052;-1.479459;-0.335116
778;-0.444943;0.320833;0.068743
779;0.652605;0.215873;0.268634
780;0.917579;-0.022823;0.261460
781;0.627602;0.090516;0.206025
782;-0.322320;-0.184744;-0.100153
783;-0.744786;0.029181;0.036840
784;-0.033905;0.058411;0.107509
785;0.306807;0.083294;0.024261
786;-0.014896;-0.048373;-0.104391
787;-0.212090;-0.069297;-0.068974
788;-0.000478;0.016772;-0.108302
789;-0.108945;-0.216074;-0.008627
790;-0.115757;-0.307573;0.010482
791;-0.311591;-0.311310;0.032696
792;-0.563420;-0.663660;0.139821
793;-0.899081;-0.716938;-0.092435
794;-0.952578;-0.467189;-0.031197
795;-0.459303;-0.377436;0.036482
796;-0.053913;-0.495960;0.222588
797;-0.258449;0.011627;-0.070451
798;0.064147;0.464530;-0.128945
799;0.115414;0.194721;0.004669
800;-0.052309;0.513721;-0.070851
801;0.035006;0.403389;-0.013572
802;0.443790;-0.032119;-0.039153
803;0.489420;-0.001942;-0.035711
804;0.645982;-0.294964;0.050212
805;0.249940;0.017033;0.037116
806;0.540284;-0.092151;0.062203
807;0.514886;0.056168;-0.098820
808;-0.581317;-1.866509;-0.808452
809;-0.483164;0.617948;0.071359
810;1.026956;0.052433;0.303484
811;1.196925;0.234297;0.402524
812;0.376668;0.107548;0.251112
813;-0.450834;-0.359186;-0.135685
814;-0.532682;0.040874;-0.031423
815;0.234756;0.066137;0.127804
816;0.286678;0.030232;0.011864
817;-0.324977;-0.063978;-0.063197
818;-0.440122;-0.011396;-0.148591
819;-0.079207;-0.115861;0.007286
820;-0.110664;-0.236800;0.028969
821;-0.326019;-0.364330;-0.055609
822;-0.512317;-0.333592;0.019825
823;-0.653073;-0.776905;0.018375
824;-0.711117;-0.760726;-0.087494
825;-0.561897;-0.399433;0.043428
826;-0.171564;-0.470716;0.210037
827;-0.145474;-0.178290;0.093762
828;-0.366254;0.364644;-0.325926
829;-0.153166;0.503127;-0.243017
830;-0.140976;0.249375;-0.164479
831;-0.019029;0.317915;-0.051040
832;0.583757;0.040470;0.101335
833;0.727190;0.244248;-0.007847
834;0.498092;-0.225428;-0.166011
835;0.237747;-0.257587;0.040332
836;0.295135;-0.063767;0.094775
837;0.635984;0.079305;0.081372
838;0.186927;-1.322429;-0.013024
839;-0.532581;0.233527;0.187004
840;0.568575;0.252350;0.078382
841;0.335281;-0.032686;0.323659
842;0.726741;0.109509;0.227627
843;0.096836;-0.146112;-0.178351
844;-0.535455;-0.093674;-0.117257
845;-0.104425;0.049925;0.105951
846;0.272112;0.017777;0.067633
847;-0.134224;-0.003201;-0.062776
848;-0.390986;-0.069759;-0.066875
849;-0.072566;-0.035697;-0.088893
850;-0.224051;-0.273476;-0.002268
851;-0.290821;-0.337911;-0.011587
852;-0.507338;-0.325237;0.041794
853;-0.450352;-0.751394;0.141039
854;-0.921899;-0.674954;-0.073407
855;-0.765170;-0.550468;0.060486
856;-0.247206;-0.607981;0.169720
857;-0.047052;-0.165144;0.076111
858;-0.116373;0.302967;-0.097428
859;-0.234006;0.435286;-0.171423
860;-0.018637;0.430476;-0.054950
861;0.096895;0.261242;-0.044883
862;0.436371;0.371940;0.087306
863;0.816533;0.286646;-0.045810
864;0.509040;-0.378642;-0.202910
865;0.361059;-0.213087;0.051792
866;0.161556;-0.103360;-0.066729
867;0.563420;0.043344;0.087261
868;0.112837;-1.480671;-0.354823
869;-0.440524;0.396066;0.203250
870;0.767863;0.123414;-0.030168
871;0.550444;-0.040554;0.315043
872;0.618222;0.118893;0.171289
873;-0.133962;-0.114531;-0.110205
874;-0.411476;-0.132987;0.010221
875;-0.063100;0.099651;0.042407
876;0.249115;0.003214;0.043458
877;-0.017263;-0.047516;-0.042067
878;-0.232581;-0.010735;-0.076939
879;-0.209427;-0.065093;-0.047989
880;-0.029580;-0.189074;0.048849
881;-0.286410;-0.219299;0.021405
882;-0.193527;-0.329947;0.006865
883;-0.370724;-0.571581;0.088627
884;-0.919788;-0.602961;-0.007757
885;-1.205789;-0.515724;-0.042060
886;-0.564745;-0.502129;0.087916
887;0.094153;-0.551685;0.171560
888;-0.093755;-0.011105;0.073077
889;-0.172739;0.363981;-0.141854
890;0.079610;0.424142;0.009939
891;0.069461;0.280981;-0.094180
892;0.038244;0.606269;-0.086799
893;0.358170;0.048077;-0.126400
894;0.648482;-0.054826;0.008984
895;0.713262;-0.338465;-0.064857
896;0.160281;-0.045916;-0.092465
897;0.642327;-0.099456;0.133236
898;0.601046;-0.075835;0.146790
899;-0.689745;-0.948437;-0.530298
900;0.250176;0.468608;0.062358
901;0.745434;0.219998;-0.246019
902;0.925700;-0.025542;0.318821
903;0.360967;0.124692;0.123106
904;-0.339467;-0.277121;-0.143818
905;-0.550775;0.029141;0.028401
906;0.154834;0.070285;0.086856
907;0.361129;0.006369;0.002156
908;-0.145540;-0.057787;-0.053929
909;-0.513332;-0.013593;-0.067359
910;-0.269589;-0.102446;-0.019477
911;-0.064206;-0.206258;0.081493
912;-0.324859;-0.290265;-0.001180
913;-0.504947;-0.393980;0.014337
914;-0.611948;-0.818524;0.041588
915;-0.982739;-0.717300;0.050439
916;-0.639881;-0.402237;0.046273
917;-0.163044;-0.614564;0.131281
918;-0.020430;0.001756;0.067841
919;-0.145897;0.329885;-0.154545
920;-0.085679;0.444115;-0.125775
921;0.032154;0.332092;-0.094216
922;0.015586;0.453952;-0.057037
923;0.431835;0.296049;-0.030311
924;0.605742;0.106336;-0.052283
925;0.375328;-0.295437;-0.262911
926;0.330413;-0.393937;0.032162
927;0.249383;0.008894;0.019374
928;0.688402;0.052097;0.068760
929;0.447596;-1.770225;-0.463804
930;-0.450249;0.313858;0.009925
931;0.627882;0.095341;-0.075703
932;0.620671;-0.093974;0.214176
933;0.673015;0.183709;0.265000
934;-0.120752;-0.071846;-0.038263
935;-0.437526;-0.121653;-0.056922
936;-0.117465;0.109101;0.148827
937;-0.089479;0.055579;0.185398
938;-0.346327;-0.042164;-0.088267
939;-0.418760;-0.001618;-0.076129
940;-0.064384;0.037521;-0.033071
941;0.159360;-0.126993;-0.076660
942;-0.167356;-0.179958;-0.093615
943;-0.381391;-0.361479;0.010581
944;-0.307012;-0.370782;0.055063
945;-0.717012;-0.755904;-0.047406
946;-1.071770;-0.731400;-0.023698
947;-0.535352;-0.383211;0.023846
948;0.065902;-0.692008;0.195616
949;-0.128045;-0.001584;0.168355
950;-0.245601;0.404750;-0.191705
951;-0.051316;0.505192;-0.050706
952;0.055062;0.178378;-0.009932
953;0.099580;0.493746;-0.038490
954;0.543416;0.195432;-0.122618
955;0.601999;0.120308;-0.118929
956;0.571087;-0.432423;0.005828
957;0.419129;-0.118308;0.002067
958;0.502256;-0.034381;0.094065
959;0.604767;-0.013036;0.132480
960;-0.634874;-1.133475;-0.872406
961;0.142538;0.412227;-0.070517
962;0.753267;0.064352;-0.198321
963;0.789799;0.051797;0.428983
964;0.534735;0.095922;0.108005
965;-0.287067;-0.217749;-0.187440
966;-0.535773;-0.002013;0.020379
967;0.190632;0.058924;0.112611
968;0.334890;0.028611;0.006297
969;-0.250479;-0.052602;-0.005045
970;-0.488641;-0.010190;-0.114460
971;-0.258629;-0.050571;-0.029983
972;-0.060163;-0.162462;0.139187
973;-0.215115;-0.316327;-0.026380
974;-0.466967;-0.424163;-0.017462
975;-0.635082;-0.644295;-0.007583
976;-0.767651;-0.748197;-0.034918
977;-0.711249;-0.381165;0.151419
978;-0.286472;-0.640633;0.249505
979;-0.006623;-0.096902;0.006806
980;-0.121000;0.301498;-0.178614
981;-0.009402;0.481378;-0.162523
982;0.073651;0.351246;-0.036485
983;-0.078973;0.526125;-0.127845
984;0.261901;0.237224;-0.068508
985;0.569208;0.097224;-0.066194
986;0.523361;-0.315070;-0.079789
987;0.557524;-0.254260;0.234859
988;0.258873;-0.039927;0.030756
989;0.531187;0.006243;0.002172
990;-0.061906;-1.495872;0.214426
991;-1.034723;0.335852;-0.107266
992;0.692999;0.229182;0.351233
993;0.918142;0.030182;0.312192
994;0.981141;0.259385;0.410001
995;-0.057024;-0.144655;-0.004502
996;-0.844125;-0.147047;-0.101813
997;-0.205640;0.137524;0.105530
998;0.562858;0.005386;0.108252
999;-0.099174;0.003832;-0.023022
1000;-0.563107;-0.091723;-0.048945
1001;-0.202804;0.023629;-0.116066
1002;-0.144528;-0.086608;-0.023241
1003;-0.127239;-0.198698;0.063853
1004;-0.154511;-0.283676;0.001037
1005;-0.367377;-0.414420;0.008817
1006;-0.693409;-0.762779;-0.004205
1007;-0.931891;-0.818147;-0.098441
1008;-0.618315;-0.347349;-0.019668
1009;-0.157924;-0.562390;0.206267
1010;0.000658;-0.114752;0.014419
1011;-0.163835;0.357816;-0.190414
1012;-0.121011;0.509536;-0.188734
1013;0.055770;0.386452;-0.078257
1014;0.010128;0.372063;-0.111815
1015;0.330971;0.270630;0.016383
1016;0.737549;0.084234;-0.064121
1017;0.386141;-0.324297;-0.072117
1018;0.346621;-0.319703;0.160205
1019;0.376107;-0.007198;0.061028
1020;0.592417;0.024304;0.082615
1021;-0.044242;-1.682574;-0.481771
1022;-0.507266;0.559138;0.254905
1023;0.876592;0.153489;0.131401
1024;0.704883;-0.116238;0.077356
1025;0.541478;0.176909;0.359375
1026;0.014502;-0.171606;-0.010966
1027;-0.530939;-0.027973;-0.105464
1028;-0.464920;0.067004;0.129582
1029;0.181193;0.061143;0.059349
1030;0.295837;0.018328;-0.033600
1031;-0.231224;-0.048520;-0.050724
1032;-0.372721;-0.067218;-0.117889
1033;-0.159352;-0.171555;0.079656
1034;-0.143657;-0.276995;0.054175
1035;-0.400508;-0.332124;-0.048320
1036;-0.513756;-0.603281;0.126662
1037;-0.680488;-0.588476;0.163864
1038;-0.828284;-0.475581;-0.025698
1039;-0.215390;-0.346584;0.016892
1040;0.053354;-0.450400;0.137224
1041;-0.159071;0.138790;-0.070992
1042;-0.188459;0.482305;-0.218782
1043;-0.088691;0.367061;-0.096600
1044;-0.192694;0.335649;-0.161654
1045;0.003263;0.341505;0.030414
1046;0.712043;-0.106759;0.105262
1047;0.623652;0.194706;-0.048807
1048;0.474631;-0.297414;-0.041582
1049;0.081036;-0.035645;-0.018213
1050;0.349139;-0.209589;0.014500
1051;0.434839;0.119358;-0.091861
1052;-0.234105;-1.647256;-1.015370
1053;-0.110977;0.515205;0.035603
1054;0.848588;0.148135;0.043628
1055;1.124112;0.089718;0.152196
1056;0.146682;0.089334;0.098870
1057;-0.569405;-0.277420;-0.165507
1058;-0.188639;0.059352;-0.047639
1059;0.377216;0.047220;0.075685
1060;0.001032;-0.030915;-0.072356
1061;-0.249858;-0.035366;-0.070433
1062;-0.012600;-0.006285;-0.060301
1063;-0.211726;-0.085739;-0.045929
1064;-0.374881;-0.256086;0.066356
1065;-0.340962;-0.211112;-0.035475
1066;-0.327090;-0.347638;-0.015978
1067;-0.670906;-0.644469;-0.054645
1068;-0.696470;-0.706004;0.081976
1069;-0.588468;-0.438091;-0.018542
1070;-0.214208;-0.499071;0.190529
1071;-0.059155;-0.367313;0.098327
1072;-0.155765;0.293458;-0.145741
1073;-0.266949;0.494688;-0.342817
1074;-0.177909;0.409169;-0.116376
1075;-0.046755;0.235989;-0.104159
1076;0.425682;0.267197;0.100737
1077;0.809939;0.075483;-0.029078
1078;0.301065;0.030668;-0.177603
1079;0.308198;-0.522556;0.148408
1080;0.171203;-0.038303;0.006699
1081;0.428761;0.095822;0.031367
1082;0.590986;-0.056572;0.080341
1083;-0.429132;-1.113653;-0.913953
1084;0.120972;0.427550;-0.033778
1085;0.945792;0.037040;-0.227607
1086;0.988363;0.171354;0.316377
1087;0.172639;0.059722;0.061772
1088;-0.494041;-0.282045;-0.096592
1089;-0.335621;0.082191;0.048434
1090;0.256367;0.050933;0.069930
1091;0.058245;-0.006546;-0.032339
1092;-0.277982;-0.054161;-0.035093
1093;-0.065574;0.000952;-0.034457
1094;-0.023728;-0.110397;-0.078652
1095;-0.258977;-0.255840;-0.020689
1096;-0.353865;-0.313799;0.055494
1097;-0.326062;-0.387205;-0.000799
1098;-0.738970;-0.796734;0.014770
1099;-1.216805;-0.730289;0.050092
1100;-0.689737;-0.426682;0.051228
1101;-0.043446;-0.639538;0.185032
1102;0.070309;-0.058795;0.125649
1103;-0.217262;0.319189;-0.154324
1104;-0.050476;0.469079;-0.043659
1105;0.108713;0.223260;-0.069587
1106;0.027263;0.469341;-0.015138
1107;0.359772;0.187094;-0.065626
1108;0.503591;0.279227;-0.084687
1109;0.567516;-0.357228;-0.038878
1110;0.581146;-0.270487;0.075251
1111;0.245217;0.024684;-0.077696
1112;0.491395;-0.025062;0.086523
1113;0.106549;-1.115755;0.358101
1114;-0.846879;0.061796;-0.083254
1115;0.699385;0.159459;0.254274
1116;0.559666;0.100352;0.109974
1117;0.809796;0.099237;0.381360
1118;0.108379;-0.039144;0.013436
1119;-0.563643;-0.207205;-0.121910
1120;-0.356353;0.115520;0.071371
1121;0.256093;0.040487;0.060622
1122;0.144657;0.029774;-0.014659
1123;-0.120696;-0.080151;-0.083158
1124;-0.220023;0.022556;-0.184152
1125;-0.237602;-0.199660;0.066208
1126;-0.103637;-0.217597;0.134453
1127;-0.327090;-0.284294;0.029871
1128;-0.620473;-0.585574;0.030780
1129;-0.722644;-0.695062;0.008682
1130;-1.095955;-0.574990;-0.054820
1131;-0.544034;-0.438151;0.061173
1132;0.114798;-0.612752;0.210964
1133;-0.141749;0.045534;0.052444
1134;-0.068972;0.479220;-0.208970
1135;0.038729;0.466090;-0.109515
1136;-0.011791;0.414627;-0.130834
1137;-0.027311;0.493387;-0.097320
1138;0.712594;-0.122667;0.093139
1139;0.607836;0.164300;-0.125818
1140;0.670242;-0.345920;0.111281
1141;0.316278;-0.074349;0.031320
1142;0.467636;0.001555;0.047522
1143;0.633385;0.034339;0.093447
1144;-0.416326;-1.228290;-0.848228
1145;0.027358;0.179812;-0.065066
1146;0.847567;0.166076;-0.696120
1147;0.645938;0.036408;0.574934
1148;0.512048;0.175999;0.184543
1149;-0.259524;-0.160605;-0.198247
1150;-0.566620;-0.069026;0.031145
1151;0.058603;0.111775;0.075624
1152;0.328536;0.006341;0.053299
1153;-0.204905;-0.014888;-0.018519
1154;-0.389752;-0.044652;-0.080123
1155;-0.329495;-0.009239;-0.131657
1156;-0.001842;-0.198971;0.056355
1157;-0.044376;-0.214364;0.077762
1158;-0.285759;-0.382805;-0.033213
1159;-0.539806;-0.682728;0.087013
1160;-0.847542;-0.654341;-0.063547
1161;-0.927009;-0.521675;0.000269
1162;-0.371483;-0.650310;0.146112
1163;-0.146490;-0.445548;0.246493
1164;-0.095761;0.198956;-0.029353
1165;-0.188387;0.497863;-0.274976
1166;0.045828;0.533603;-0.064263
1167;0.119031;0.289223;-0.100291
1168;0.084663;0.544804;-0.006251
1169;0.667809;0.046186;-0.043955
1170;0.445812;0.201896;-0.199554
1171;0.617413;-0.473931;0.152901
1172;0.270091;-0.105824;0.092679
1173;0.373785;0.073848;-0.006742
1174;0.449941;-0.207069;0.157400
1175;-0.665907;-0.649644;-0.766819
1176;0.466734;0.277948;0.076278
1177;0.866605;0.125881;-0.293496
1178;1.010285;0.137836;0.275529
1179;0.149228;-0.018466;0.062672
1180;-0.631596;-0.175198;-0.006037
1181;-0.130409;0.014368;-0.026989
1182;0.321250;0.046952;0.076846
1183;-0.224744;-0.053552;-0.014057
1184;-0.462386;-0.077668;-0.080794
1185;0.017033;0.007807;-0.055896
1186;-0.076434;-0.109663;-0.035687
1187;-0.179193;-0.300584;-0.047349
1188;-0.396189;-0.290234;-0.075746
1189;-0.327065;-0.387047;0.002097
1190;-0.601348;-0.726265;0.076316
1191;-0.911229;-0.763684;-0.146606
1192;-0.691132;-0.564965;0.061269
1193;-0.335104;-0.655006;0.248333
1194;-0.017371;-0.057506;0.044954
1195;-0.056782;0.308034;-0.164752
1196;-0.024999;0.458450;-0.140916
1197;0.093864;0.482737;-0.055283
1198;0.119064;0.402167;0.035208
1199;0.388331;0.521325;0.028341
1200;0.499522;0.217101;-0.037939
1201;0.368655;-0.605507;-0.098312
1202;0.752852;-0.298929;0.190376
1203;0.457123;0.237866;-0.083075
1204;0.408842;-0.127296;0.014630
1205;-0.319960;-1.816162;-0.124131
1206;-0.649740;0.603727;0.207898
1207;0.906529;0.019302;0.270537
1208;0.830784;0.175640;0.556755
1209;0.895169;0.159534;0.284042
1210;-0.108135;-0.123656;-0.035107
1211;-0.671961;-0.175784;-0.006935
1212;-0.114345;0.115913;0.086756
1213;0.370364;0.057209;0.064416
1214;-0.077005;0.013184;-0.035568
1215;-0.330520;-0.085368;-0.041119
1216;-0.096353;-0.016376;-0.072857
1217;-0.126735;-0.121614;-0.054909
1218;-0.307550;-0.303481;0.017661
1219;-0.302363;-0.246256;0.046511
1220;-0.145564;-0.494663;-0.002382
1221;-0.781182;-0.797782;-0.096550
1222;-1.052580;-0.554625;-0.175554
1223;-0.443949;-0.421413;0.064535
1224;-0.106437;-0.546748;0.174991
1225;-0.068692;0.066774;0.041565
1226;-0.195952;0.381823;-0.147269
1227;-0.136858;0.444272;-0.055406
1228;0.087324;0.206979;0.013228
1229;0.162149;0.439373;-0.004377
1230;0.563309;0.248750;-0.046849
1231;0.681052;0.281115;-0.075480
1232;0.591353;-0.287180;0.094320
1233;0.255092;-0.209339;-0.026345
1234;0.158132;0.004047;-0.096336
1235;0.444263;-0.014817;0.122501
1236;-0.595965;-1.134429;-0.931653
1237;0.350426;0.693489;0.029190
1238;0.922133;0.099071;0.119182
1239;1.013544;0.169947;0.131939
1240;0.093126;0.071685;-0.052328
1241;-0.501488;-0.305770;-0.013632
1242;-0.048925;0.071241;0.079511
1243;0.408606;0.050674;0.042746
1244;0.098527;-0.023152;-0.035560
1245;-0.215224;-0.065840;-0.059074
1246;-0.211370;0.014229;-0.015941
1247;-0.279190;-0.087509;-0.001893
1248;-0.314023;-0.193004;0.056516
1249;-0.394306;-0.330761;-0.010206
1250;-0.233029;-0.425051;-0.065727
1251;-0.679748;-0.795060;0.034966
1252;-1.084625;-0.787240;-0.034106
1253;-0.782468;-0.468607;0.071918
1254;-0.205388;-0.697199;0.227961
1255;0.068489;-0.104562;0.053561
1256;-0.136140;0.294385;-0.133291
1257;-0.095314;0.522178;-0.159468
1258;0.186128;0.390132;-0.028490
1259;0.127132;0.475460;-0.065759
1260;0.398829;0.488570;-0.018511
1261;0.691476;0.140258;0.049199
1262;0.472682;-0.495029;-0.013767
1263;0.225474;-0.289179;-0.048059
1264;0.175310;0.021985;-0.008257
1265;0.712317;0.018237;0.059565
1266;0.029613;-1.248724;0.240546
1267;-0.986249;0.470262;0.070243
1268;0.779958;-0.038383;0.317602
1269;0.660552;0.081950;0.340967
1270;1.044730;0.257681;0.381996
1271;-0.017029;-0.080866;0.100365
1272;-0.650260;-0.248822;-0.047771
1273;-0.184393;0.080985;0.033790
1274;0.459443;0.044060;0.064942
1275;0.158098;0.018157;-0.039496
1276;-0.283774;-0.073974;-0.067038
1277;-0.380616;-0.000045;-0.101990
1278;-0.165021;-0.154968;0.028845
1279;-0.312279;-0.267743;-0.055910
1280;-0.176922;-0.347055;-0.072732
1281;-0.414317;-0.392966;0.042176
1282;-0.590490;-0.679151;0.045253
1283;-0.854504;-0.598158;-0.060007
1284;-0.494375;-0.353495;0.070804
1285;-0.152190;-0.705688;0.203256
1286;-0.016581;-0.019170;0.027986
1287;-0.258506;0.467887;-0.350874
1288;-0.233401;0.523672;-0.151907
1289;0.079472;0.088515;-0.021407
1290;0.092944;0.457145;-0.055191
1291;0.436282;0.187771;-0.031704
1292;0.557828;0.092375;0.084896
1293;0.624220;-0.246272;-0.000368
1294;0.585699;-0.141638;0.083425
1295;0.184230;-0.017472;-0.022527
1296;0.402460;-0.028040;-0.061761
1297;-0.199614;-1.861422;-1.158678
1298;-0.409792;0.593701;0.115641
1299;0.665880;0.138294;0.174617
1300;1.131424;-0.078575;0.426393
1301;0.477935;0.190316;0.120304
1302;-0.539813;-0.187564;0.023342
1303;-0.378062;-0.124526;-0.256576
1304;0.040345;0.110073;0.189386
1305;0.466470;0.037248;0.004734
1306;-0.041727;-0.047909;-0.058534
1307;-0.319979;-0.040325;-0.045383
1308;-0.199712;-0.000095;-0.130052
1309;-0.235729;-0.203161;0.059540
1310;-0.313255;-0.267651;0.010204
1311;-0.298450;-0.373085;-0.012643
1312;-0.515689;-0.767140;0.034206
1313;-0.898983;-0.832636;-0.035123
1314;-0.786312;-0.494197;0.076632
1315;-0.244403;-0.423375;0.174673
1316;-0.001629;-0.285774;0.090967
1317;-0.164958;0.283765;-0.119267
1318;-0.343302;0.563206;-0.256796
1319;-0.041382;0.375341;-0.010298
1320;0.114828;0.186854;0.033111
1321;0.420967;0.445039;0.166745
1322;0.612791;-0.024213;0.041596
1323;0.352444;0.012215;-0.094290
1324;0.530128;-0.344935;0.210633
1325;0.176538;-0.095015;0.048077
1326;0.276770;0.027857;-0.065976
1327;0.559199;-0.028048;-0.035970
1328;-0.649915;-1.529463;-1.173664
1329;-0.246602;0.494107;0.082179
1330;1.212097;-0.183787;-0.126717
1331;1.193711;0.295301;0.218646
1332;0.272924;0.019593;0.204509
1333;-0.559105;-0.251724;-0.046510
1334;-0.345558;0.025570;-0.008626
1335;0.217939;0.056238;0.128880
1336;0.077784;0.059034;0.014125
1337;-0.377825;-0.043819;-0.007588
1338;-0.294110;0.026277;0.002852
1339;-0.141777;-0.073683;-0.124526
1340;-0.207913;-0.219557;-0.050000
1341;-0.277028;-0.251242;0.005286
1342;-0.251984;-0.338741;-0.022061
1343;-0.464768;-0.569921;0.015752
1344;-0.885625;-0.739154;-0.100536
1345;-0.653259;-0.507464;0.019667
1346;-0.102166;-0.568107;0.129728
1347;-0.063804;-0.268362;0.106278
1348;-0.196665;0.292642;-0.188112
1349;-0.277444;0.525648;-0.168197
1350;-0.056687;0.292916;-0.009022
1351;0.058320;0.213977;0.068409
1352;0.353420;0.499609;0.033977
1353;0.421934;-0.001247;0.023389
1354;0.518402;0.007133;0.012629
1355;0.715470;-0.238267;0.151519
1356;0.271973;-0.103125;0.070709
1357;0.102357;0.013132;-0.131586
1358;0.422830;-0.081509;-0.044692
1359;-0.720124;-1.429180;-0.988737
1360;0.085593;0.421013;0.082791
1361;1.143387;0.019222;-0.229314
1362;1.084084;0.104640;0.269497
1363;0.248226;-0.010625;0.065338
1364;-0.563987;-0.231960;-0.152865
1365;-0.282955;-0.005308;0.124136
1366;0.269027;0.175906;0.162141
1367;0.144989;-0.060809;-0.082084
1368;-0.320686;-0.066415;-0.178294
1369;-0.246954;0.009636;-0.041940
1370;-0.011097;-0.053358;-0.037133
1371;-0.457157;-0.157221;0.009563
1372;-0.131263;-0.320171;-0.031198
1373;-0.232106;-0.363094;0.016561
1374;-0.536799;-0.885183;0.039554
1375;-0.825898;-0.925740;-0.130563
1376;-0.781166;-0.452015;0.042917
1377;-0.316418;-0.507098;0.141290
1378;-0.015515;-0.310503;0.002986
1379;-0.217602;0.338444;-0.192799
1380;-0.327763;0.547919;-0.151306
1381;0.011248;0.270354;0.046562
1382;0.041602;0.333010;0.014964
1383;0.368958;0.503328;0.075608
1384;0.635903;-0.063379;0.051934
1385;0.704679;-0.141798;-0.028748
1386;0.365685;-0.377648;0.060537
1387;-0.078612;-0.003672;-0.098642
1388;0.572435;-0.011271;0.053513
1389;0.467917;-0.546106;0.285671
1390;-0.750829;-0.251064;-0.379103
1391;0.659710;0.254145;0.314432
1392;0.619931;0.265779;0.073127
1393;1.021974;0.045339;0.278023
1394;0.135193;0.013435;0.026515
1395;-0.273315;-0.346945;-0.248809
1396;-0.431160;0.154168;0.070423
1397;0.186481;0.007291;0.220474
1398;-0.009977;0.003437;-0.024719
1399;-0.442091;-0.053493;-0.042320
1400;-0.234780;-0.002419;-0.058543
1401;-0.201130;-0.055939;-0.092073
1402;-0.241798;-0.231245;-0.023738
1403;-0.204897;-0.282720;0.006126
1404;-0.451665;-0.451931;0.048307
1405;-0.636089;-0.770595;0.007499
1406;-0.693991;-0.874779;-0.287965
1407;-0.466117;-0.475935;0.006825
1408;-0.217716;-0.495661;0.238126
1409;-0.134106;0.001000;-0.050643
1410;-0.327058;0.482759;-0.385688
1411;-0.075840;0.571847;-0.164193
1412;0.178841;0.190253;-0.056133
1413;0.139647;0.521319;-0.042777
1414;0.508933;0.167593;0.072646
1415;0.570926;0.185706;-0.344295
1416;0.497101;-0.463048;-0.011310
1417;0.287570;-0.181100;0.091446
1418;0.516187;0.116440;0.155133
1419;0.634290;-0.065599;0.266021
1420;-0.308782;-0.875830;-0.677667
1421;0.313021;0.304451;-0.233709
1422;0.844775;-0.031970;-0.542627
1423;0.259043;0.133075;0.386960
1424;0.468209;-0.082040;0.227629
1425;-0.239050;-0.003781;-0.191157
1426;-0.562165;-0.048534;-0.076132
1427;-0.094765;0.068957;0.106935
1428;0.240109;0.013354;-0.063108
1429;-0.211195;0.001638;-0.064265
1430;-0.027319;0.000004;-0.074904
1431;0.181023;-0.065419;-0.051069
1432;-0.314727;-0.194855;-0.048959
1433;-0.272094;-0.326611;-0.015228
1434;-0.171306;-0.306962;0.040778
1435;-0.451678;-0.705030;0.195773
1436;-0.882063;-0.719822;0.043470
1437;-0.822163;-0.519207;0.042878
1438;-0.320589;-0.484901;0.114120
1439;-0.091889;-0.337648;0.064059
1440;-0.130600;0.221649;-0.089365
1441;-0.283317;0.447746;-0.218185
1442;-0.061081;0.351600;-0.058564
1443;0.136440;0.208094;-0.005099
1444;0.361881;0.503609;0.010487
1445;0.542752;0.082160;-0.065977
1446;0.289700;0.034744;-0.110298
1447;0.538302;-0.343041;0.029041
1448;0.226394;-0.123516;0.020835
1449;0.239520;-0.008883;-0.036052
1450;0.480287;-0.019348;-0.076261
1451;-0.197419;-1.666752;-0.748405
1452;-0.324622;0.413371;0.004096
1453;0.949110;0.075471;0.087941
1454;0.881367;0.009774;0.287746
1455;0.467174;0.060703;0.294973
1456;-0.275034;-0.156397;-0.077542
1457;-0.560666;0.047123;-0.019042
1458;0.035785;0.008810;0.094724
1459;0.243784;0.082598;-0.107065
1460;-0.369004;-0.065780;-0.103170
1461;-0.171095;-0.032637;-0.031103
1462;0.019242;0.014622;-0.064526
1463;-0.344871;-0.233407;-0.055529
1464;-0.206005;-0.332617;-0.052017
1465;-0.344544;-0.372488;-0.048610
1466;-0.555690;-0.713797;0.164615
1467;-0.775581;-0.876530;0.102220
1468;-0.828905;-0.547125;0.094489
1469;-0.312528;-0.346868;0.106602
1470;-0.032583;-0.372062;0.119786
1471;-0.176621;0.343603;-0.191768
1472;-0.328080;0.635062;-0.331217
1473;-0.098403;0.398558;-0.083269
1474;0.105127;0.148958;-0.008282
1475;0.561656;0.429732;0.186311
1476;0.738404;0.174213;-0.015022
1477;0.354313;-0.162007;-0.119910
1478;0.541154;-0.298035;0.172641
1479;0.180487;-0.073640;-0.112475
1480;0.385993;0.047703;-0.035361
1481;0.286704;-0.639155;0.274587
1482;-0.928187;-0.235443;-0.672833
1483;0.484030;0.235339;0.288494
1484;0.735068;0.152213;0.102261
1485;1.242903;0.136541;0.271370
1486;0.218359;-0.078633;0.080468
1487;-0.712659;-0.186526;-0.121648
1488;-0.330929;0.050882;0.073826
1489;0.405504;0.046873;0.169528
1490;-0.039582;0.007965;0.040495
1491;-0.594743;-0.081378;-0.062763
1492;-0.400889;0.089333;-0.080997
1493;-0.047030;-0.120250;-0.053113
1494;-0.068948;-0.211367;0.010152
1495;-0.268730;-0.330916;-0.093008
1496;-0.570557;-0.465927;-0.027250
1497;-0.769860;-0.872218;-0.143231
1498;-0.900109;-0.791983;-0.157635
1499;-0.375177;-0.302921;-0.017558
1500;0.099638;-0.429369;0.299400
1501;-0.098037;-0.033327;0.089759
1502;-0.262179;0.434874;-0.174453
1503;-0.125409;0.577685;-0.055943
1504;0.110209;0.251090;-0.005104
1505;0.006461;0.501340;-0.057684
1506;0.560349;0.129038;-0.000912
1507;0.705124;0.183905;-0.056586
1508;0.476786;-0.368435;0.027649
1509;0.231402;-0.253507;-0.034351
1510;0.176274;0.023498;-0.058258
1511;0.659178;0.029603;0.077977
1512;0.044719;-1.748345;-0.545451
1513;-0.466483;0.489753;0.133642
1514;0.752655;0.255731;0.037825
1515;0.985471;-0.190953;0.301280
1516;0.763719;0.136208;0.186924
1517;-0.456894;-0.129625;-0.066685
1518;-0.636628;-0.055134;0.044658
1519;0.070416;0.080943;0.128919
1520;0.284768;0.017978;0.046473
1521;-0.228221;-0.002714;-0.054023
1522;-0.342162;-0.063086;-0.072215
1523;-0.052332;0.005979;-0.011152
1524;0.125864;-0.086229;-0.100799
1525;-0.362162;-0.198194;-0.079704
1526;-0.247374;-0.261656;0.059727
1527;-0.229520;-0.308810;-0.045746
1528;-0.834352;-0.844740;0.018681
1529;-1.169095;-0.629285;-0.133099
1530;-0.466635;-0.561956;-0.030354
1531;-0.013364;-0.578992;0.197497
1532;-0.060145;0.069604;0.104001
1533;-0.087683;0.348032;-0.053024
1534;-0.015212;0.321472;0.074478
1535;0.116747;0.341459;-0.019320
1536;-0.026488;0.578826;0.008457
1537;0.051326;0.258218;-0.145649
1538;0.450818;-0.007767;0.115180
1539;0.755148;-0.256156;0.087301
1540;0.624267;-0.291982;0.151808
1541;0.156673;0.060853;-0.061533
1542;0.650213;-0.086769;-0.064792
1543;-0.185141;-1.722043;-0.684190
1544;-0.499266;0.597456;0.152301
1545;0.906430;0.117179;0.295006
1546;1.151009;0.057496;0.341811
1547;0.390205;0.130686;0.247961
1548;-0.579019;-0.236891;-0.166603
1549;-0.604978;-0.005565;-0.073236
1550;0.149900;0.076476;0.120917
1551;0.264570;0.029366;-0.026001
1552;-0.273481;-0.059022;-0.121533
1553;-0.190664;-0.019326;-0.118660
1554;-0.014523;-0.060483;-0.093061
1555;-0.078879;-0.328989;0.045979
1556;-0.382874;-0.331919;-0.043594
1557;-0.364986;-0.409745;0.054191
1558;-0.663168;-0.879678;0.083567
1559;-0.940477;-0.848086;-0.141754
1560;-0.378811;-0.352995;-0.041418
1561;-0.075492;-0.496234;0.177816
1562;-0.094964;0.093328;-0.031147
1563;-0.322926;0.443433;-0.326042
1564;-0.212946;0.490095;-0.161360
1565;0.010774;0.291088;-0.133350
1566;0.138389;0.410409;-0.057957
1567;0.726072;0.164207;-0.046035
1568;0.536354;0.105731;-0.199359
1569;0.227550;-0.484229;-0.076211
1570;0.161775;-0.147223;0.035752
1571;0.659658;0.006477;0.212788
1572;0.590409;-0.096981;0.107894
1573;-0.375813;-1.010170;-0.600168
1574;0.178723;0.495525;-0.038979
1575;0.729060;-0.068568;-0.265873
1576;0.777661;0.165702;0.329533
1577;0.357596;0.097797;0.023149
1578;-0.413792;-0.295362;-0.150430
1579;-0.547815;0.089257;0.150507
1580;0.293892;0.065467;0.090096
1581;0.289226;-0.011337;0.000662
1582;-0.255719;-0.023294;-0.072950
1583;-0.263881;-0.053284;-0.094783
1584;0.065286;-0.065527;-0.031913
1585;-0.179917;-0.084109;-0.037048
1586;-0.325257;-0.384746;-0.027536
1587;-0.311596;-0.326902;0.060444
1588;-0.479118;-0.642689;0.125344
1589;-0.964133;-0.895972;0.057672
1590;-0.974530;-0.485925;-0.017891
1591;-0.300763;-0.535583;0.086348
1592;0.080228;-0.377613;0.166972
1593;-0.109768;0.240562;-0.096332
1594;-0.121638;0.576427;-0.215922
1595;0.090396;0.384816;-0.041203
1596;-0.015488;0.422318;-0.109552
1597;0.077301;0.583508;-0.128354
1598;0.726474;-0.055338;0.017959
1599;0.593333;-0.297944;-0.027296
1600;0.407673;-0.314304;0.002394
1601;0.282361;0.033768;0.131585
1602;0.793632;0.019410;0.226469
1603;0.087228;-1.473405;-0.880791
1604;0.135411;0.357687;-0.101567
1605;0.730809;0.120641;-0.551592
1606;0.438363;-0.031520;0.406134
1607;0.523378;0.075534;0.122408
1608;-0.235796;-0.099281;-0.186370
1609;-0.455298;-0.061188;0.019873
1610;0.018548;0.026540;0.080327
1611;0.219149;0.076481;0.000232
1612;-0.107793;-0.051576;-0.034178
1613;-0.224014;-0.017505;-0.057479
1614;-0.032254;-0.024651;-0.114747
1615;-0.248100;-0.193906;0.061800
1616;-0.213621;-0.269504;0.006570
1617;-0.270262;-0.313289;-0.011395
1618;-0.464293;-0.586101;0.072383
1619;-0.819612;-0.706226;0.000289
1620;-0.937054;-0.482840;0.051124
1621;-0.291636;-0.629344;0.084844
1622;0.053095;-0.251105;0.114551
1623;-0.077744;0.241319;-0.120768
1624;-0.106574;0.539167;-0.217667
1625;0.036772;0.314983;-0.049460
1626;0.004283;0.423874;-0.163651
1627;0.164545;0.444246;-0.096194
1628;0.440767;-0.000402;-0.140274
1629;0.511982;-0.109909;-0.075792
1630;0.627159;-0.223265;-0.003763
1631;0.243777;-0.120696;-0.032722
1632;0.441581;-0.100133;0.016814
1633;0.537986;-0.066753;-0.106370
1634;-0.259864;-1.208927;-0.757329
1635;-0.377856;0.419137;0.016151
1636;0.507664;-0.068602;0.186394
1637;0.768336;0.054362;0.348925
1638;0.613307;0.124549;0.151027
1639;-0.513988;-0.201669;-0.136531
1640;-0.659152;-0.021928;-0.064856
1641;-0.017615;0.081767;0.168996
1642;0.229651;0.018490;-0.015023
1643;-0.272577;-0.021171;-0.107934
1644;-0.174507;-0.041237;-0.064950
1645;0.239232;-0.012060;-0.012073
1646;0.152687;-0.052407;0.046859
1647;-0.086343;0.002574;-0.032080
1648;-0.089954;-0.038671;-0.076880
1649;0.039236;0.045298;-0.057779
1650;0.030290;0.013462;-0.002707
1651;0.005833;0.021641;-0.026693
1652;0.007919;-0.012723;-0.073219
1653;-0.031290;-0.019397;-0.071271
1654;-0.107477;-0.006009;-0.049550
1655;-0.123266;-0.017768;-0.006356
1656;-0.114426;-0.000809;-0.006875
1657;-0.113186;-0.018894;-0.018437
1658;-0.083613;-0.004298;-0.046625
1659;-0.062404;-0.012136;-0.045944
1660;-0.044241;0.001194;-0.036863
1661;-0.018883;-0.010915;-0.026138
1662;-0.025905;-0.018549;-0.024921
1663;-0.034585;-0.011952;-0.023150
1664;-0.036362;0.002743;-0.020522
1665;-0.028176;-0.006031;-0.033669
1666;-0.014672;-0.007680;-0.030313
1667;-0.005850;-0.008790;-0.020029
1668;-0.007803;-0.008776;-0.017101
1669;-0.011208;-0.010237;-0.021649
1670;-0.035004;-0.003599;-0.023260
1671;-0.000352;-0.018144;-0.014136
1672;0.037589;-0.003618;-0.015787
1673;0.009927;-0.006456;-0.015550
1674;0.020541;-0.008426;-0.015808
1675;0.024118;0.003550;-0.005539
1676;0.020807;-0.002019;-0.018922
1677;0.008093;-0.004402;-0.012676
1678;0.031130;-0.001883;-0.012018
1679;0.025924;-0.004795;-0.011466
1680;0.038320;0.004354;-0.006077
1681;0.045896;-0.006929;-0.002183
1682;0.041938;-0.004692;-0.005916
1683;0.016124;-0.000028;-0.014034
1684;0.020371;-0.004823;-0.018700
1685;0.017504;-0.007100;-0.009753
1686;0.008790;0.001408;-0.009917
1687;0.031553;-0.006636;-0.009291
1688;0.026685;-0.006174;-0.015734
1689;0.006546;0.003973;-0.018257
1690;0.024509;-0.009815;-0.006373
1691;0.009583;0.004418;-0.001971
1692;0.006019;-0.005734;-0.007938
1693;0.015679;-0.005057;-0.013431
1694;0.011983;-0.004411;-0.010347
1695;0.006821;0.002443;-0.007380
1696;-0.005718;-0.010508;-0.000439
1697;0.007385;-0.001465;-0.004408
1698;0.014356;0.007453;-0.009662
1699;0.037334;-0.016460;-0.010449
1700;0.032203;-0.007676;-0.003023
1701;0.008118;0.012106;0.003416
1702;0.027636;-0.009979;-0.001881
1703;0.015436;-0.001125;-0.028215
1704;-0.009462;-0.018452;-0.012999
1705;-0.009591;0.011361;0.010961
1706;0.023816;-0.005642;0.011941
1707;0.034298;-0.004344;-0.024144
1708;-0.006205;-0.008647;-0.028106
1709;-0.006553;-0.003799;0.005019
1710;0.000175;-0.003520;0.017652
1711;-0.027493;0.000648;-0.000309
1712;-0.001688;-0.010806;-0.009378
1713;-0.001893;-0.002353;-0.005908
1714;0.005847;-0.005479;-0.004247
1715;0.019045;0.003254;0.008157
1716;0.025158;-0.003302;0.010174
1717;0.015565;0.002612;-0.003512
1718;0.021282;-0.007978;-0.004954
1719;-0.003155;-0.005063;-0.010512
1720;-0.024825;-0.006060;-0.002720
1721;-0.015324;0.009727;0.019853
1722;0.023206;-0.007715;0.010188
1723;-0.014983;-0.008840;-0.016900
1724;-0.007119;0.004446;-0.014578
1725;-0.016660;-0.010992;-0.004002
1726;-0.017498;-0.008138;-0.008188
1727;0.009325;0.000844;0.000743
1728;0.023547;0.000771;0.010563
1729;0.009132;-0.003896;0.000073
1730;0.002135;-0.001999;-0.002516
1731;-0.013324;-0.001781;-0.005599
1732;-0.004052;-0.007290;-0.000327
1733;0.010776;-0.003214;0.003918
1734;0.014008;0.004722;0.004411
1735;0.006679;-0.001873;0.006637
1736;-0.005366;-0.005796;0.003590
1737;-0.004652;-0.006834;-0.007097
1738;0.004484;-0.001189;-0.009810
1739;-0.001196;-0.007216;-0.002261
1740;0.012091;-0.007225;-0.002923
1741;0.005266;0.001978;-0.001368
1742;0.014447;-0.005069;0.008695
1743;-0.002050;-0.004702;-0.002741
1744;-0.017709;0.002418;-0.009497
1745;0.015009;-0.006436;0.008301
1746;0.011770;0.006188;0.000601
1747;0.024034;0.034796;0.024493
1748;-0.023121;-0.032068;0.022380
1749;-0.075748;-0.020817;-0.052875
1750;-0.000327;-0.042251;-0.031362
