index;x;y;z
0;0.033681;-0.008527;-0.004233
1;0.017439;-0.004387;-0.010693
2;0.001788;-0.002302;-0.009594
3;0.002636;-0.002128;-0.003379
4;-0.014509;-0.000112;-0.006510
5;-0.016994;0.000124;-0.005505
6;-0.012822;0.001210;-0.000742
7;-0.019152;-0.003301;-0.000105
8;-0.016755;-0.005340;0.006812
9;-0.008649;-0.005854;0.015858
10;-0.003918;-0.012632;0.019301
11;-0.007879;-0.007842;0.016015
12;-0.008630;0.001019;-0.000993
13;-0.001060;-0.001022;-0.013142
14;0.011738;0.003651;-0.010738
15;0.027262;-0.005907;-0.013073
16;0.039857;-0.016548;-0.008102
17;0.017817;0.000198;-0.001305
18;-0.029854;-0.005100;-0.027421
19;-0.006692;-0.005266;0.000692
20;-0.031203;-0.001092;0.020571
21;-0.029203;0.003007;0.024994
22;-0.006429;-0.007694;0.016493
23;0.023166;-0.000230;0.027163
24;0.020876;-0.006619;0.006786
25;0.024000;-0.004822;-0.016564
26;-0.008266;-0.002636;-0.026937
27;-0.033070;0.007989;-0.013405
28;-0.024297;-0.004839;0.013691
29;-0.020708;0.004144;0.051692
30;0.004630;-0.008810;0.037581
31;0.002454;0.005870;0.010236
32;-0.040343;-0.028838;0.001378
33;0.055960;0.005749;0.044401
34;0.034344;0.008525;0.026733
35;0.029761;-0.003171;-0.004184
36;0.016082;-0.013714;-0.011172
37;0.023343;-0.006971;0.022959
38;0.015678;-0.001567;0.026672
39;0.003146;-0.003796;0.021482
40;-0.007953;-0.002417;0.007017
41;-0.004227;-0.005660;-0.000195
42;0.002447;-0.005307;0.003594
43;0.011783;0.002416;-0.006545
44;0.012771;0.002443;-0.010416
45;0.012604;-0.002731;-0.015147
46;-0.000593;-0.004502;-0.009937
47;-0.008701;-0.000229;-0.006054
48;-0.010887;-0.003686;-0.000194
49;-0.007236;-0.010326;0.008976
50;-0.019682;0.002657;0.004075
51;-0.009828;-0.001723;-0.005695
52;0.016398;0.004958;-0.008570
53;0.006355;-0.000789;-0.025492
54;0.031550;0.001878;-0.004741
55;0.036508;-0.014113;0.007081
56;0.035771;-0.010733;0.005726
57;-0.010376;-0.007592;0.017526
58;0.038635;-0.010042;0.018729
59;0.013869;-0.004901;0.003248
60;0.043771;0.011270;-0.039075
61;0.039268;-0.018983;-0.072437
62;0.085603;0.007006;-0.043459
63;0.046784;-0.009238;-0.016134
64;0.077888;-0.000023;0.007953
65;0.040903;-0.019754;0.019144
66;0.053630;-0.010005;0.022867
67;-0.011728;-0.002662;0.009285
68;-0.022728;0.007088;0.028682
69;-0.002117;0.002845;0.036020
70;0.006533;-0.002918;0.007186
71;-0.029283;-0.001007;0.006062
72;0.029005;0.019372;-0.006666
73;0.014915;-0.010629;-0.028916
74;0.036157;0.004675;-0.024671
75;0.068691;-0.014607;-0.011264
76;-0.037980;-0.021991;0.024049
77;-0.094349;-0.007753;0.082686
78;-0.028438;-0.051591;0.098783
79;-0.133699;-0.112476;0.168737
80;-0.108623;-0.134428;0.105561
81;-0.186488;-0.243488;0.109692
82;-0.340372;-0.297484;0.069164
83;-0.563848;-0.384014;0.167865
84;-0.627901;-0.218669;0.223790
85;-0.474242;-0.054866;0.198328
86;0.166067;0.000407;-0.037678
87;-0.091742;0.102168;0.338062
88;-0.169613;0.176611;0.030085
89;-0.154192;0.308820;-0.036600
90;-0.115864;0.189852;-0.047857
91;0.145179;0.120201;-0.001484
92;0.175656;0.050158;-0.076357
93;0.173266;-0.079120;-0.172781
94;0.388378;-0.226310;-0.051541
95;0.363899;-0.179445;-0.141722
96;0.335346;-0.148790;-0.214494
97;0.320803;-0.120558;-0.152350
98;0.326007;-0.065753;-0.184818
99;-0.049612;-0.112360;0.094418
100;-0.162080;-0.018662;-0.070514
101;0.657698;0.120857;-0.249078
102;0.299272;-0.226315;-0.059494
103;-0.055446;0.067660;-0.145214
104;-0.299730;0.045633;0.085261
105;0.326981;0.015249;0.213316
106;-0.112435;0.005166;0.026496
107;-0.144647;0.002029;-0.021045
108;0.144269;-0.002620;0.078906
109;0.045125;-0.022101;-0.010473
110;-0.128335;0.010365;-0.016315
111;-0.031103;-0.000585;0.040097
112;-0.037687;-0.012441;0.036638
113;-0.084177;-0.035998;0.070951
114;-0.084681;-0.065181;0.069444
115;-0.055519;-0.065009;0.089052
116;-0.089920;-0.062293;0.088157
117;-0.116127;-0.127206;0.045558
118;-0.217808;-0.201606;0.094961
119;-0.164906;-0.168251;0.106252
120;-0.389759;-0.235031;0.045044
121;-0.545670;-0.414197;0.134811
122;-0.678571;-0.277941;0.325494
123;-0.508759;-0.069124;0.240275
124;0.161120;-0.287677;0.191832
125;-0.486871;0.548224;0.091144
126;0.276353;-0.050087;0.227204
127;0.280598;0.464134;0.140077
128;0.063542;0.283503;-0.082262
129;-0.166611;0.302818;-0.261387
130;0.098818;-0.141142;-0.144971
131;0.551338;-0.251554;-0.020527
132;0.309800;-0.282398;-0.216889
133;0.363277;-0.210324;-0.246961
134;0.521682;-0.254551;0.009599
135;0.304303;-0.118090;-0.194270
136;0.136826;-0.068568;-0.001806
137;-0.498574;-0.135603;-0.172870
138;0.631429;0.087539;-0.209076
139;0.330762;-0.060479;0.220398
140;-0.226573;0.106115;-0.136307
141;-0.022039;-0.065690;0.059120
142;0.196353;-0.006570;0.059398
143;-0.182424;-0.009737;0.009612
144;0.181362;-0.015971;-0.011768
145;-0.024595;0.016784;-0.024421
146;-0.072397;0.013875;0.023707
147;0.027690;-0.001887;0.011515
148;-0.050763;-0.062224;0.005434
149;0.040637;-0.034550;-0.050930
150;-0.075317;-0.079173;0.067014
151;-0.063727;-0.027334;0.225997
152;-0.168121;-0.088745;0.218916
153;-0.387266;-0.224489;0.227844
154;-0.746061;-0.455103;0.249168
155;-0.838423;-0.772518;0.052394
156;-0.923735;-0.411984;0.426304
157;-0.382331;-0.004070;0.090112
158;0.217079;-0.053397;0.160573
159;-0.382953;0.426122;0.199339
160;0.053952;0.109830;0.006166
161;-0.035158;0.499669;-0.055028
162;0.021901;0.259326;-0.157946
163;0.268232;0.087936;-0.164657
164;0.380041;-0.110728;-0.235307
165;0.399810;-0.235717;-0.272457
166;0.439694;-0.333908;-0.394987
167;0.479651;-0.296210;-0.056601
168;0.464673;-0.134927;-0.034132
169;0.473990;0.080165;0.083285
170;-1.185511;-0.423485;-0.308561
171;0.932940;-0.121801;-0.241213
172;-0.012469;-0.111098;0.250470
173;0.024777;0.199634;0.051206
174;-0.072406;-0.070834;0.069805
175;0.173734;-0.050415;0.092852
176;-0.002476;-0.010476;-0.190771
177;0.135982;0.013444;-0.021008
178;-0.020640;-0.013363;-0.004844
179;-0.033543;-0.046224;0.027919
180;0.019157;-0.051293;0.014678
181;-0.001233;-0.091932;-0.003737
182;-0.149554;-0.116667;0.069306
183;-0.236448;-0.107475;0.193194
184;-0.396995;-0.115771;0.206988
185;-0.507327;-0.269245;0.252309
186;-0.692936;-0.457429;0.198809
187;-0.642859;-0.565311;0.245327
188;-0.536471;-0.096938;0.242027
189;0.167655;-0.356828;0.257724
190;-0.752129;0.143588;0.055105
191;-0.487196;0.530672;-0.293819
192;0.076007;0.184929;0.113616
193;0.368605;0.323787;-0.011634
194;0.121130;0.225593;-0.168089
195;-0.192261;0.175747;-0.418671
196;0.605116;-0.265998;-0.142953
197;0.591800;-0.304522;-0.185028
198;0.109401;-0.374092;-0.295355
199;0.583706;-0.335207;-0.030104
200;0.450271;-0.152022;-0.077820
201;-0.943238;-0.473957;-0.399225
202;1.307451;0.097727;0.045258
203;0.228025;0.041677;0.088125
204;-0.143682;-0.083952;0.031773
205;-0.064644;0.125160;-0.147505
206;0.239972;-0.071213;0.075718
207;0.028704;0.006326;0.017267
208;-0.055616;0.050167;-0.097052
209;-0.011936;-0.019886;0.015100
210;-0.054829;-0.008457;0.031308
211;-0.047388;-0.033141;0.020301
212;-0.036443;-0.085577;0.005027
213;0.008907;-0.132440;0.090202
214;-0.088603;-0.163950;0.164975
215;-0.289242;-0.163948;0.127175
216;-0.480848;-0.305945;0.257962
217;-0.624109;-0.431465;0.207287
218;-1.133039;-0.607612;0.448288
219;-0.615300;-0.043585;0.231129
220;-0.082445;-0.261776;0.089361
221;0.082126;0.041380;0.097493
222;-0.347263;0.317755;-0.082887
223;0.137108;0.386803;-0.056248
224;0.095804;0.505970;0.000155
225;0.205918;0.263635;-0.071110
226;0.021273;0.237615;-0.272186
227;0.093601;-0.168845;-0.211251
228;0.727692;-0.483288;0.157613
229;0.258920;-0.170755;-0.223637
230;0.367929;-0.289155;-0.030298
231;0.349039;-0.197087;-0.312070
232;-1.047862;-0.683689;-0.587878
233;0.889051;0.231043;-0.017483
234;0.931192;-0.112148;0.210148
235;0.009858;-0.116325;-0.154557
236;-0.653445;0.136124;-0.244656
237;0.601049;-0.093375;0.260522
238;0.064022;0.016402;-0.084585
239;-0.095783;-0.014978;-0.135182
240;0.136287;-0.045721;0.067257
241;-0.067543;0.000049;-0.034224
242;-0.015538;-0.086360;0.011608
243;-0.131750;-0.139785;0.083033
244;-0.197553;-0.113094;0.105967
245;-0.312525;-0.125240;0.206585
246;-0.459146;-0.233567;0.166780
247;-0.586076;-0.439603;0.207603
248;-0.942203;-0.619543;0.466033
249;-0.692414;-0.225337;0.390741
250;-0.295943;-0.389576;0.092404
251;0.479824;-0.012313;0.231293
252;-0.478191;0.356624;0.085318
253;-0.229297;0.275941;-0.161404
254;0.072566;0.531149;-0.121028
255;-0.067047;0.238539;-0.103591
256;0.207467;0.137189;-0.116688
257;0.201472;-0.146463;-0.153035
258;0.665549;-0.361169;-0.033474
259;0.483501;-0.334015;-0.258020
260;0.479626;-0.166351;-0.276055
261;0.429827;-0.187694;-0.176144
262;0.160018;-0.486433;0.112190
263;-0.570992;0.254081;-0.727098
264;1.799134;0.001740;0.224026
265;0.617206;0.018671;0.227168
266;-0.689096;0.027095;-0.203447
267;0.032114;-0.039425;0.106311
268;0.433214;0.016085;0.169983
269;-0.375646;0.022514;-0.025489
270;0.092875;0.016043;-0.014205
271;-0.039054;0.043509;0.092237
272;0.039178;-0.095483;-0.058334
273;-0.137177;-0.133158;-0.081177
274;-0.109838;-0.139849;0.140102
275;-0.193427;-0.151427;0.205049
276;-0.379512;-0.181677;0.178010
277;-0.568632;-0.249498;0.218994
278;-0.834571;-0.596730;0.288216
279;-1.051167;-0.475168;0.837478
280;-0.604868;-0.166155;0.314490
281;-0.592314;-0.392286;0.252263
282;0.391042;-0.163412;0.023822
283;-0.227187;0.506743;0.157252
284;-0.138877;0.300011;-0.005284
285;0.293606;0.399821;0.066977
286;-0.092258;0.508361;-0.141701
287;0.259452;0.105534;-0.284470
288;0.492213;-0.091721;-0.352352
289;0.602237;-0.524307;-0.053975
290;0.111170;-0.517199;-0.319561
291;0.709291;-0.241081;0.081898
292;0.537152;0.055612;-0.249495
293;-1.186132;-0.788635;-0.098675
294;0.967713;0.039467;0.150860
295;0.715508;0.057827;-0.058374
296;0.226618;-0.119890;0.056638
297;-0.449660;0.059287;-0.319856
298;0.180633;-0.078058;0.113253
299;0.102473;0.023175;0.190250
300;-0.240265;0.002851;-0.046237
301;-0.019530;-0.016986;-0.022009
302;-0.062786;0.012092;-0.000243
303;0.056504;-0.090239;-0.010580
304;-0.048020;-0.124023;0.057065
305;-0.071912;-0.250666;0.121767
306;-0.448366;-0.250767;0.096249
307;-0.521674;-0.285262;0.184996
308;-0.855193;-0.550643;0.309182
309;-1.139982;-0.730986;0.779334
310;-0.695073;-0.172747;0.306702
311;-0.403046;-0.331648;0.071203
312;0.275248;0.062333;0.282494
313;-0.652236;0.563973;-0.055891
314;0.404930;0.179864;-0.042793
315;0.013776;0.609161;-0.123995
316;0.174342;0.177627;-0.192248
317;0.248192;0.190851;-0.308875
318;0.447825;-0.274974;-0.174931
319;0.448933;-0.488017;-0.117583
320;0.415533;-0.295567;-0.226126
321;0.524697;-0.252136;-0.045281
322;0.330427;-0.120394;-0.186374
323;-0.476774;-0.374968;-0.492721
324;1.604149;0.004489;0.136915
325;0.151943;-0.011700;0.264350
326;-0.349994;0.040010;-0.110560
327;-0.037481;0.013298;0.040452
328;0.536376;0.049023;0.106508
329;-0.222300;-0.048134;-0.138429
330;0.105169;-0.030180;-0.043167
331;-0.083186;-0.041958;0.037414
332;-0.075953;-0.067340;0.051492
333;-0.030627;-0.154435;0.045594
334;-0.376089;-0.165697;0.129464
335;-0.521023;-0.265343;0.209012
336;-0.503284;-0.303263;0.130427
337;-0.695402;-0.734630;0.174397
338;-1.063132;-0.593414;0.683769
339;-0.630983;-0.217046;0.202099
340;-0.187595;-0.464986;0.080999
341;0.206506;0.239863;-0.122179
342;-0.121963;0.500372;0.276520
343;-0.154364;0.585496;-0.044093
344;0.274084;0.563024;-0.089380
345;-0.055986;0.621856;-0.152054
346;-0.166677;0.195577;-0.408041
347;0.070165;-0.380138;-0.432243
348;0.923954;-0.872500;0.481884
349;0.518569;-0.312281;-0.420030
350;0.790631;-0.315223;0.026750
351;0.171105;-0.388143;0.201979
352;-0.064610;0.061154;-0.210939
353;0.840141;0.321669;-0.384066
354;0.454787;-0.213597;-0.090054
355;-0.292503;0.111971;-0.205803
356;0.335432;-0.032479;0.074809
357;-0.043773;-0.031289;0.088878
358;-0.187003;0.043380;0.007112
359;0.070332;0.080100;0.116751
360;-0.111957;-0.057818;-0.041552
361;-0.091740;-0.062723;-0.080083
362;0.129547;-0.086556;0.054615
363;-0.131554;-0.173840;0.019891
364;-0.304955;-0.216588;0.131864
365;-0.435242;-0.229434;0.223467
366;-0.538221;-0.352331;0.287107
367;-0.746528;-0.618152;0.382764
368;-1.175688;-0.327470;0.588449
369;-0.653738;-0.133366;0.126069
370;0.492207;-0.424365;0.345076
371;-0.288367;0.480582;0.092000
372;-0.124871;0.158901;-0.075889
373;-0.008550;0.628322;-0.120938
374;0.027023;0.321432;-0.203924
375;0.279664;0.264516;-0.222299
376;0.204500;-0.117625;-0.220960
377;0.340420;-0.437989;-0.139431
378;0.466251;-0.534970;-0.261756
379;0.999987;-0.272750;0.010070
380;0.765388;-0.200263;-0.186359
381;-1.087890;-0.653240;-0.221802
382;0.699175;-0.094053;-0.345511
383;0.408776;0.053994;-0.017970
384;0.453609;-0.126734;0.280314
385;-0.149845;0.042030;-0.274085
386;-0.263214;-0.125842;-0.003955
387;0.238021;0.037326;0.158085
388;-0.039248;0.027596;0.076034
389;-0.160651;0.000225;-0.035991
390;-0.101300;0.000358;0.066842
391;0.014134;-0.056668;0.031088
392;-0.085152;-0.180418;0.069893
393;-0.213729;-0.191023;0.122915
394;-0.410073;-0.224965;0.158381
395;-0.602842;-0.362856;0.276079
396;-1.085293;-0.718724;0.552390
397;-1.149395;-0.522408;0.379926
398;-0.381986;-0.086840;0.109913
399;0.240995;-0.105326;0.152945
400;-0.212462;0.473611;0.113222
401;0.165231;0.237862;0.057875
402;0.120805;0.721510;-0.026660
403;0.017766;0.444670;-0.166360
404;0.149438;0.259484;-0.212540
405;0.048968;-0.193439;-0.310967
406;0.484259;-0.526020;0.023227
407;0.482845;-0.419040;-0.235109
408;0.563601;-0.332499;0.028007
409;0.509182;-0.181268;-0.452961
410;-1.452062;-0.819314;-0.750402
411;0.994242;0.061451;0.074672
412;0.832944;-0.077624;0.114219
413;0.232617;-0.204046;0.121637
414;-0.717650;0.123308;-0.445034
415;0.136325;-0.149455;0.198518
416;0.517888;0.053795;0.235007
417;-0.384654;0.027451;-0.114720
418;0.038931;-0.032601;0.025526
419;-0.056948;0.000531;0.001532
420;-0.032503;-0.119574;0.009943
421;-0.050718;-0.169285;0.004179
422;-0.190332;-0.177264;0.118943
423;-0.378274;-0.203837;0.173018
424;-0.438920;-0.239503;0.188816
425;-0.889642;-0.748432;0.297652
426;-1.288926;-0.659025;0.858958
427;-0.663621;-0.029239;0.271578
428;0.186349;-0.502926;0.092675
429;-0.144205;0.369689;0.141167
430;-0.263635;0.212540;0.036100
431;-0.014076;0.542283;-0.093107
432;0.019219;0.446875;-0.070265
433;0.332710;0.361676;-0.133933
434;0.357800;-0.053950;-0.197970
435;0.268842;-0.354024;-0.393427
436;0.496325;-0.524787;-0.061378
437;0.569470;-0.352173;-0.327955
438;0.479447;-0.336661;-0.195591
439;-0.036163;-0.255115;0.270382
440;-0.044962;0.244884;-0.457542
441;1.458349;0.131540;0.075041
442;0.629180;0.042916;0.180322
443;-0.680843;-0.064622;-0.321889
444;0.081600;0.024425;0.064190
445;0.448327;0.018495;0.229824
446;-0.343703;-0.000774;-0.123829
447;0.125094;-0.007354;-0.004518
448;-0.168663;0.001603;-0.000780
449;0.035611;-0.091512;-0.011735
450;-0.021306;-0.187248;0.000146
451;-0.095389;-0.211982;0.066096
452;-0.333981;-0.208463;0.182117
453;-0.537901;-0.252331;0.236609
454;-0.707330;-0.531740;0.353985
455;-1.181447;-0.645756;0.726678
456;-0.703287;-0.209149;0.331667
457;-0.387713;-0.340316;-0.000723
458;0.212669;-0.046553;0.057646
459;-0.568673;0.472990;-0.012900
460;0.228553;0.130962;-0.043563
461;0.213149;0.641377;-0.027631
462;0.176887;0.355456;-0.099144
463;0.305385;0.174844;-0.285842
464;0.154284;-0.237683;-0.360637
465;0.661203;-0.587759;-0.088733
466;0.472384;-0.211411;-0.308572
467;0.521940;-0.332294;-0.091145
468;0.427353;-0.458518;0.091223
469;-0.568563;0.045903;-0.484273
470;1.284953;0.134691;0.076843
471;0.329548;-0.016138;0.081637
472;-0.022277;-0.121441;-0.069162
473;-0.206298;0.155849;-0.293782
474;0.340654;-0.049539;0.112301
475;0.111276;-0.026695;0.014242
476;-0.331167;-0.004128;-0.096428
477;0.183100;-0.030493;0.055098
478;-0.117474;-0.031696;-0.008240
479;0.000388;-0.107774;-0.019196
480;-0.103683;-0.217495;0.110906
481;-0.261999;-0.236821;0.160936
482;-0.528119;-0.215266;0.117786
483;-0.567461;-0.372687;0.184124
484;-0.950013;-0.649844;0.634737
485;-0.994610;-0.343485;0.514726
486;-0.585979;-0.245124;-0.057711
487;0.682665;-0.333037;0.166971
488;-0.426997;0.592424;0.193702
489;-0.330808;0.125678;-0.324821
490;-0.227517;0.770874;-0.245610
491;-0.024314;0.227375;-0.140856
492;0.423517;0.039265;-0.060923
493;0.130144;-0.058707;-0.447152
494;0.370291;-0.527932;-0.145827
495;0.745441;-0.283891;-0.284640
496;0.693204;-0.269188;-0.029316
497;0.749031;0.001532;-0.282285
498;-1.233107;-0.728668;-0.328892
499;1.211159;0.077406;0.092654
500;0.405152;0.145234;-0.100934
501;-0.085746;-0.072989;0.061012
502;0.021266;0.033916;-0.224402
503;0.141799;-0.086281;0.070811
504;0.050917;0.005411;0.032886
505;-0.069624;-0.035602;-0.048786
506;0.065716;-0.009515;-0.061584
507;-0.174179;-0.022029;-0.000781
508;-0.034371;-0.091726;0.069224
509;-0.101390;-0.173844;0.047341
510;-0.196671;-0.217162;0.044637
511;-0.317564;-0.217503;0.152446
512;-0.482729;-0.298504;0.240156
513;-0.963408;-0.669645;0.545194
514;-1.190417;-0.541481;0.519199
515;-0.585909;-0.030980;0.021380
516;0.414414;-0.405237;0.290491
517;-0.316601;0.502138;0.027099
518;-0.183578;0.191801;-0.114273
519;0.042575;0.666702;-0.081603
520;0.068529;0.340399;-0.117685
521;0.239048;0.170668;-0.178830
522;0.069167;-0.113197;-0.399961
523;0.386428;-0.581058;-0.032770
524;0.568718;-0.454996;-0.408064
525;0.590144;-0.258397;-0.081014
526;0.688834;-0.053361;-0.310693
527;-0.716322;-0.602648;0.484355
528;0.563840;0.240835;-0.120290
529;0.881627;-0.001116;-0.281532
530;0.263696;-0.198837;-0.005723
531;-0.404592;0.085253;-0.360373
532;0.420354;-0.173849;0.109914
533;0.034217;0.055328;0.028330
534;-0.105366;0.011420;-0.001102
535;0.013306;-0.045837;-0.003040
536;-0.091860;-0.068448;-0.062129
537;-0.035362;-0.123020;0.009412
538;-0.090576;-0.185578;-0.028868
539;-0.291050;-0.122643;0.038323
540;-0.356003;-0.134860;0.190113
541;-0.425839;-0.192079;0.236989
542;-0.841773;-0.617151;0.407697
543;-1.090249;-0.621123;0.751309
544;-0.627607;-0.192054;0.290702
545;-0.019701;-0.684359;-0.083129
546;0.169518;0.210058;0.052138
547;-0.500361;0.483388;0.009299
548;-0.003826;0.327124;-0.152103
549;-0.039605;0.679630;-0.155622
550;0.131988;0.304441;-0.163558
551;0.281105;0.133831;-0.217734
552;0.301193;-0.364373;-0.325788
553;0.478780;-0.634080;-0.090347
554;0.379561;-0.299311;-0.534459
555;0.702146;-0.393654;0.024247
556;0.611182;0.044095;-0.367089
557;-0.936973;-0.678066;-0.146620
558;0.968569;0.119231;-0.111674
559;0.602093;0.033844;-0.247561
560;-0.189014;-0.200797;0.153806
561;-0.041286;0.025183;-0.268093
562;0.028428;-0.071769;0.106419
563;0.226594;0.070405;0.096121
564;-0.028707;-0.005626;-0.018945
565;-0.053411;-0.002355;-0.046402
566;-0.076474;0.026120;-0.010039
567;-0.015405;-0.039592;0.004392
568;0.053680;-0.137339;-0.039328
569;-0.169080;-0.103914;-0.006177
570;-0.180029;-0.148795;0.063929
571;-0.360528;-0.134630;0.174296
572;-0.433614;-0.493361;0.330166
573;-0.535047;-0.678052;0.337089
574;-1.264878;-0.284811;0.458495
575;-0.577787;-0.183884;0.225030
576;0.236735;-0.467102;0.017931
577;-0.185251;0.401576;0.062124
578;-0.624253;0.436129;-0.058998
579;0.228262;0.276633;0.156096
580;0.350996;0.463267;0.123613
581;0.221998;0.369940;-0.094597
582;-0.039848;0.321350;-0.333053
583;0.044590;-0.393133;-0.377825
584;0.449495;-0.681502;-0.098574
585;-0.025023;-0.306033;-0.753951
586;0.749592;-0.422440;0.420860
587;0.632410;0.061456;-0.289886
588;-2.075767;-0.516213;-1.129587
589;1.937771;0.092967;0.417471
590;0.747530;0.018554;0.452044
591;-0.106047;-0.168400;-0.170695
592;-0.537188;0.120191;-0.408406
593;0.588776;-0.100993;0.249457
594;-0.205689;0.025808;0.148251
595;-0.106051;0.048841;-0.059044
596;0.036257;-0.013908;0.027775
597;-0.063414;-0.045550;-0.050143
598;0.085984;-0.121638;-0.018323
599;-0.045270;-0.137100;0.047997
600;-0.239199;-0.006589;0.127633
601;-0.264364;-0.167605;0.179155
602;-0.588585;-0.176607;0.187432
603;-0.894512;-0.630647;0.257185
604;-1.057065;-0.789252;0.503056
605;-1.012003;-0.164267;0.283137
606;0.067368;-0.588672;0.098779
607;0.069497;0.255748;0.177075
608;-0.076539;0.125411;0.029806
609;-0.013595;0.561042;-0.110723
610;-0.136892;0.585171;-0.185654
611;0.326329;0.353931;-0.141044
612;0.892286;0.117695;0.024229
613;-0.234796;-0.173661;-0.531351
614;0.515624;-0.748169;-0.216626
615;0.320656;-0.306991;-0.632400
616;0.727080;-0.152641;-0.078008
617;0.668810;-0.156809;-0.154669
618;-1.069007;-0.284945;-0.647447
619;1.383386;0.048063;0.392730
620;0.559500;0.202461;-0.056849
621;-0.368242;-0.094230;-0.157281
622;-0.016364;0.065674;-0.176099
623;0.470600;-0.021990;0.091443
624;-0.078822;-0.035318;0.022210
625;-0.142507;0.013824;-0.049334
626;0.072591;-0.010780;0.038690
627;-0.200691;-0.053909;0.043210
628;0.107440;-0.071831;0.012102
629;-0.108867;-0.131875;0.027523
630;-0.082961;-0.197159;0.106086
631;-0.451522;-0.289081;0.058625
632;-0.530379;-0.415060;0.268648
633;-0.772658;-0.481599;0.254695
634;-1.178772;-0.386640;0.603578
635;-0.628930;-0.286673;0.201270
636;0.274599;-0.385387;0.149108
637;-0.141635;0.433425;0.091444
638;-0.150797;0.110387;-0.081291
639;-0.030106;0.619430;-0.140375
640;0.065733;0.446917;-0.041114
641;0.383284;0.327114;-0.052115
642;0.266738;0.131516;-0.186605
643;0.297036;-0.212642;-0.216980
644;0.637401;-0.537297;-0.077784
645;0.480032;-0.417630;-0.160931
646;0.433127;-0.370892;-0.193195
647;0.695942;-0.091827;-0.534868
648;-1.892068;-0.711600;-0.703361
649;1.708058;-0.142098;0.473908
650;0.178619;0.134982;0.225026
651;-0.268936;-0.018841;-0.360655
652;0.017811;0.024869;-0.071093
653;0.518404;0.012101;0.089910
654;-0.331942;-0.018126;-0.061326
655;0.041279;0.048391;0.024116
656;-0.018619;0.018372;0.004568
657;-0.066566;-0.035846;-0.058184
658;-0.005965;-0.200051;0.041532
659;0.029843;-0.253039;0.053577
660;-0.400726;-0.154822;0.035324
661;-0.439193;-0.159904;0.174376
662;-0.556259;-0.288198;0.347427
663;-0.879356;-0.567982;0.369508
664;-1.133989;-0.490093;0.588803
665;-0.619618;-0.195834;0.236954
666;0.816391;-0.210274;0.077449
667;-0.488894;0.571703;0.141433
668;-0.243174;0.258560;-0.266669
669;-0.029034;0.675292;-0.177368
670;0.057349;0.274276;-0.099484
671;0.357926;0.074631;-0.174345
672;0.057276;-0.265552;-0.445454
673;0.509928;-0.685973;0.017130
674;0.554501;-0.247996;-0.539343
675;0.842527;-0.423891;0.144904
676;0.640744;-0.046806;-0.319594
677;-1.255169;-0.372823;-0.588421
678;1.663479;0.249460;0.241182
679;0.546967;-0.227946;0.324849
680;-0.703290;0.066782;-0.506611
681;0.518414;-0.017244;0.197208
682;0.343474;-0.018639;0.015427
683;-0.400355;-0.025235;-0.063950
684;0.267967;0.023140;0.034138
685;-0.136928;-0.027097;-0.043735
686;-0.031437;-0.053536;0.002448
687;0.043009;-0.082659;0.067603
688;-0.296787;-0.123952;-0.069392
689;-0.229605;-0.147965;0.101121
690;-0.378505;-0.226663;0.178568
691;-0.564866;-0.330666;0.238457
692;-0.974016;-0.582101;0.367058
693;-1.012722;-0.441006;0.674557
694;-0.667091;-0.417987;0.138003
695;0.280816;-0.216682;0.069738
696;-0.375621;0.531091;0.027580
697;-0.156963;0.325578;-0.133910
698;0.070214;0.579026;-0.092448
699;0.162913;0.299258;-0.023622
700;0.233713;0.187146;-0.152596
701;0.108793;-0.109006;-0.326819
702;0.425670;-0.510428;-0.223267
703;0.303846;-0.559773;-0.234469
704;0.730544;-0.259987;0.028059
705;1.085675;-0.058736;-0.123738
706;-0.713558;-0.777650;0.003298
707;0.879465;0.147890;-0.177551
708;0.709930;0.079588;-0.296965
709;0.018077;-0.068136;0.070137
710;-0.039057;-0.022805;-0.188863
711;0.070088;-0.066290;0.038083
712;0.028984;0.049938;0.108060
713;0.003717;0.012097;-0.084955
714;0.006856;-0.010301;-0.142346
715;-0.116626;0.017424;-0.021106
716;0.162175;-0.066828;-0.003483
717;-0.066929;-0.157295;-0.060050
718;-0.110540;-0.193777;0.077441
719;-0.229853;-0.225587;0.169871
720;-0.558119;-0.276256;0.211530
721;-0.881093;-0.694220;0.226454
722;-1.151728;-0.955364;0.506341
723;-0.775231;-0.107541;0.161505
724;0.003668;-0.471679;-0.070091
725;0.129738;0.234840;0.074441
726;-0.307870;0.273059;0.009736
727;-0.088258;0.586789;-0.212006
728;-0.205143;0.589096;-0.230148
729;0.207403;0.356543;-0.132539
730;1.035226;0.040283;-0.061684
731;0.130691;-0.157970;-0.385302
732;0.277849;-0.676318;-0.438320
733;0.660362;-0.525611;-0.311728
734;0.615590;-0.211251;-0.170546
735;-0.463300;-0.409463;0.149962
736;0.686661;-0.140332;-0.368032
737;0.452995;0.027819;-0.195498
738;0.453594;0.025450;0.024901
739;-0.372326;0.008963;-0.211263
740;0.291247;-0.116548;0.007912
741;0.024716;-0.026463;0.049306
742;-0.104991;0.007288;-0.001526
743;-0.052110;0.068948;0.102085
744;0.076930;-0.003266;-0.061382
745;-0.123216;-0.070266;-0.061912
746;0.108696;-0.092896;-0.031240
747;-0.100848;-0.146732;-0.053516
748;-0.263190;-0.185855;-0.000962
749;-0.419321;-0.126995;0.155315
750;-0.386648;-0.157269;0.228112
751;-0.745861;-0.633788;0.260741
752;-0.904864;-0.605401;0.507720
753;-0.821660;-0.195766;0.394406
754;-0.195448;-0.485883;-0.147652
755;0.162919;0.074589;0.113076
756;-0.199884;0.346911;0.052166
757;0.091947;0.442716;-0.132398
758;-0.048095;0.648969;-0.221834
759;0.140619;0.397880;-0.169001
760;0.366500;0.070710;-0.151932
761;0.184287;-0.150574;-0.338504
762;0.578158;-0.616227;0.048277
763;0.432232;-0.287917;-0.422888
764;0.632071;-0.378557;0.022628
765;0.780153;-0.089999;-0.333281
766;-1.275855;-0.648723;-0.863869
767;1.518009;0.016974;0.096049
768;0.441189;0.007215;0.189556
769;-0.123276;-0.107309;-0.145838
770;-0.310583;0.035771;-0.292853
771;0.322946;-0.053838;0.201853
772;-0.028820;0.002209;0.055062
773;0.028661;0.014370;-0.110905
774;0.034518;-0.039445;0.009491
775;-0.079178;-0.008788;0.019466
776;0.028297;-0.068465;0.012911
777;-0.029042;-0.136313;-0.000740
778;-0.224136;-0.106422;0.123836
779;-0.264640;-0.128648;0.166287
780;-0.530496;-0.216872;0.196903
781;-0.914251;-0.455435;0.340393
782;-0.808212;-0.844132;0.346546
783;-0.867278;-0.203964;0.230338
784;0.072770;-0.399168;0.005107
785;-0.034466;0.384551;0.140768
786;-0.321932;0.243373;0.011031
787;-0.001346;0.522107;-0.140423
788;-0.079932;0.455542;-0.094140
789;0.311975;0.292180;-0.040412
790;0.420352;-0.010133;-0.167336
791;0.096866;-0.204332;-0.415653
792;0.346751;-0.546880;-0.082340
793;0.716779;-0.456080;-0.291085
794;0.576938;-0.211316;-0.160678
795;0.623322;-0.157057;-0.345216
796;-0.981001;-0.437094;-0.721406
797;1.424492;0.068767;0.262308
798;0.554142;-0.006741;0.051725
799;-0.377027;-0.042701;-0.133668
800;0.018429;0.048523;-0.105182
801;0.309091;0.028562;0.166359
802;-0.230957;0.038018;-0.010378
803;0.072074;0.034102;-0.077727
804;-0.014684;-0.046911;-0.083297
805;0.037489;-0.056734;-0.059713
806;-0.015808;-0.129336;-0.028918
807;-0.124150;-0.199899;0.051375
808;-0.232841;-0.185269;0.097173
809;-0.506964;-0.214265;0.189269
810;-0.862966;-0.597080;0.314775
811;-0.976760;-0.794747;0.530187
812;-0.846534;-0.035338;0.292996
813;-0.243435;-0.427907;-0.021818
814;0.162869;0.134703;0.141050
815;-0.511336;0.237277;-0.045197
816;-0.119399;0.522416;-0.174954
817;-0.011320;0.393093;-0.063344
818;0.358049;0.359314;-0.029982
819;0.362946;0.122513;-0.189507
820;-0.035960;-0.160796;-0.425394
821;0.532530;-0.623843;-0.012956
822;0.431203;-0.309433;-0.623027
823;0.823267;-0.399370;0.118380
824;0.547854;-0.569904;-0.022207
825;-0.832233;0.066810;-0.654413
826;1.652048;0.138705;-0.116633
827;0.517718;-0.071133;0.262708
828;-0.231083;-0.039421;-0.076462
829;-0.126126;0.071744;-0.235427
830;0.313068;-0.073951;0.118280
831;0.068651;-0.015960;0.032937
832;-0.177921;0.009152;-0.076489
833;-0.042107;-0.004765;0.026194
834;-0.131229;0.036741;0.033109
835;0.046879;-0.079515;-0.028051
836;-0.112180;-0.149303;0.017266
837;-0.102076;-0.175925;0.094945
838;-0.387492;-0.200403;0.092076
839;-0.505446;-0.270410;0.160192
840;-0.986868;-0.646554;0.327836
841;-1.292267;-0.590510;0.723223
842;-0.674580;-0.015195;0.041208
843;0.505027;-0.431750;0.284414
844;-0.099297;0.414273;0.075894
845;-0.225974;0.168772;-0.155164
846;-0.147820;0.664110;-0.144595
847;0.127046;0.305866;-0.066843
848;0.330978;0.225262;-0.099799
849;0.096992;0.007060;-0.331516
850;0.370922;-0.437537;-0.221263
851;0.625180;-0.518986;-0.214711
852;0.541345;-0.229422;-0.403165
853;0.679005;-0.239232;-0.069188
854;0.714222;0.045648;-0.247743
855;-1.091170;-0.552787;-0.760703
856;1.406311;-0.072790;0.041378
857;0.274315;-0.077252;0.156411
858;-0.075178;-0.011241;-0.052721
859;0.168779;-0.051469;0.003164
860;0.182493;-0.000691;0.017107
861;-0.151865;0.019020;-0.025784
862;0.051938;0.020325;0.006590
863;-0.116044;0.007390;0.058882
864;-0.056214;-0.076176;-0.036881
865;0.083843;-0.154237;-0.090837
866;-0.120824;-0.176913;-0.059605
867;-0.304939;-0.134306;0.058425
868;-0.306429;-0.185587;0.174389
869;-0.612247;-0.265198;0.280056
870;-0.950383;-0.573600;0.345057
871;-1.167672;-0.358440;0.771574
872;-0.664381;-0.280906;0.148160
873;0.484559;-0.374078;0.075841
874;-0.084055;0.521067;0.108868
875;-0.124268;0.179185;-0.066759
876;-0.055255;0.688794;-0.157063
877;-0.127835;0.384374;-0.172958
878;0.264553;0.259060;-0.083244
879;0.240782;-0.080819;-0.278796
880;0.258593;-0.443319;-0.369022
881;0.672612;-0.524827;-0.080578
882;0.728427;-0.236099;-0.396199
883;0.721893;-0.170750;-0.276556
884;-0.267900;-0.590086;0.620820
885;0.033696;0.414180;0.027141
886;1.549643;-0.055245;-0.571956
887;-0.312158;-0.139025;-0.159312
888;0.127428;-0.018870;-0.213102
889;0.522752;-0.128619;0.123602
890;-0.260554;-0.003133;-0.078538
891;0.200092;0.005006;-0.063236
892;-0.050719;-0.062322;-0.048800
893;-0.148827;-0.025398;-0.061426
894;-0.035701;-0.036867;0.062032
895;-0.071731;-0.067504;-0.015968
896;-0.198459;-0.146246;-0.035761
897;-0.100485;-0.188941;0.119580
898;-0.368669;-0.256541;0.252119
899;-1.009298;-0.644377;0.379412
900;-1.197689;-0.683267;0.555189
901;-0.772988;-0.224590;0.184549
902;-0.365676;-0.570591;0.131348
903;0.130183;-0.063041;-0.275271
904;-0.004766;0.322209;-0.073874
905;-0.034315;0.509610;-0.211349
906;0.025699;0.778286;-0.067385
907;0.077235;0.376646;-0.208542
908;0.038672;0.412044;-0.355358
909;0.020951;-0.342105;-0.246954
910;0.701922;-0.679903;0.226118
911;0.494448;-0.347615;-0.391809
912;0.762656;-0.384907;0.207150
913;0.730320;0.084785;-0.435195
914;-1.805853;-0.877439;-0.655269
915;1.767557;0.004179;0.084092
916;0.268855;-0.229363;0.129332
917;0.071185;0.170525;-0.029048
918;0.120243;-0.068434;0.097538
919;0.227714;0.042491;-0.015028
920;0.016029;-0.001293;-0.142187
921;0.004358;-0.053885;-0.083434
922;-0.060940;-0.022303;0.014547
923;-0.068867;-0.096036;0.007983
924;-0.136580;-0.157958;-0.017556
925;-0.180778;-0.214636;0.002519
926;-0.329700;-0.123982;0.120355
927;-0.233192;-0.218917;0.145510
928;-0.641840;-0.590402;0.284794
929;-1.034972;-0.874179;0.614032
930;-0.798302;-0.204999;0.325909
931;-0.308150;-0.305448;-0.189578
932;0.436455;0.019535;0.258481
933;-0.177962;0.330775;0.010214
934;-0.140044;0.555982;-0.255151
935;-0.198738;0.571203;-0.274660
936;0.208642;0.314489;-0.059618
937;0.409936;0.061189;-0.200736
938;0.060868;-0.103905;-0.355311
939;0.193040;-0.469503;-0.190550
940;0.553465;-0.525067;-0.213713
941;0.655627;-0.341397;-0.021533
942;0.755133;-0.071976;-0.379073
943;-1.052646;-0.752585;-0.179249
944;1.308698;0.172590;-0.055825
945;0.502719;0.014214;-0.157649
946;-0.015613;-0.004073;-0.094168
947;-0.059455;0.007346;-0.127145
948;0.399086;-0.121783;0.048583
949;-0.207696;0.023276;-0.067880
950;0.107122;0.022584;0.011574
951;-0.075424;-0.045147;0.046808
952;-0.174973;0.045676;0.086097
953;0.067279;-0.046378;-0.052317
954;-0.116923;-0.165684;-0.122837
955;-0.150984;-0.133311;-0.022785
956;-0.216689;-0.102529;0.116366
957;-0.372940;-0.152417;0.120260
958;-0.459905;-0.316965;0.075264
959;-0.921830;-0.663317;0.311715
960;-0.934410;-0.373902;0.516949
961;-0.572718;-0.502171;0.047198
962;0.314303;-0.148916;-0.121427
963;-0.011070;0.513934;0.243290
964;-0.072379;0.347663;-0.095105
965;-0.038271;0.598763;-0.073272
966;-0.293841;0.602967;-0.218385
967;0.138104;0.150689;0.059426
968;0.427045;-0.142263;-0.105830
969;0.263918;-0.205000;-0.282314
970;0.707227;-0.517863;0.011530
971;0.373747;-0.166397;-0.347191
972;0.318479;-0.214344;-0.191567
973;0.640361;-0.044292;-0.438316
974;-1.225953;-0.557143;-1.262923
975;1.351449;0.108721;0.437737
976;0.772226;0.079776;0.092684
977;-0.124321;-0.088683;-0.124267
978;-0.190376;0.052051;-0.185998
979;0.330818;0.005516;0.109459
980;-0.085306;-0.009583;0.025536
981;-0.091786;0.009419;-0.049418
982;0.083771;-0.017333;-0.057930
983;-0.021476;-0.031923;-0.073867
984;0.020660;-0.104579;0.016737
985;-0.133919;-0.155981;0.031722
986;-0.082533;-0.180749;0.129933
987;-0.319011;-0.168383;0.121251
988;-0.757686;-0.568353;0.273166
989;-0.819380;-0.851319;0.361859
990;-1.021456;-0.191926;0.322466
991;-0.211743;-0.453542;0.056901
992;0.028970;0.198847;0.115128
993;-0.493292;0.223907;-0.092111
994;-0.094411;0.530829;-0.157610
995;0.001637;0.466081;-0.055197
996;0.166035;0.386576;-0.094627
997;0.305282;0.127959;-0.093329
998;0.055705;-0.126138;-0.403576
999;0.630371;-0.524436;0.143378
1000;0.638414;-0.390352;-0.228947
1001;0.576769;-0.388376;0.062018
1002;0.686453;-0.051954;-0.365660
1003;-1.283363;-0.927444;-0.297022
1004;0.789543;0.009934;0.006978
1005;0.890654;0.006016;0.008896
1006;0.437048;-0.118135;0.220616
1007;-0.243857;-0.003521;-0.390151
1008;-0.173483;-0.016567;-0.081368
1009;0.417264;0.019785;0.186751
1010;0.034497;-0.007406;-0.096140
1011;-0.197046;0.023327;-0.153438
1012;0.169438;-0.025428;-0.048115
1013;-0.066189;-0.136646;-0.117316
1014;0.066738;-0.149502;0.078147
1015;-0.190068;-0.178763;0.166391
1016;-0.324951;-0.225933;0.084580
1017;-0.510637;-0.223474;0.117716
1018;-1.007432;-0.515659;0.320738
1019;-1.013880;-0.806420;0.342692
1020;-0.792761;-0.444814;0.441603
1021;-0.223820;-0.503693;-0.205312
1022;-0.085121;0.217693;0.066428
1023;-0.388354;0.266462;-0.134241
1024;-0.052090;0.479921;-0.313940
1025;-0.155983;0.531704;-0.355111
1026;0.256007;0.273716;-0.144370
1027;0.654072;-0.018270;-0.257547
1028;0.262712;-0.173032;-0.374814
1029;0.874460;-0.586972;0.024653
1030;0.363620;-0.295495;-0.415256
1031;0.410233;-0.168272;-0.075100
1032;0.569166;0.214653;-0.172954
1033;-0.552632;-0.908530;-0.347444
1034;1.457557;0.155045;-0.100317
1035;0.105438;-0.301763;0.125285
1036;0.340700;0.143685;-0.305936
1037;0.166359;-0.125982;0.069434
1038;0.345344;0.025511;-0.065989
1039;-0.110544;0.023739;-0.177389
1040;0.116669;0.019346;-0.056373
1041;-0.166135;-0.016620;-0.113018
1042;0.002687;-0.003522;-0.009059
1043;-0.102412;-0.110235;0.088384
1044;-0.092671;-0.151229;0.183985
1045;-0.168207;-0.192416;0.170285
1046;-0.585344;-0.297021;-0.008675
1047;-0.641193;-0.701512;0.093837
1048;-1.018540;-1.086683;0.549352
1049;-0.733150;0.034313;0.153154
1050;-0.096896;-0.345617;-0.069927
1051;0.036331;0.295630;-0.011162
1052;-0.346986;0.512882;0.072681
1053;0.184457;0.205921;0.111554
1054;0.225108;0.629166;-0.065923
1055;0.124099;0.373533;-0.195816
1056;0.057561;0.133111;-0.353674
1057;0.177195;-0.441347;-0.236073
1058;0.446823;-0.526905;-0.207271
1059;0.703475;-0.277093;-0.389166
1060;0.728995;-0.428346;0.044356
1061;0.468433;-0.044667;-0.302401
1062;-1.029781;-0.513779;-0.569047
1063;1.054710;-0.058428;-0.128277
1064;0.370479;0.048731;0.052763
1065;0.146149;-0.155137;0.131834
1066;-0.278206;0.034155;-0.316798
1067;0.084519;-0.097223;-0.041950
1068;0.368951;-0.004575;0.030292
1069;-0.148604;-0.012406;-0.095335
1070;-0.103973;-0.005052;0.001466
1071;-0.054894;-0.030817;-0.010492
1072;-0.014353;-0.098424;-0.101035
1073;-0.073357;-0.112066;0.077964
1074;-0.114274;-0.160061;0.130401
1075;-0.265740;-0.293735;0.091358
1076;-0.555859;-0.320648;0.075277
1077;-0.842839;-0.688998;0.209383
1078;-1.143220;-0.668424;0.830633
1079;-0.665727;-0.020018;0.235089
1080;0.518179;-0.457748;-0.016264
1081;0.205744;0.431241;0.269842
1082;-0.134686;0.086179;0.015030
1083;-0.341083;0.802916;-0.244696
1084;-0.353605;0.641517;-0.274227
1085;0.144436;0.269393;-0.116111
1086;0.385232;-0.156002;-0.217347
1087;-0.156174;-0.244935;-0.479009
1088;0.628034;-0.707054;0.021667
1089;0.938968;-0.246555;-0.188906
1090;0.611740;-0.510172;0.002375
1091;0.634368;-0.116663;-0.324474
1092;-1.222348;-0.578902;-0.765214
1093;1.299746;-0.052531;-0.015974
1094;0.520535;0.032747;-0.019005
1095;-0.074207;-0.074825;-0.009354
1096;-0.307404;0.101028;-0.288273
1097;0.314059;-0.121688;0.074705
1098;0.164174;-0.006514;0.066295
1099;-0.112339;-0.000741;-0.113285
1100;-0.002342;-0.030721;0.029354
1101;-0.074880;0.004942;-0.000254
1102;0.085749;-0.031318;-0.078873
1103;0.067376;-0.132685;-0.070264
1104;-0.239497;-0.151280;0.040846
1105;-0.533738;-0.147054;0.134671
1106;-0.412439;-0.281498;0.303003
1107;-0.851301;-0.703767;0.288187
1108;-1.146221;-0.781287;0.723191
1109;-0.679057;-0.085018;0.247596
1110;0.096630;-0.671498;0.060595
1111;-0.081218;0.358819;0.079039
1112;-0.394601;0.320589;-0.111431
1113;0.051375;0.587253;-0.264675
1114;0.086285;0.671843;-0.039832
1115;0.399511;0.349270;-0.077080
1116;0.318994;0.055731;-0.233931
1117;0.009566;-0.268975;-0.467216
1118;0.862809;-0.768843;0.004766
1119;0.717662;-0.264245;-0.326222
1120;0.729155;-0.167831;-0.114252
1121;0.470301;-0.138391;-0.137457
1122;-1.130736;0.167962;-0.762157
1123;1.733510;-0.117101;-0.066578
1124;0.647683;-0.005193;0.381346
1125;-0.546036;0.050089;-0.391858
1126;0.294702;-0.159364;0.005262
1127;0.419544;0.064615;-0.026859
1128;-0.371262;0.025176;-0.058471
1129;0.195379;-0.001951;-0.007483
1130;-0.209120;-0.017087;-0.043133
1131;0.017402;-0.035566;-0.022198
1132;0.023411;-0.139022;0.012514
1133;-0.110440;-0.161902;0.099518
1134;-0.279626;-0.262227;0.002695
1135;-0.451272;-0.269007;0.063809
1136;-0.846559;-0.670350;0.304228
1137;-0.925893;-0.771388;0.568893
1138;-0.735319;-0.074119;0.187050
1139;-0.212118;-0.553011;0.047477
1140;0.149024;0.199827;-0.035979
1141;-0.542818;0.375992;-0.062513
1142;0.052591;0.503510;-0.128506
1143;0.332288;0.451973;0.048043
1144;0.293361;0.335472;-0.090563
1145;-0.147531;0.268145;-0.446856
1146;-0.219637;-0.238032;-0.517744
1147;1.096057;-0.675366;0.177070
1148;0.519074;-0.364391;-0.477534
1149;1.007741;-0.222056;-0.000865
1150;0.517493;-0.006463;-0.568475
1151;-1.624762;-0.818569;-0.856749
1152;1.389850;0.001294;0.342811
1153;0.470499;0.139415;0.208710
1154;-0.233717;-0.034623;-0.092615
1155;-0.049222;0.069616;-0.116590
1156;0.391404;-0.066912;0.085872
1157;-0.266776;0.002276;-0.033685
1158;0.203086;0.005038;-0.045096
1159;-0.015127;-0.028615;-0.060441
1160;-0.003907;-0.058271;-0.115080
1161;0.075896;-0.098643;-0.029930
1162;-0.001234;-0.168728;-0.012646
1163;-0.245588;-0.160114;0.027507
1164;-0.327953;-0.155950;0.103363
1165;-0.361635;-0.174843;0.183985
1166;-0.725349;-0.621391;0.316481
1167;-0.840181;-0.715568;0.652964
1168;-0.702299;-0.071011;0.360753
1169;-0.331241;-0.591224;0.136319
1170;0.087785;0.013977;0.082661
1171;-0.489752;0.452784;0.019177
1172;-0.040016;0.266119;-0.182870
1173;0.059654;0.687009;-0.119146
1174;-0.015698;0.387939;-0.096711
1175;0.484126;0.066749;-0.170668
1176;0.047326;0.009219;-0.318027
1177;0.540033;-0.522847;-0.153107
1178;0.432766;-0.534211;-0.219170
1179;0.615457;-0.269777;-0.250639
1180;0.578999;-0.240510;-0.264733
1181;0.143091;-0.372930;0.421960
1182;0.060782;0.231648;-0.115113
1183;1.211783;0.103549;-0.304015
1184;0.455577;-0.309870;-0.116964
1185;-0.585923;0.086161;-0.477924
1186;0.478708;-0.082468;0.195821
1187;0.357278;0.017775;0.005113
1188;-0.350559;-0.014379;-0.161759
1189;0.251775;0.015633;-0.005752
1190;-0.209718;-0.014912;-0.038156
1191;-0.017999;-0.054813;0.050093
1192;-0.132076;-0.089278;-0.018186
1193;-0.096405;-0.196359;0.084650
1194;-0.258508;-0.218864;0.049412
1195;-0.656792;-0.277827;0.155155
1196;-0.889996;-0.845093;0.260788
1197;-1.104565;-0.744558;0.832204
1198;-0.632454;-0.029118;0.144748
1199;0.223518;-0.451439;0.065362
1200;-0.210124;0.622680;0.070438
1201;-0.077616;0.211116;-0.046763
1202;0.128880;0.689773;-0.077097
1203;0.068091;0.490641;-0.174830
1204;0.176931;0.323330;-0.177369
1205;0.159573;-0.122706;-0.344349
1206;0.255278;-0.568094;-0.119160
1207;0.520962;-0.541578;0.079662
1208;0.648369;-0.271467;-0.029235
1209;0.744367;-0.144690;-0.163505
1210;-0.010634;-0.714680;0.503095
1211;0.115335;0.400349;-0.433203
1212;1.100061;0.182066;-0.175822
1213;0.570348;-0.148655;0.174628
1214;-0.466577;-0.022468;-0.409196
1215;0.199910;-0.067430;0.093191
1216;0.398319;0.049426;-0.082656
1217;-0.100077;-0.014446;-0.151451
1218;0.208127;-0.020559;-0.073483
1219;-0.152487;-0.052287;-0.053898
1220;0.084150;-0.073890;0.028977
1221;-0.149227;-0.123880;0.001384
1222;-0.153127;-0.123890;0.025692
1223;-0.225264;-0.211556;0.110140
1224;-0.460761;-0.207230;0.145435
1225;-0.970828;-0.625708;0.221607
1226;-0.981291;-0.761086;0.401184
1227;-0.704981;-0.113498;0.172496
1228;-0.087965;-0.645023;-0.061432
1229;-0.164135;0.366552;0.057407
1230;-0.271017;0.154871;-0.098575
1231;-0.060362;0.577277;-0.248699
1232;-0.158757;0.507449;-0.148823
1233;0.299314;0.365847;-0.151737
1234;0.432371;-0.005342;-0.200673
1235;0.010745;-0.364684;-0.499154
1236;0.756599;-0.697130;0.046609
1237;0.675472;-0.249798;-0.436228
1238;0.850792;-0.136149;-0.098810
1239;0.050417;-0.545012;0.471258
1240;0.036709;0.304035;-0.209179
1241;1.283299;-0.027568;-0.515077
1242;-0.380742;-0.126600;0.131581
1243;0.130618;0.027695;-0.156919
1244;0.291518;-0.135342;0.069786
1245;-0.030064;-0.040278;-0.202312
1246;0.194327;-0.018990;-0.059263
1247;0.004584;0.004802;-0.068145
1248;-0.092639;-0.004601;-0.026085
1249;0.029049;-0.029564;0.036117
1250;-0.040855;-0.079737;-0.007295
1251;-0.284605;-0.078672;0.015179
1252;-0.393368;-0.190804;0.105407
1253;-0.689612;-0.328934;0.325258
1254;-0.861980;-0.659715;0.255449
1255;-1.095732;-0.517397;0.625385
1256;-0.610603;-0.256172;0.028427
1257;0.235363;-0.285961;-0.132275
1258;-0.133776;0.597090;0.022474
1259;-0.145097;0.357141;-0.039619
1260;0.251387;0.566569;-0.049395
1261;0.044402;0.561424;-0.145050
1262;0.111257;0.374140;-0.211532
1263;0.061023;-0.079337;-0.236465
1264;0.388065;-0.455473;-0.011233
1265;0.452971;-0.508617;-0.207153
1266;0.351026;-0.304229;-0.330198
1267;0.698448;-0.170895;-0.299279
1268;0.274828;-0.435919;0.343974
1269;0.483532;0.390119;-0.124933
1270;1.238722;0.076827;-0.648473
1271;-0.322453;-0.219639;-0.067830
1272;0.068390;-0.011061;-0.154685
1273;0.401043;-0.075140;0.112768
1274;-0.088096;0.011626;-0.043130
1275;-0.061968;0.027924;-0.119332
1276;0.105424;-0.015900;-0.053391
1277;-0.071947;0.011873;-0.102125
1278;-0.008239;-0.063857;-0.030437
1279;-0.045857;-0.131668;0.001004
1280;-0.105008;-0.175785;0.062123
1281;-0.167696;-0.242654;0.053702
1282;-0.485133;-0.261470;0.103297
1283;-0.830625;-0.627252;0.269490
1284;-1.188785;-0.883973;0.575053
1285;-0.692239;-0.181383;0.069737
1286;0.154453;-0.602218;0.096025
1287;0.288747;0.162000;0.093096
1288;-0.660322;0.435392;-0.098357
1289;0.094790;0.756953;-0.272440
1290;0.140174;0.521421;0.100066
1291;0.130831;0.585549;-0.077393
1292;0.287675;0.184007;-0.212353
1293;-0.298896;-0.025485;-0.483370
1294;0.982643;-0.848077;0.319201
1295;0.324046;-0.420578;-0.476337
1296;0.832086;-0.402918;0.049264
1297;0.530295;-0.459362;-0.035129
1298;-0.725475;-0.136820;-0.490049
1299;1.698709;0.142617;-0.369066
1300;0.270637;-0.360581;0.193183
1301;0.019253;0.067922;-0.250990
1302;-0.015128;-0.105082;0.018503
1303;0.115504;0.056158;0.132656
1304;-0.144229;0.020966;0.037809
1305;0.063870;-0.019366;-0.082710
1306;-0.100715;-0.017556;-0.132965
1307;0.084760;-0.046236;-0.036050
1308;0.128988;-0.082135;-0.047334
1309;-0.078308;-0.146650;-0.115224
1310;-0.223205;-0.181415;0.044441
1311;-0.324860;-0.203093;0.146890
1312;-0.654157;-0.314550;0.284360
1313;-0.906836;-0.597161;0.293557
1314;-0.900606;-0.581989;0.656344
1315;-0.827867;-0.347418;0.393113
1316;0.185375;-0.320981;-0.287054
1317;-0.128518;0.537451;-0.100572
1318;-0.370467;0.423413;0.131662
1319;0.464388;0.286171;0.046210
1320;0.087826;0.567522;-0.115687
1321;-0.037607;0.370254;-0.239296
1322;0.084498;0.094463;-0.275515
1323;0.713961;-0.317870;-0.110162
1324;0.633367;-0.557857;-0.040765
1325;0.532441;-0.359350;-0.333108
1326;0.760376;-0.288669;-0.258619
1327;0.693088;-0.142403;-0.356424
1328;-1.466965;-0.453507;-0.704362
1329;1.409275;-0.019028;-0.046723
1330;0.391054;0.013784;0.311747
1331;-0.187661;-0.041549;-0.221499
1332;0.006327;0.053705;-0.226002
1333;0.371311;0.029150;0.066300
1334;0.017067;-0.080139;-0.080210
1335;-0.147418;-0.008817;-0.079255
1336;0.091215;0.007635;0.034617
1337;-0.012853;-0.079396;-0.066485
1338;-0.246121;-0.081614;0.079598
1339;0.021481;-0.106820;0.133423
1340;-0.123409;-0.206995;0.044753
1341;-0.407344;-0.270790;0.011041
1342;-0.294299;-0.353721;0.058412
1343;-0.846784;-0.678609;0.264533
1344;-1.316076;-0.463565;0.703656
1345;-0.693398;-0.286963;-0.174800
1346;0.416718;-0.067665;0.188215
1347;-0.252851;0.203867;-0.038673
1348;-0.074416;0.634541;-0.151824
1349;0.143671;0.458749;-0.047928
1350;0.198642;0.461721;-0.161107
1351;0.131896;0.244630;-0.254627
1352;-0.020424;-0.182407;-0.439741
1353;0.735677;-0.554214;0.083569
1354;0.771565;-0.407074;-0.327550
1355;0.634238;-0.375804;-0.047743
1356;0.346925;-0.187785;-0.426687
1357;-0.614740;-0.588041;0.371360
1358;0.581720;0.254691;0.145264
1359;1.387557;-0.122905;-0.272942
1360;0.186103;-0.142746;-0.099133
1361;-0.663810;0.022812;-0.293082
1362;0.436618;-0.093237;0.145545
1363;0.241304;0.035531;0.039052
1364;-0.146587;0.001079;-0.158429
1365;0.092721;0.002757;-0.073548
1366;-0.042694;-0.000075;-0.013077
1367;-0.022291;-0.011862;-0.038900
1368;0.009682;-0.096940;-0.017171
1369;0.025510;-0.127115;-0.010584
1370;-0.000721;-0.252636;0.078078
1371;-0.372098;-0.239705;0.095772
1372;-0.719797;-0.415904;0.373931
1373;-0.779082;-0.580409;0.296591
1374;-1.196182;-0.455206;0.652301
1375;-0.616821;-0.240450;0.029245
1376;0.374668;-0.305263;0.144919
1377;-0.284543;0.505348;0.066470
1378;-0.254070;0.213890;-0.198307
1379;0.054754;0.732461;-0.251722
1380;-0.059791;0.346827;-0.147443
1381;0.397764;0.125571;-0.143632
1382;0.198325;-0.148382;-0.292792
1383;0.464362;-0.549321;-0.129605
1384;0.732261;-0.423669;-0.277419
1385;0.569835;-0.313784;-0.253891
1386;0.616904;-0.190659;-0.321569
1387;0.365019;-0.009689;0.063871
1388;-0.631299;-0.089513;-0.445564
1389;1.551804;0.086663;-0.251732
1390;0.275181;-0.120274;0.109739
1391;-0.311362;-0.059659;-0.319323
1392;0.412534;-0.016546;0.060469
1393;0.136881;-0.020569;-0.084213
1394;-0.107507;-0.010146;-0.118835
1395;0.094675;0.009252;0.021150
1396;-0.075353;-0.002845;-0.047785
1397;0.043506;-0.048941;-0.071039
1398;0.023061;-0.123364;-0.048666
1399;-0.111346;-0.161110;0.042866
1400;-0.283933;-0.178315;0.119356
1401;-0.489837;-0.209552;0.239028
1402;-0.631698;-0.465234;0.272400
1403;-0.733055;-0.574504;0.205321
1404;-0.736293;-0.175282;0.319390
1405;-0.429391;-0.388978;0.066303
1406;0.200664;0.016377;0.164885
1407;-0.556646;0.281608;0.079095
1408;0.019028;0.318923;-0.216026
1409;-0.149420;0.626987;-0.079579
1410;0.122733;0.400349;-0.145502
1411;0.345722;0.134119;-0.155509
1412;0.057485;-0.105025;-0.463361
1413;0.389670;-0.743289;-0.054420
1414;0.524971;-0.430034;-0.314759
1415;0.597614;-0.420157;-0.005314
1416;0.633037;-0.064628;-0.310637
1417;-0.603720;-0.714995;0.302857
1418;1.076018;-0.043230;-0.104419
1419;0.267105;0.027302;-0.592083
1420;0.091344;-0.033971;0.068462
1421;0.154432;0.039514;-0.206207
1422;0.293639;-0.110356;-0.003863
1423;0.123714;0.007283;-0.076641
1424;-0.043771;-0.025797;-0.124360
1425;-0.073387;-0.033701;0.057372
1426;-0.033721;-0.012546;0.029734
1427;-0.036657;-0.089487;-0.076568
1428;-0.000879;-0.130176;-0.068277
1429;-0.075280;-0.223427;0.053076
1430;-0.350579;-0.179572;0.078432
1431;-0.489226;-0.254478;0.110535
1432;-0.801481;-0.666262;0.270231
1433;-1.032659;-0.774123;0.744003
1434;-0.753617;-0.107161;0.254418
1435;-0.060573;-0.487284;-0.157222
1436;0.134463;0.323839;-0.015127
1437;-0.192219;0.260442;0.011959
1438;0.083169;0.464850;-0.173413
1439;-0.297316;0.665635;-0.247030
1440;0.022795;0.374866;-0.163238
1441;0.385702;0.023885;-0.194005
1442;0.239304;-0.269707;-0.390057
1443;0.508717;-0.627090;-0.025794
1444;0.649253;-0.428320;-0.257881
1445;0.817192;-0.326269;0.016506
1446;0.622390;-0.144543;-0.186707
1447;-1.349725;-0.039952;-0.679422
1448;1.814585;0.136260;0.062644
1449;0.357843;-0.245170;0.396410
1450;-0.566313;0.183489;-0.319993
1451;0.383096;-0.085803;0.091881
1452;0.415972;0.031689;-0.018364
1453;-0.311856;-0.013134;-0.164652
1454;0.178850;0.012467;-0.044433
1455;-0.080937;-0.031013;-0.021119
1456;-0.046591;-0.040612;-0.045765
1457;0.019806;-0.140830;-0.042725
1458;-0.163772;-0.189895;0.033260
1459;-0.155901;-0.171111;0.054225
1460;-0.433234;-0.165127;0.138772
1461;-0.695271;-0.408094;0.394259
1462;-0.841286;-0.554298;0.291586
1463;-1.075427;-0.094013;0.300086
1464;0.379604;-0.633110;0.388749
1465;-0.098574;0.029652;0.135397
1466;-0.824947;0.292975;-0.268449
1467;-0.216304;0.495970;-0.206657
1468;0.247241;0.289849;0.021966
1469;0.609108;0.337365;0.068683
1470;0.230017;0.254054;-0.256969
1471;-0.209132;-0.099497;-0.534118
1472;0.756760;-0.521479;-0.097192
1473;0.678423;-0.412240;-0.320596
1474;0.703744;-0.367651;-0.077894
1475;0.599753;-0.086679;-0.472170
1476;-0.495878;-0.589586;0.518089
1477;0.411640;0.347432;-0.085647
1478;1.491507;-0.045877;-0.434514
1479;-0.045048;-0.261368;0.113855
1480;-0.278415;0.089843;-0.468280
1481;0.432086;-0.188360;0.106231
1482;0.241627;0.056008;-0.015772
1483;-0.214335;-0.005408;-0.134533
1484;0.178137;-0.019493;-0.018552
1485;-0.082047;-0.018386;-0.007820
1486;0.008769;-0.071887;0.000939
1487;-0.081163;-0.178091;-0.029034
1488;-0.140234;-0.198288;0.057854
1489;-0.324047;-0.203892;0.047466
1490;-0.450021;-0.242382;0.042156
1491;-0.601056;-0.593545;0.228896
1492;-1.141779;-0.666519;0.783824
1493;-0.724336;-0.270075;0.175223
1494;-0.154485;-0.585401;0.103351
1495;0.232518;0.216682;-0.233108
1496;0.005825;0.480599;0.144917
1497;-0.111629;0.516521;-0.113713
1498;0.261681;0.574521;-0.109613
1499;-0.097931;0.624138;-0.193678
1500;0.012821;0.319515;-0.358870
1501;0.090982;-0.185173;-0.459103
1502;0.896270;-0.642795;0.269960
1503;0.475293;-0.370570;-0.302939
1504;0.558042;-0.260714;-0.124308
1505;0.478185;-0.134492;-0.418168
1506;-1.160870;-0.878830;-0.172391
1507;1.205361;0.346200;0.124351
1508;0.899121;0.027212;-0.107529
1509;-0.230193;-0.081242;-0.065616
1510;-0.155138;0.018854;-0.274312
1511;0.476117;-0.067489;0.096635
1512;0.109192;-0.008447;0.014005
1513;-0.215241;-0.020422;-0.109019
1514;0.060185;-0.013496;-0.010944
1515;-0.009375;-0.045833;-0.069197
1516;-0.035881;-0.113446;-0.033151
1517;-0.049270;-0.212442;-0.016899
1518;-0.204284;-0.228519;-0.008861
1519;-0.223907;-0.195712;0.028631
1520;-0.414103;-0.145829;0.076508
1521;-0.713114;-0.491950;0.257003
1522;-0.911047;-0.593366;0.559811
1523;-0.788741;-0.014054;0.309299
1524;-0.012537;-0.482687;-0.035300
1525;0.282492;-0.021332;0.105450
1526;-0.720176;0.256430;-0.123721
1527;-0.008073;0.452054;-0.266093
1528;0.075225;0.348703;-0.024143
1529;0.334755;0.312112;-0.101161
1530;0.050508;0.264857;-0.322426
1531;0.017819;-0.152509;-0.298206
1532;0.722204;-0.382164;-0.028112
1533;0.514555;-0.308737;-0.196581
1534;0.707211;-0.246001;-0.065309
1535;0.460618;-0.179532;-0.174942
1536;0.416546;-0.274363;-0.126613
1537;-1.088637;-0.058109;-0.697347
1538;1.482762;0.061231;0.020194
1539;0.462887;-0.035256;0.175402
1540;-0.252948;-0.027997;-0.284516
1541;0.012591;0.020316;-0.051551
1542;0.394496;0.003534;0.064543
1543;-0.233820;0.012085;-0.078669
1544;0.023269;-0.001927;-0.035483
1545;0.032563;-0.029877;-0.067034
1546;-0.184873;-0.021160;-0.057244
1547;-0.054348;-0.058095;0.042892
1548;-0.118187;-0.086378;-0.022812
1549;-0.047121;-0.125809;0.038189
1550;-0.049532;-0.130201;-0.002410
1551;-0.059829;-0.094491;-0.095970
1552;-0.019916;-0.079202;-0.032269
1553;-0.006451;-0.088291;0.033588
1554;-0.185080;-0.092351;0.038741
1555;-0.447528;-0.123351;0.056310
1556;-0.572597;-0.263795;0.182105
1557;-0.556574;-0.190265;0.299488
1558;-0.538998;-0.065014;0.013058
1559;-0.008100;-0.392093;0.024877
1560;-0.147479;0.119054;0.079905
1561;-0.200988;0.007226;-0.070118
1562;-0.137182;0.376731;-0.178075
1563;0.013213;0.251668;-0.091881
1564;0.389757;0.171105;0.014116
1565;0.202067;0.097278;-0.204325
1566;0.112222;-0.097425;-0.281895
1567;0.664043;-0.251196;-0.054994
1568;0.521516;-0.133993;-0.124918
1569;0.550134;-0.063378;-0.188522
1570;0.509363;-0.046984;-0.159803
1571;0.363634;-0.025869;-0.214735
1572;-0.948952;-0.469597;-0.154419
1573;0.615701;-0.076380;-0.117567
1574;0.304507;-0.072305;0.046932
1575;0.111877;0.064722;-0.061597
1576;-0.082488;-0.021425;-0.183193
1577;0.070182;-0.046321;-0.124610
1578;0.090718;0.025672;-0.052369
1579;-0.000461;-0.020981;-0.084043
1580;-0.058999;-0.010269;-0.056806
1581;-0.003992;0.004289;0.011582
1582;0.016374;-0.017870;-0.021570
1583;0.015432;-0.018330;-0.046298
1584;-0.022416;-0.002429;-0.061239
1585;-0.004625;-0.032261;-0.003278
1586;-0.067730;-0.000435;0.018003
1587;-0.053460;-0.001080;-0.004833
1588;0.002776;-0.029189;-0.034004
1589;0.017106;-0.019753;-0.061743
1590;0.012335;-0.021965;-0.018361
1591;0.087067;-0.029898;-0.012605
1592;0.051026;0.002787;-0.082818
1593;0.056869;-0.048085;-0.045671
1594;0.112160;0.031370;-0.099853
1595;0.012484;0.004393;-0.069646
1596;0.059987;-0.013688;-0.042148
1597;0.047700;-0.027408;-0.030410
1598;-0.012971;-0.024741;-0.011614
1599;-0.008014;-0.012191;-0.007063
1600;-0.021653;-0.006491;-0.029445
1601;0.012580;-0.007817;-0.043951
1602;0.039501;-0.008753;-0.052854
1603;0.071074;-0.017635;-0.034872
1604;0.072550;-0.013516;-0.032684
1605;0.032895;-0.012322;-0.044566
1606;0.017455;-0.010598;-0.031711
1607;0.031119;-0.010657;-0.017344
1608;0.034045;-0.010375;-0.023583
1609;0.018299;-0.013027;-0.029304
1610;0.022010;-0.009159;-0.019383
1611;0.030200;-0.010936;-0.020654
1612;0.021052;-0.006903;-0.023312
1613;0.027216;-0.015073;-0.018283
1614;0.035414;-0.010181;-0.015001
1615;0.018286;-0.007365;-0.020245
1616;0.023504;-0.014351;-0.020120
1617;0.026921;-0.003508;-0.034256
1618;0.023937;0.003731;-0.031238
1619;0.055608;-0.018323;-0.032236
1620;0.028467;-0.002496;-0.042126
1621;0.029653;-0.012078;-0.048830
1622;0.033922;-0.006507;-0.028817
1623;0.008247;-0.005067;-0.025077
1624;0.005077;-0.003155;-0.027471
1625;-0.000537;-0.003550;-0.020890
1626;0.014188;-0.005886;-0.023975
1627;-0.001897;-0.003807;-0.021020
1628;-0.002955;-0.006700;-0.024824
1629;0.010350;-0.001968;-0.018055
1630;0.008384;-0.010578;-0.018329
1631;-0.000917;-0.005387;-0.024001
1632;0.016172;-0.002967;-0.021264
1633;0.008539;-0.006632;-0.016709
1634;-0.001443;-0.003762;-0.012042
1635;0.005465;-0.003090;-0.008864
1636;0.008061;-0.003580;-0.007558
1637;0.006476;-0.004328;-0.010991
1638;0.009537;-0.003468;-0.010629
1639;0.003940;-0.003154;-0.011473
1640;0.012271;-0.004588;-0.006351
1641;0.012560;-0.005360;-0.010560
1642;0.010753;-0.004694;-0.010539
1643;0.019163;-0.003153;-0.010573
1644;0.006716;-0.005723;-0.011004
1645;0.001501;-0.004732;-0.009213
1646;0.013624;-0.000924;-0.001125
1647;-0.006605;-0.002948;-0.007843
1648;0.001888;-0.005543;-0.007767
1649;0.007652;-0.004427;-0.003453
1650;0.006700;-0.003063;-0.009023
1651;0.011700;-0.004999;-0.012149
1652;0.004325;-0.003840;-0.005089
1653;0.001783;-0.002323;-0.007251
1654;0.007008;-0.001369;-0.003385
1655;-0.003341;-0.003803;-0.008394
1656;0.005614;-0.003934;0.001038
1657;0.000728;-0.001063;-0.009594
1658;0.002269;-0.005693;-0.010006
1659;0.006092;-0.005279;-0.001921
1660;0.006324;-0.003325;-0.010542
1661;-0.005650;-0.005597;-0.008816
1662;0.014319;-0.003167;0.004390

