index;x;y;z
0;-0.036168;0.018493;-0.006458
1;0.058485;-0.001525;0.027238
2;0.024082;0.002847;-0.004373
3;0.010047;0.005373;-0.025377
4;0.004265;-0.003207;-0.018971
5;-0.029650;0.004994;-0.014193
6;0.032795;-0.005604;0.028404
7;-0.065424;-0.018444;-0.031447
8;0.075400;0.017420;0.000466
9;-0.036181;-0.021766;-0.021946
10;-0.002707;0.004418;0.006578
11;0.006488;-0.001842;0.035495
12;-0.025955;-0.016480;0.014825
13;0.037404;0.003580;0.010579
14;0.048489;-0.002915;0.003179
15;-0.019637;-0.006030;-0.025485
16;-0.027648;-0.009189;-0.014509
17;-0.036805;-0.010427;0.014407
18;-0.000166;-0.000092;0.005053
19;-0.009576;-0.003798;-0.026832
20;-0.004320;-0.001867;-0.026139
21;0.026178;0.006041;0.002886
22;-0.023774;0.000160;0.008603
23;-0.026220;-0.003911;0.022758
24;-0.030768;-0.012038;0.014925
25;-0.033359;-0.005181;0.028584
26;-0.052219;-0.002191;0.021784
27;-0.057158;0.008325;0.023267
28;0.002074;-0.002522;0.024387
29;0.046083;0.004481;-0.008445
30;0.059824;-0.006056;-0.041504
31;0.041987;-0.000498;-0.000979
32;0.050639;0.001241;-0.009543
33;0.040978;0.004957;0.007081
34;-0.014152;-0.009029;-0.013609
35;-0.060710;-0.016729;0.018748
36;-0.012125;0.006315;0.017787
37;-0.013344;-0.012141;0.006139
38;-0.007682;-0.000150;-0.015262
39;-0.019270;-0.003392;-0.027798
40;0.073767;-0.002527;-0.040712
41;0.021180;-0.008892;0.011457
42;0.016529;0.006847;0.000899
43;0.013803;-0.000911;0.013621
44;0.004236;-0.002156;-0.005247
45;0.006914;0.001633;0.003390
46;0.017563;-0.006424;0.007320
47;-0.005677;0.008345;0.003992
48;0.001384;-0.004081;0.003800
49;-0.028137;-0.011814;0.011904
50;0.007339;-0.009529;-0.002680
51;0.007797;-0.001463;0.012621
52;0.003705;-0.001293;-0.002071
53;-0.010547;-0.006719;0.001903
54;0.017203;-0.006073;0.010623
55;0.027330;-0.007863;-0.000254
56;0.007405;0.000834;0.000834
57;0.008509;-0.008760;-0.007863
58;0.000947;0.002781;-0.006016
59;0.016128;-0.007337;-0.005107
60;0.003564;-0.005400;0.000178
61;0.005305;0.002037;-0.005913
62;-0.014007;-0.009546;0.006683
63;-0.005410;-0.000747;0.001284
64;-0.027570;-0.008015;0.002923
65;-0.011789;0.000180;0.010195
66;-0.018872;-0.013744;0.007258
67;-0.014893;-0.000257;0.014041
68;0.000551;-0.007923;0.002224
69;0.016500;-0.009596;0.001843
70;0.008518;-0.001274;0.000728
71;0.001464;-0.004146;-0.001998
72;0.001836;-0.006250;-0.002058
73;-0.017186;0.001487;-0.001277
74;-0.017745;0.000446;0.010990
75;-0.033527;-0.003145;0.008054
76;-0.065522;-0.003487;0.012072
77;0.030085;-0.009849;0.008180
78;0.024517;0.011291;-0.003080
79;-0.019369;-0.001028;-0.023578
80;0.041221;-0.001911;-0.002495
81;0.063814;0.002680;-0.010591
82;0.067782;0.006936;-0.038879
83;0.056750;0.010794;-0.032793
84;0.051562;0.000554;-0.003185
85;0.044420;0.031320;-0.024961
86;-0.020344;0.003564;-0.020045
87;0.059967;0.014027;0.020925
88;0.168162;-0.019450;0.004316
89;0.079776;0.020048;-0.041649
90;0.077318;-0.027837;-0.025620
91;0.057394;0.005760;-0.023066
92;0.041551;0.010627;0.029227
93;0.002077;0.019156;0.018230
94;-0.028504;-0.015079;-0.000409
95;-0.019817;-0.004663;0.006752
96;-0.022870;0.005948;0.010257
97;-0.019749;-0.005685;0.009546
98;-0.032422;-0.006333;0.031639
99;-0.043287;-0.025384;0.030328
100;-0.005928;-0.046372;0.045932
101;-0.055777;-0.025136;0.086230
102;0.038701;-0.057683;0.030798
103;-0.039793;-0.134224;0.064070
104;-0.067501;-0.133329;0.015525
105;-0.066090;-0.110966;0.011294
106;-0.171318;-0.064758;0.050664
107;-0.233825;-0.095055;0.100653
108;-0.252562;-0.150101;0.114299
109;-0.423946;-0.208565;0.144692
110;-0.598357;-0.333623;0.206385
111;-0.360360;-0.144624;0.063892
112;0.023794;-0.143127;-0.009000
113;-0.070923;-0.082942;0.196135
114;-0.361276;0.264651;0.011980
115;-0.053252;0.028229;0.007888
116;-0.064517;0.276101;0.008208
117;0.387880;0.077074;0.124661
118;0.125005;0.139925;-0.038702
119;0.196902;-0.037765;-0.086440
120;0.454726;-0.057972;-0.108618
121;0.257833;-0.103076;-0.153802
122;0.288648;-0.084987;-0.168579
123;0.338148;-0.098926;-0.096763
124;0.323463;-0.090246;-0.134859
125;0.267984;-0.099810;0.020364
126;-0.670273;-0.172821;-0.194326
127;0.597731;0.048090;0.005049
128;0.073605;0.111755;0.147798
129;0.063434;0.010420;-0.093203
130;-0.166808;-0.070081;-0.034190
131;0.208749;0.012616;0.203894
132;-0.001546;0.002657;0.091353
133;0.103504;-0.040406;-0.053671
134;0.093322;0.011331;-0.081292
135;0.063784;0.011297;0.015918
136;0.001545;0.010234;0.009856
137;0.037852;-0.030051;0.011153
138;-0.013692;-0.067024;-0.040269
139;-0.007291;-0.112544;-0.011924
140;-0.047352;-0.087008;0.099817
141;-0.093246;-0.107081;0.188548
142;-0.263581;-0.106559;0.220662
143;-0.554179;-0.397602;0.357765
144;-0.754827;-0.491310;0.416650
145;-0.908195;-0.539460;0.102414
146;-0.595060;-0.380309;0.284870
147;0.031583;-0.203352;0.132682
148;-0.089215;0.019200;0.136521
149;-0.509899;0.350297;-0.070712
150;-0.059750;0.230667;-0.034860
151;0.141825;0.399010;-0.049312
152;0.272794;0.260363;0.036056
153;0.220151;0.159239;-0.137418
154;0.249225;-0.104891;-0.180865
155;0.480671;-0.118308;-0.097852
156;0.319893;-0.303485;-0.169793
157;0.153307;-0.247207;-0.206462
158;0.313072;-0.122036;-0.211102
159;0.536664;0.080570;-0.174245
160;-0.144960;-0.194948;0.321701
161;0.659940;-0.163213;-0.093940
162;-0.332849;-0.158273;-0.569555
163;0.057648;0.100618;0.040175
164;0.399237;-0.041041;0.208454
165;-0.187142;-0.010834;0.111189
166;-0.016542;0.010008;-0.021357
167;0.096469;-0.019296;-0.040281
168;-0.073449;-0.007036;0.004830
169;0.022262;0.019528;0.021054
170;-0.076834;-0.004824;-0.003517
171;0.008028;-0.044476;-0.004405
172;0.044743;-0.083699;0.013395
173;-0.156338;-0.096897;0.073217
174;-0.153492;-0.144132;0.127162
175;-0.290866;-0.186851;0.142814
176;-0.314115;-0.475693;0.166791
177;-0.851147;-0.766373;0.211975
178;-1.240813;-0.551950;0.453824
179;-0.409884;-0.323111;-0.034881
180;0.374948;-0.139024;0.128959
181;0.051511;0.165008;0.142747
182;-0.289671;0.360768;-0.066823
183;-0.093077;0.486835;-0.064261
184;-0.143206;0.418522;-0.094826
185;0.261996;0.276447;-0.019799
186;0.203887;0.231014;-0.191806
187;0.252272;-0.180870;-0.107054
188;0.576866;-0.197583;0.068920
189;0.525557;-0.117449;-0.152289
190;0.415858;-0.166101;0.068738
191;0.176690;-0.101281;-0.117399
192;-0.193360;-0.383104;0.203350
193;-0.319729;0.221154;-0.227657
194;1.032772;0.276061;0.058827
195;0.407660;-0.017481;0.237667
196;-0.352869;-0.097069;-0.206441
197;0.073480;0.017304;0.030353
198;0.273131;0.021705;0.062499
199;-0.128832;-0.043989;-0.062550
200;0.099297;0.035838;-0.002726
201;0.013240;0.006416;-0.040978
202;0.027550;-0.024922;-0.013807
203;0.021309;-0.073964;0.007402
204;-0.113758;-0.107583;0.033034
205;-0.132680;-0.118548;0.118310
206;-0.177526;-0.163147;0.151111
207;-0.247563;-0.200535;0.137827
208;-0.431714;-0.285313;0.097491
209;-0.694977;-0.591050;0.120663
210;-0.888554;-0.787745;0.586419
211;-0.606646;-0.290675;0.249916
212;0.016356;-0.652839;0.177150
213;-0.181655;0.171534;-0.024930
214;-0.060395;0.266132;0.175368
215;-0.243894;0.271571;-0.031264
216;0.074860;0.489326;-0.017506
217;-0.143924;0.342960;-0.104735
218;0.078208;0.191091;-0.233331
219;0.231834;-0.034672;-0.173127
220;0.679438;-0.306826;-0.043887
221;0.436938;-0.358136;-0.230107
222;0.399136;-0.163878;-0.224737
223;0.334728;-0.156084;-0.204425
224;0.655231;0.184180;-0.196182
225;-0.936235;-0.629118;-0.224510
226;1.173010;0.070938;0.164676
227;0.127521;0.188406;-0.267279
228;-0.050841;-0.086820;-0.019223
229;0.023570;0.069704;-0.156835
230;0.196018;-0.046304;-0.012396
231;-0.025198;-0.041551;0.024368
232;-0.058824;0.009583;0.027225
233;-0.076357;-0.014639;0.053355
234;-0.184291;-0.002251;0.115411
235;0.044865;0.008218;0.083528
236;-0.091866;-0.101217;-0.001280
237;-0.188028;-0.147651;0.022800
238;-0.204948;-0.241990;0.108921
239;-0.339765;-0.252067;0.140914
240;-0.315482;-0.291609;0.141002
241;-0.652286;-0.452321;0.210374
242;-0.924894;-0.643559;0.741412
243;-0.522268;-0.242488;0.250721
244;-0.120329;-0.570880;0.115180
245;0.139558;0.125453;-0.031806
246;-0.405460;0.185320;0.245401
247;-0.022726;0.337043;-0.007455
248;0.114898;0.355807;-0.016810
249;-0.258351;0.425297;-0.141239
250;0.215821;0.110981;-0.127939
251;0.411453;-0.032681;-0.162593
252;0.580675;-0.233761;-0.106922
253;0.618816;-0.332449;-0.150833
254;0.180972;-0.179537;-0.357875
255;0.619844;0.068982;-0.444034
256;-0.426224;-0.706163;0.263734
257;0.258992;0.206267;0.112471
258;0.963823;0.213524;-0.327678
259;0.234003;-0.290323;0.086696
260;-0.294222;0.154033;-0.214168
261;0.300067;-0.081195;0.086936
262;0.066664;0.017244;-0.036924
263;-0.169602;-0.029587;0.002807
264;0.103341;-0.019883;-0.003479
265;-0.132674;-0.040192;0.000406
266;0.077747;-0.102135;-0.008864
267;-0.078794;-0.165040;0.075392
268;-0.325055;-0.117706;0.213465
269;-0.481889;-0.229661;0.287305
270;-0.448729;-0.306176;0.067649
271;-0.745924;-0.738004;0.172718
272;-1.020008;-0.701688;0.984041
273;-0.518389;-0.157878;0.316338
274;0.060516;-0.252725;0.002993
275;0.205703;0.019205;0.158196
276;-0.668391;0.488835;0.043623
277;0.186611;0.130597;0.162198
278;0.090343;0.452667;-0.110627
279;0.356949;0.241816;-0.066215
280;-0.009536;0.217331;-0.355985
281;0.354574;-0.280436;-0.184745
282;0.522239;-0.357577;-0.201650
283;0.263439;-0.245561;-0.418299
284;0.756368;-0.093413;-0.041767
285;0.693313;0.082229;-0.269522
286;-0.847889;-0.824793;-0.446805
287;1.113554;0.402813;0.073128
288;0.422557;0.047522;0.188742
289;-0.155502;-0.016780;-0.046579
290;-0.092569;0.010083;-0.118057
291;0.255164;0.064437;0.022572
292;0.049189;-0.038894;0.044447
293;-0.127588;0.026595;-0.020301
294;-0.034512;-0.015344;-0.001481
295;-0.022366;-0.053829;0.020262
296;0.018171;-0.152484;0.020431
297;-0.092740;-0.149064;0.128509
298;-0.348002;-0.248659;0.147102
299;-0.533905;-0.273470;0.187997
300;-0.625996;-0.569839;0.249961
301;-0.634635;-0.715839;0.357151
302;-0.665831;-0.245462;0.346846
303;-0.346977;-0.335669;0.336004
304;0.196098;-0.113043;0.017789
305;-0.448989;0.305181;0.103944
306;-0.255171;0.317671;0.035033
307;0.122532;0.321415;0.047488
308;0.132362;0.422725;0.018806
309;0.242317;0.259905;-0.124170
310;0.023969;-0.078267;-0.349488
311;0.371934;-0.300823;-0.401122
312;0.389079;-0.500359;-0.188440
313;0.648750;-0.223273;-0.160759
314;0.912288;0.049561;-0.205541
315;-0.930747;-0.576019;-0.414407
316;1.162220;0.132157;-0.060778
317;0.375461;0.147559;-0.146266
318;-0.020274;-0.087592;0.116794
319;-0.222511;0.059890;-0.148231
320;0.266739;-0.057078;0.080794
321;-0.073425;0.008422;0.037573
322;-0.045444;-0.002964;-0.028609
323;-0.109723;-0.013686;0.058376
324;-0.085884;-0.017084;0.088952
325;0.064989;-0.094675;0.043296
326;-0.136197;-0.058965;0.151292
327;-0.411041;-0.130597;0.202895
328;-0.328874;-0.322968;0.104082
329;-0.530590;-0.472144;0.110746
330;-0.756556;-0.810406;0.321046
331;-0.810911;-0.525419;0.497584
332;-0.392696;-0.348508;0.247102
333;0.483095;-0.129411;-0.118274
334;-0.091801;0.253719;0.169705
335;-0.563072;0.488579;0.012833
336;0.194765;0.261010;0.103385
337;-0.056518;0.555739;-0.118502
338;0.227843;0.093592;-0.113629
339;0.213243;0.004841;-0.226980
340;0.603343;-0.285578;0.013164
341;0.365034;-0.299565;-0.206266
342;0.659486;-0.263178;-0.249505
343;0.844030;-0.062307;-0.172416
344;-0.520741;-0.778081;0.201601
345;0.363600;0.221259;-0.086942
346;1.016349;0.036930;-0.220596
347;0.304310;-0.093422;0.439582
348;-0.664074;-0.050858;-0.216630
349;0.105219;-0.058328;0.032848
350;0.281837;0.083238;0.115614
351;-0.238687;-0.005952;-0.027588
352;0.056274;0.000067;-0.060415
353;-0.081234;-0.000453;0.028523
354;-0.086343;-0.077712;0.021306
355;-0.037557;-0.125351;0.078662
356;-0.159023;-0.185561;0.125970
357;-0.334447;-0.245137;0.104393
358;-0.501327;-0.263264;0.162745
359;-0.706644;-0.659969;0.221088
360;-0.747497;-0.834966;0.559596
361;-0.748966;-0.215956;0.380956
362;-0.455714;-0.419195;0.259415
363;0.427824;-0.006810;0.087083
364;-0.380742;0.308401;0.118247
365;-0.198650;0.379632;-0.097761
366;0.029399;0.374854;-0.074103
367;-0.011306;0.401626;-0.104995
368;0.264488;0.145473;-0.220558
369;0.256447;-0.185969;-0.294418
370;0.540125;-0.401553;-0.043186
371;0.603635;-0.298714;-0.347441
372;0.700368;-0.141937;-0.073798
373;0.590340;0.092977;-0.354839
374;-1.261574;-0.726436;-0.410831
375;1.265690;0.190119;0.085916
376;0.372981;0.033454;-0.307724
377;0.085897;-0.105216;0.041661
378;-0.194515;0.043033;-0.156846
379;0.255383;-0.051802;0.095366
380;0.089379;-0.022348;0.003650
381;-0.145920;-0.027501;-0.052442
382;-0.043812;-0.030621;0.035907
383;-0.124655;-0.025251;0.049257
384;0.003184;-0.108780;0.066741
385;-0.202555;-0.187038;0.145173
386;-0.384629;-0.184830;0.166483
387;-0.466689;-0.275738;0.085178
388;-0.399821;-0.364103;0.073474
389;-0.607921;-0.742379;0.309874
390;-0.765601;-0.431712;0.448201
391;-0.253190;-0.481773;0.078899
392;0.221068;-0.039590;0.166827
393;0.103157;0.375897;0.048189
394;-0.225393;0.421136;0.143794
395;-0.084244;0.498296;-0.009084
396;-0.026477;0.482237;-0.011257
397;-0.016434;0.385099;-0.124622
398;0.186918;0.046968;-0.155558
399;0.467329;-0.204452;-0.163175
400;0.360105;-0.374983;-0.027902
401;0.417487;-0.276039;-0.255602
402;0.559365;-0.250096;-0.143736
403;0.310686;-0.154164;-0.212031
404;-1.051731;-0.481955;-0.458080
405;1.548530;0.434035;-0.126417
406;0.650373;0.026624;0.298017
407;-0.442314;-0.118727;-0.329519
408;-0.085648;0.036726;0.020471
409;0.375920;0.039335;0.131106
410;-0.241519;-0.048157;0.019543
411;-0.110930;0.015423;0.016386
412;-0.024819;-0.034861;0.059855
413;-0.104620;-0.020545;-0.004537
414;-0.007263;-0.064923;0.034925
415;-0.032114;-0.144049;0.034968
416;-0.331889;-0.249083;0.133992
417;-0.442870;-0.295895;0.075814
418;-0.412242;-0.325237;0.117252
419;-0.632701;-0.642671;0.237498
420;-0.955917;-0.507622;0.844254
421;-0.653742;-0.310934;0.286974
422;-0.122408;-0.409423;0.099674
423;-0.057576;0.162260;0.284258
424;-0.464115;0.257151;0.083002
425;0.444338;0.372545;0.108866
426;0.187670;0.509902;-0.091860
427;-0.058497;0.463864;-0.111748
428;0.197414;0.233698;-0.369651
429;0.481043;-0.187109;-0.141986
430;0.800682;-0.379485;-0.031916
431;-0.099910;-0.298693;-0.440974
432;0.638921;-0.156254;-0.000625
433;0.505483;-0.177663;-0.055093
434;-0.432953;-0.399394;-0.355747
435;1.261786;0.262840;0.023777
436;0.340139;-0.025952;0.102298
437;-0.230210;-0.058759;-0.133100
438;0.197387;-0.017773;0.136734
439;0.108484;-0.015835;0.097940
440;-0.113308;-0.033215;0.014286
441;0.040901;0.047859;0.021012
442;-0.131930;-0.039187;0.027349
443;-0.026192;-0.017441;0.038427
444;-0.025733;-0.076841;0.174469
445;-0.302513;-0.229868;-0.008081
446;-0.407601;-0.209255;0.059891
447;-0.433228;-0.291015;0.257627
448;-0.370237;-0.402716;0.170474
449;-0.854086;-0.784310;0.557119
450;-0.820943;-0.457627;0.527272
451;-0.385076;-0.567896;0.109485
452;0.261544;-0.049579;-0.131914
453;-0.091467;0.402647;0.191526
454;-0.363397;0.238290;-0.001972
455;0.239008;0.489610;-0.099546
456;-0.154890;0.386110;-0.092790
457;0.294212;0.165827;-0.086556
458;0.301372;0.082483;-0.208606
459;0.691756;-0.180461;-0.248644
460;0.583120;-0.332506;-0.108497
461;0.194400;-0.284333;-0.387091
462;0.457759;-0.266730;-0.149741
463;0.421844;-0.102616;0.203798
464;-0.325928;-0.444476;-0.277944
465;1.168091;0.242669;-0.218957
466;-0.129647;-0.088162;0.383763
467;0.007601;-0.004927;-0.080550
468;0.029871;0.005110;0.060433
469;0.208758;0.016730;0.050341
470;-0.107286;-0.050977;-0.007099
471;-0.011024;0.011039;0.007025
472;-0.059405;0.010337;-0.030644
473;0.011535;-0.084859;0.003667
474;-0.002624;-0.116025;0.025546
475;-0.138999;-0.211246;0.113739
476;-0.313680;-0.231726;0.156414
477;-0.430906;-0.283972;0.166794
478;-0.622528;-0.790176;0.224245
479;-1.042365;-0.858966;0.758072
480;-0.707302;-0.249620;0.487477
481;-0.301681;-0.562223;0.045167
482;0.439888;-0.009114;0.008823
483;-0.746789;0.362610;0.021945
484;-0.192793;0.450131;-0.111976
485;0.250373;0.375365;0.027658
486;0.185890;0.513103;-0.111265
487;0.285146;0.195013;-0.174405
488;-0.328586;-0.140396;-0.443302
489;0.827357;-0.440680;0.109786
490;0.430615;-0.324983;-0.425258
491;0.618403;-0.231812;-0.057087
492;0.613871;0.049822;-0.317054
493;0.094354;-0.359879;0.545989
494;0.226483;-0.239984;-0.289741
495;0.440243;0.103878;-0.233172
496;0.056859;0.002074;0.309605
497;0.132260;0.028725;-0.089739
498;-0.013014;-0.105794;0.006950
499;-0.009582;0.002525;-0.052564
500;0.021317;0.013347;0.040130
501;-0.027668;-0.002516;0.004670
502;-0.100112;-0.032935;0.030063
503;0.035510;-0.091559;0.029701
504;-0.063088;-0.149324;0.047317
505;-0.384415;-0.183957;0.019858
506;-0.329387;-0.224055;0.191479
507;-0.420066;-0.253732;0.235972
508;-0.700097;-0.754653;0.323314
509;-1.167131;-0.596810;0.615372
510;-0.408351;-0.322186;0.253285
511;-0.099796;-0.407423;0.020430
512;0.039369;0.178512;0.088617
513;-0.756555;0.336976;-0.055766
514;0.124075;0.307975;-0.128616
515;-0.040994;0.448264;-0.109627
516;0.368522;0.289809;0.122346
517;0.462221;0.269618;-0.195832
518;0.092082;-0.156874;-0.276605
519;0.647986;-0.430793;-0.241180
520;0.112329;-0.322920;-0.324248
521;0.570579;-0.133950;-0.020555
522;0.683570;-0.323393;0.266597
523;-0.447929;-0.328306;-0.333380
524;1.175475;0.292460;-0.141361
525;0.281229;0.028012;0.117809
526;-0.093366;-0.061073;-0.061521
527;0.029305;0.055337;0.052864
528;0.257281;-0.026120;0.051820
529;-0.168226;-0.044521;-0.011886
530;0.089599;0.046486;-0.038600
531;-0.076645;-0.042570;-0.025785
532;0.013408;-0.064774;0.001220
533;-0.035168;-0.183907;-0.031489
534;-0.164687;-0.206151;0.058954
535;-0.270502;-0.186113;0.149222
536;-0.416193;-0.228062;0.152352
537;-0.504693;-0.311234;0.133786
538;-0.908967;-0.925665;0.566828
539;-0.736345;-0.391294;0.502979
540;-0.231323;-0.497559;0.308950
541;-0.245450;-0.239777;-0.086989
542;-0.076359;0.293550;0.088532
543;-0.399017;0.412635;-0.054854
544;0.079473;0.514890;-0.107467
545;0.040524;0.316361;-0.146849
546;-0.193860;0.333387;-0.306013
547;0.277701;-0.171649;-0.288753
548;0.610628;-0.328869;-0.077927
549;0.554299;-0.360425;-0.332111
550;0.630460;-0.295545;0.001041
551;0.678524;0.087176;-0.359725
552;-0.694656;-0.520274;-0.310850
553;1.060128;0.181300;-0.089923
554;0.186503;0.001401;-0.140407
555;0.039223;0.013807;-0.019993
556;-0.057020;0.015909;-0.086098
557;0.078199;-0.038014;-0.019722
558;0.150623;-0.008667;-0.068225
559;-0.002829;-0.036049;-0.091058
560;-0.021991;-0.025136;-0.007633
561;-0.082568;-0.064377;0.028712
562;0.006890;-0.128835;0.018648
563;-0.187951;-0.183261;0.079292
564;-0.326123;-0.186695;0.086707
565;-0.492790;-0.265509;0.189378
566;-0.423963;-0.406984;0.100721
567;-1.064533;-0.909595;0.720023
568;-0.879651;-0.516098;0.660100
569;-0.214251;-0.214249;0.133064
570;-0.014115;-0.261896;-0.034609
571;0.056964;0.440334;0.081939
572;-0.308480;0.472935;0.058655
573;0.120022;0.433121;-0.114061
574;-0.035707;0.514180;-0.194210
575;-0.032789;0.362258;-0.266828
576;0.354040;-0.127315;-0.224734
577;0.775949;-0.396279;-0.084709
578;0.273144;-0.386248;-0.169013
579;0.685623;-0.195640;-0.130071
580;0.683234;-0.021470;-0.262574
581;-0.466521;-0.452970;0.498623
582;0.333561;0.084186;-0.289482
583;0.680892;-0.015944;-0.286770
584;0.465310;-0.054193;0.184990
585;-0.386937;-0.043345;-0.345278
586;0.211599;-0.089755;0.023993
587;0.241053;0.027234;0.085996
588;-0.233941;-0.040526;0.034010
589;-0.076438;-0.033068;0.120243
590;-0.140835;-0.017829;0.122721
591;-0.029208;-0.058978;0.035652
592;0.021939;-0.139118;0.035336
593;-0.429652;-0.206225;-0.025573
594;-0.374292;-0.263878;0.117863
595;-0.349287;-0.320547;0.211455
596;-0.943395;-0.853888;0.539332
597;-1.103763;-0.841831;0.637035
598;-0.382108;-0.310845;0.095906
599;0.153449;-0.092484;0.264412
600;0.307374;0.291513;0.088715
601;0.038453;0.424629;0.173560
602;-0.255841;0.544918;-0.089443
603;-0.228359;0.628794;-0.204675
604;-0.166568;0.338334;-0.172954
605;0.439064;-0.112682;-0.132025
606;0.477959;-0.321897;-0.181915
607;0.241992;-0.459558;-0.187151
608;0.619024;-0.223834;-0.346307
609;0.699047;-0.236252;-0.137228
610;0.225139;-0.444735;0.438383
611;-0.326396;0.045009;-0.177627
612;1.312630;0.277259;-0.121847
613;0.462897;-0.000711;0.169646
614;-0.489531;-0.036007;-0.276451
615;0.282164;-0.011356;0.106113
616;0.335071;0.049348;0.079862
617;-0.329826;-0.063544;-0.006619
618;0.133129;0.022650;0.043093
619;-0.076505;-0.056523;-0.040360
620;-0.128443;-0.105171;0.041852
621;-0.044215;-0.179505;0.099822
622;-0.366386;-0.221913;0.053391
623;-0.334459;-0.271465;0.108707
624;-0.514755;-0.288694;0.184202
625;-0.696776;-0.714872;0.300380
626;-1.166682;-0.484384;0.771908
627;-0.407889;-0.365176;0.331014
628;-0.174576;-0.440800;0.126473
629;0.149975;-0.008180;-0.165909
630;-0.060571;0.504623;0.168774
631;-0.402463;0.279364;-0.205449
632;0.099498;0.579091;-0.119750
633;-0.090151;0.454880;-0.254613
634;0.178520;0.219914;-0.202014
635;0.320570;-0.142021;-0.321008
636;0.578972;-0.585576;0.082272
637;0.560633;-0.311907;-0.328583
638;0.804098;-0.249920;0.102431
639;0.320139;-0.439664;0.266528
640;-0.554249;-0.079192;-0.340761
641;1.334712;0.361780;-0.156809
642;0.460404;-0.038407;0.356976
643;-0.294127;-0.010669;-0.157097
644;0.103207;-0.038653;-0.005508
645;0.278195;0.026508;-0.001669
646;-0.201101;-0.056254;0.070898
647;0.057445;0.029799;0.007998
648;-0.113595;0.007863;-0.027607
649;0.085872;-0.064687;-0.013611
650;-0.040658;-0.152012;-0.062367
651;-0.359398;-0.148061;0.062972
652;-0.271340;-0.203460;0.191566
653;-0.427929;-0.234660;0.231882
654;-0.528715;-0.599907;0.374699
655;-1.144605;-0.592017;0.731763
656;-0.533236;-0.446241;0.419422
657;-0.276847;-0.394079;0.160544
658;0.425004;-0.053369;-0.185878
659;-0.185227;0.439080;0.099064
660;-0.413107;0.446555;-0.128215
661;0.097257;0.410108;-0.153497
662;-0.206274;0.526032;-0.203402
663;0.154727;0.053900;-0.169818
664;0.399681;-0.148949;-0.222173
665;0.307425;-0.470122;-0.268737
666;0.788063;-0.381280;0.041807
667;0.748655;-0.163194;0.057053
668;0.659134;-0.033700;-0.228071
669;-0.949657;-0.653188;-0.158132
670;1.005147;0.059731;-0.077660
671;0.255554;0.124898;-0.200352
672;0.363380;-0.075705;0.018682
673;-0.263690;-0.044207;-0.227892
674;0.056527;-0.074865;0.032877
675;0.259945;0.032121;0.138269
676;-0.139960;-0.002645;-0.063244
677;0.007022;-0.015411;-0.047714
678;-0.012524;-0.014965;0.045256
679;0.001528;-0.120670;0.008749
680;-0.200811;-0.206173;-0.023757
681;-0.281136;-0.189456;0.129697
682;-0.440456;-0.241786;0.242719
683;-0.569251;-0.339764;0.196799
684;-0.762271;-0.726373;0.263004
685;-0.853653;-0.578493;0.461746
686;-0.217061;-0.405314;0.172591
687;-0.065844;-0.208021;0.038324
688;0.012156;0.358538;-0.188049
689;-0.154412;0.586500;0.107784
690;-0.203324;0.600856;-0.075397
691;0.426067;0.335878;0.063619
692;0.116194;0.604063;-0.171343
693;-0.238425;-0.049728;-0.443539
694;0.522971;-0.477164;-0.012638
695;0.439027;-0.381167;-0.330860
696;0.387045;-0.234408;-0.241041
697;0.679623;-0.134439;-0.180834
698;0.417213;-0.167705;0.315214
699;-0.504330;-0.306475;-0.282062
700;1.503886;0.259899;-0.384012
701;0.020805;0.068457;0.273279
702;-0.151935;-0.040957;-0.000097
703;0.217925;0.011583;0.090845
704;0.176382;0.034528;-0.039598
705;-0.052610;-0.056960;-0.059330
706;0.046217;0.018924;-0.015888
707;-0.117565;0.017997;0.037697
708;-0.006979;-0.024074;0.064669
709;-0.033522;-0.100194;-0.037489
710;-0.164544;-0.171922;-0.018507
711;-0.315977;-0.166810;0.090332
712;-0.364697;-0.222021;0.177616
713;-0.445171;-0.488887;0.269496
714;-0.589687;-0.682637;0.336867
715;-0.805193;-0.418988;0.383504
716;-0.306011;-0.263378;0.292345
717;0.163342;-0.278307;-0.069535
718;-0.232138;0.292078;0.087992
719;-0.297868;0.377353;-0.091099
720;0.020749;0.394165;-0.128995
721;-0.194106;0.434453;-0.106670
722;0.354189;0.132983;-0.140439
723;0.241547;0.009587;-0.256424
724;0.390374;-0.268428;-0.213928
725;0.670950;-0.304508;-0.196475
726;0.585063;-0.230597;-0.167214
727;0.432797;-0.174060;-0.235549
728;0.106625;-0.449151;0.057378
729;-0.566511;0.036327;-0.118178
730;1.417363;0.257255;-0.025289
731;0.407346;0.112748;0.269319
732;-0.506856;-0.148438;-0.232364
733;0.031025;-0.042313;-0.108496
734;0.340535;0.038677;0.127709
735;0.011157;-0.021509;-0.000658
736;-0.148372;0.025586;-0.076822
737;0.041802;0.042183;-0.011993
738;-0.057430;-0.089967;-0.019523
739;0.049025;-0.098561;0.003709
740;-0.086666;-0.133626;0.079285
741;-0.125998;-0.234017;0.121361
742;-0.463611;-0.272243;0.064719
743;-0.588216;-0.540870;0.315339
744;-0.574735;-0.774074;0.305944
745;-1.123537;-0.411512;0.553908
746;-0.609481;-0.375031;0.211727
747;0.017941;-0.309107;-0.243268
748;-0.041034;0.282869;0.103859
749;-0.573795;0.430523;0.048845
750;0.381864;0.269892;0.042870
751;0.091202;0.615654;-0.180231
752;-0.069989;0.333100;-0.172742
753;0.251554;-0.035439;-0.335171
754;0.634307;-0.264272;-0.109340
755;0.483398;-0.469534;-0.178149
756;0.572163;-0.212267;-0.236713
757;0.624183;-0.128305;-0.069600
758;0.349644;-0.247887;0.297111
759;-0.644826;0.101840;-0.459843
760;1.604027;0.213752;-0.131431
761;0.447221;-0.137454;0.365610
762;-0.200388;-0.059736;-0.240692
763;-0.272569;-0.053597;-0.019306
764;0.565885;0.092363;0.085872
765;-0.164228;-0.076312;-0.041183
766;-0.060635;-0.011506;-0.042310
767;-0.042842;-0.036005;0.043807
768;-0.016076;-0.074261;0.012434
769;-0.116217;-0.182690;0.003878
770;-0.341275;-0.212465;0.108170
771;-0.361767;-0.236713;0.161096
772;-0.393853;-0.276786;0.105759
773;-0.669685;-0.802093;0.229171
774;-1.167402;-0.604628;0.802911
775;-0.492972;-0.292460;0.221010
776;-0.131034;-0.563467;0.140540
777;0.007185;0.047304;-0.278021
778;-0.182514;0.413582;-0.065996
779;-0.207235;0.400268;-0.156851
780;0.133327;0.637861;-0.082096
781;0.240791;0.385820;-0.154207
782;-0.153228;0.378544;-0.407918
783;0.104826;-0.255487;-0.309440
784;1.093568;-0.403353;0.146697
785;0.253821;-0.294168;-0.451199
786;0.706279;-0.137743;-0.000859
787;0.581170;-0.116259;-0.368026
788;-1.235687;-0.719994;-0.602579
789;1.332940;0.174619;-0.009703
790;0.128092;0.156061;0.080422
791;0.004365;-0.124801;0.062609
792;0.114673;-0.009475;-0.045592
793;0.152127;-0.014996;0.010062
794;-0.174607;0.008020;0.071515
795;0.102116;0.013075;-0.044104
796;-0.142198;-0.049356;-0.020084
797;-0.012871;-0.026069;-0.022893
798;0.036926;-0.103319;0.002288
799;0.009206;-0.183515;-0.007820
800;-0.408139;-0.171575;0.073412
801;-0.412540;-0.249929;0.144835
802;-0.435494;-0.359488;0.191423
803;-0.816318;-0.728846;0.446203
804;-0.915877;-0.597069;0.517920
805;-0.477644;-0.230400;0.261766
806;0.191335;-0.198358;-0.261671
807;-0.072277;0.272841;0.097891
808;-0.469814;0.372482;-0.016124
809;0.252892;0.271974;-0.083963
810;0.000754;0.621023;-0.144868
811;0.287574;0.213085;-0.078578
812;0.270467;0.063698;-0.273656
813;0.380223;-0.303629;-0.191555
814;0.594209;-0.447484;-0.300939
815;0.329514;-0.259308;-0.290433
816;0.666638;-0.186430;-0.147363
817;0.617289;0.004278;-0.230488
818;-1.179045;-0.393368;-0.552325
819;1.397548;0.280751;-0.158102
820;0.291583;0.198841;0.405427
821;-0.050391;-0.093911;-0.153426
822;-0.171666;0.033040;-0.159490
823;0.403813;-0.015660;0.061934
824;-0.034769;-0.065677;-0.019865
825;-0.066746;0.022263;-0.049003
826;-0.060863;-0.007797;0.024223
827;-0.161092;-0.024886;0.109171
828;0.054541;-0.090895;0.073910
829;-0.197799;-0.176086;-0.050001
830;-0.294056;-0.207448;0.026321
831;-0.256536;-0.223028;0.055394
832;-0.381368;-0.376172;0.198286
833;-0.681321;-0.684942;0.346262
834;-0.825362;-0.440997;0.545990
835;-0.513046;-0.384528;0.233756
836;0.039360;-0.179657;-0.005668
837;0.204953;0.158727;0.124891
838;-0.305179;0.555880;0.126678
839;-0.042281;0.335053;-0.087774
840;-0.058114;0.473252;-0.212888
841;-0.235913;0.446330;-0.256413
842;0.335633;-0.047991;-0.235928
843;0.631234;-0.314433;-0.226868
844;0.495718;-0.456977;-0.147024
845;0.540475;-0.253217;-0.263122
846;0.619223;-0.059251;-0.033140
847;0.258638;-0.545080;0.296917
848;-0.692530;0.082856;-0.422904
849;1.649458;0.310250;-0.111329
850;0.557621;-0.191027;0.152422
851;-0.526067;-0.012349;-0.328631
852;0.363539;-0.079060;0.051768
853;0.191735;0.033779;0.000027
854;-0.171215;-0.050180;-0.019008
855;0.054452;0.019273;-0.011136
856;-0.161591;-0.023303;-0.007100
857;-0.069357;-0.048284;0.068042
858;0.030197;-0.122864;0.087113
859;-0.249769;-0.150582;0.000567
860;-0.388126;-0.160510;0.085391
861;-0.148475;-0.218654;0.006190
862;-0.476265;-0.462416;0.262263
863;-0.969364;-0.980972;0.758832
864;-0.687400;-0.380000;0.357587
865;-0.244091;-0.621765;0.138285
866;0.157625;-0.113051;-0.225850
867;-0.135990;0.431587;0.045809
868;-0.615050;0.385192;-0.093541
869;0.086081;0.544573;-0.108284
870;-0.027458;0.446309;-0.099127
871;0.343513;0.143564;-0.088206
872;0.198316;-0.054588;-0.343075
873;0.581138;-0.466283;-0.089441
874;0.700007;-0.324981;-0.285719
875;0.481271;-0.193415;-0.100877
876;0.670554;-0.004758;-0.355463
877;-1.017366;-0.743563;-0.391546
878;0.920106;0.073492;0.004491
879;0.629505;0.127790;-0.155507
880;0.514538;-0.192265;0.082451
881;-0.357621;-0.005963;-0.302057
882;-0.199555;-0.108095;-0.040081
883;0.336759;0.066932;0.159094
884;-0.002952;-0.015188;-0.084565
885;-0.185744;0.006089;-0.044928
886;-0.034369;0.009054;0.102870
887;-0.033812;-0.071324;0.049513
888;0.101148;-0.177127;-0.037802
889;-0.205119;-0.161898;0.089306
890;-0.430392;-0.229893;0.132418
891;-0.328962;-0.331385;0.167107
892;-0.727722;-0.559879;0.277970
893;-1.087429;-0.641659;0.521538
894;-0.381196;-0.240058;0.284504
895;-0.353820;-0.376149;0.083194
896;0.351841;0.007044;-0.005126
897;-0.496812;0.438597;0.070978
898;-0.066052;0.328326;-0.115747
899;0.004374;0.507196;-0.193434
900;0.081268;0.382203;-0.085987
901;0.270792;0.059520;-0.296834
902;0.050602;-0.193422;-0.391073
903;0.496799;-0.544984;-0.083587
904;0.698098;-0.310912;-0.508583
905;0.804089;-0.232932;0.000897
906;0.596185;-0.205874;-0.222814
907;-1.272164;-0.552056;-0.384397
908;1.487379;0.502243;0.062184
909;0.674523;0.213105;0.102056
910;-0.224282;-0.172835;-0.158520
911;-0.148593;0.062848;-0.168550
912;0.437344;-0.018611;0.072048
913;0.093157;-0.051908;-0.003660
914;-0.197385;0.013210;-0.108415
915;0.048036;-0.001036;-0.028496
916;-0.128338;-0.049588;0.073722
917;0.073524;-0.081528;-0.000392
918;-0.107978;-0.169073;-0.026287
919;-0.262418;-0.214797;0.062451
920;-0.433075;-0.209230;0.144228
921;-0.522142;-0.372169;0.245434
922;-0.523298;-0.534497;0.107119
923;-0.907646;-0.614942;0.437406
924;-0.639917;-0.250414;0.402653
925;0.481725;-0.176573;-0.070419
926;-0.073565;0.234030;0.215831
927;-0.201544;0.434327;0.047028
928;0.102533;0.375690;-0.044551
929;-0.113142;0.412272;-0.128816
930;0.150034;0.235961;-0.180951
931;0.152199;-0.013752;-0.254094
932;0.504580;-0.226720;-0.095971
933;0.502952;-0.345549;-0.262772
934;0.458280;-0.154822;-0.314421
935;0.412565;-0.201092;-0.274811
936;0.265056;-0.455846;-0.122619
937;-0.860935;-0.111949;-0.542926
938;1.816366;0.483816;0.137762
939;0.611933;0.233655;-0.035752
940;-0.597322;-0.171010;-0.303997
941;0.180706;-0.006441;0.079531
942;0.529066;0.057842;0.132523
943;-0.378729;-0.067019;-0.034876
944;0.110226;0.030084;-0.011776
945;-0.074351;-0.021930;0.056184
946;-0.049676;-0.044345;-0.061290
947;-0.040723;-0.076303;-0.004341
948;0.001097;-0.122125;0.034868
949;-0.325442;-0.207308;0.015026
950;-0.267972;-0.190507;0.176506
951;-0.403431;-0.257529;0.264585
952;-0.679876;-0.556569;0.124713
953;-1.008244;-0.793021;0.648112
954;-0.480536;-0.259203;0.215898
955;-0.193967;-0.221835;-0.057077
956;0.315689;0.093514;0.157711
957;-0.546688;0.445771;0.079482
958;0.059810;0.277084;-0.102365
959;-0.090178;0.569668;-0.203590
960;-0.067046;0.299741;-0.095101
961;0.529330;0.065224;-0.161906
962;0.284448;-0.223197;-0.222486
963;0.499246;-0.512815;-0.139615
964;0.494094;-0.265845;-0.352762
965;0.646668;-0.154173;-0.117506
966;0.524323;-0.319356;-0.045723
967;-0.798211;-0.374902;-0.488000
968;1.409056;0.349498;-0.082263
969;0.391333;0.034694;0.204910
970;-0.106468;-0.049462;-0.157387
971;0.014047;-0.075405;-0.112367
972;0.301656;0.083576;0.082472
973;-0.075146;0.000971;-0.015026
974;-0.097974;0.030240;-0.046452
975;-0.133989;-0.017644;0.053978
976;-0.117052;-0.025509;0.053858
977;-0.004890;-0.162611;-0.031083
978;-0.013105;-0.165833;0.042362
979;-0.305552;-0.191874;0.040806
980;-0.235326;-0.168562;0.100953
981;-0.556066;-0.404465;0.216933
982;-0.764758;-0.719400;0.425502
983;-0.798042;-0.518869;0.405839
984;-0.517476;-0.206674;0.176325
985;0.500899;-0.237798;-0.120672
986;-0.006129;0.244115;0.101616
987;-0.287171;0.405236;-0.071451
988;-0.069530;0.423381;-0.191237
989;-0.316671;0.502729;-0.180648
990;0.257765;0.129683;-0.168804
991;0.319945;-0.063346;-0.284175
992;0.336470;-0.374638;-0.171393
993;0.639302;-0.383745;-0.264706
994;0.644574;-0.239531;-0.224256
995;0.782822;-0.088009;-0.185806
996;-0.545991;-0.456961;0.018837
997;0.498604;-0.047710;-0.244951
998;0.496417;0.050553;-0.204761
999;0.353206;-0.151808;0.161926
1000;-0.171955;0.046419;-0.267635
1001;0.069203;-0.066336;0.003957
1002;0.412927;0.024908;0.013631
1003;-0.174053;0.013210;-0.081170
1004;-0.014055;-0.023772;0.022408
1005;-0.077730;-0.002976;0.021426
1006;0.006674;-0.093232;-0.028563
1007;-0.094305;-0.204995;-0.026870
1008;-0.197734;-0.231639;0.068479
1009;-0.422716;-0.238396;0.162503
1010;-0.486280;-0.320327;0.137111
1011;-0.783006;-0.818674;0.347771
1012;-1.123127;-0.575920;0.572884
1013;-0.303393;-0.223951;0.153412
1014;-0.043186;-0.305062;-0.089948
1015;0.172529;0.226953;0.146701
1016;-0.533173;0.403394;0.059381
1017;0.018718;0.301219;-0.197047
1018;-0.251596;0.544118;-0.240884
1019;0.046331;0.204418;-0.161749
1020;0.311596;-0.018820;-0.334070
1021;0.378638;-0.250419;-0.365349
1022;0.658207;-0.459505;-0.188241
1023;0.643835;-0.275667;-0.315689
1024;0.719978;-0.055967;-0.187764
1025;0.435803;-0.312785;0.526474
1026;-0.259582;-0.197587;-0.298805
1027;0.901976;0.173096;-0.578913
1028;0.182369;-0.245107;0.204142
1029;0.088842;0.055232;-0.278982
1030;0.195394;-0.165560;-0.021888
1031;0.085026;0.020331;-0.040514
1032;-0.054239;-0.012166;0.024996
1033;0.007497;0.033904;0.022396
1034;-0.217351;-0.020215;0.049999
1035;-0.031077;-0.020347;0.077957
1036;0.008210;-0.135799;-0.038966
1037;-0.099621;-0.180797;0.012131
1038;-0.385289;-0.261620;0.032252
1039;-0.367084;-0.262920;0.238384
1040;-0.692723;-0.762718;0.272309
1041;-1.083632;-0.731883;0.753227
1042;-0.536378;-0.182541;0.237158
1043;-0.297205;-0.233625;0.040134
1044;0.433914;0.031389;0.045145
1045;-0.517177;0.454994;0.118801
1046;-0.107190;0.272369;-0.104380
1047;-0.067812;0.483516;-0.168615
1048;0.178411;0.261425;-0.069605
1049;0.255361;0.164933;-0.274947
1050;-0.013189;-0.170979;-0.424532
1051;0.416439;-0.376843;-0.080994
1052;0.464225;-0.363949;-0.392113
1053;0.681753;-0.178040;-0.086851
1054;0.640138;-0.063618;-0.318993
1055;-0.410127;-0.647469;0.153831
1056;0.142311;0.326821;-0.086478
1057;1.268428;0.060421;0.010395
1058;0.524458;-0.125160;0.080149
1059;-0.950660;-0.022606;-0.647526
1060;0.706670;-0.031397;0.263564
1061;0.038984;0.004100;0.069861
1062;-0.191560;-0.021760;-0.094941
1063;0.126395;-0.026181;-0.037274
1064;-0.059764;-0.043660;-0.049841
1065;-0.030334;-0.060011;-0.002867
1066;-0.076984;-0.095769;-0.038595
1067;-0.144321;-0.149006;0.045197
1068;-0.233830;-0.171897;0.179337
1069;-0.482421;-0.291045;0.211173
1070;-0.767204;-0.767786;0.212969
1071;-1.012826;-0.804429;0.841730
1072;-0.636527;-0.297393;0.188965
1073;-0.118129;-0.575740;0.177033
1074;0.234512;0.056492;-0.169655
1075;-0.250113;0.380402;0.187688
1076;-0.357150;0.401076;-0.097711
1077;0.136547;0.433332;-0.113411
1078;-0.265629;0.446625;-0.221649
1079;0.261724;0.073911;-0.164806
1080;0.367439;-0.105893;-0.301829
1081;0.670111;-0.317734;-0.218709
1082;0.493228;-0.351864;-0.232087
1083;0.458186;-0.163862;-0.383431
1084;0.680201;0.053900;-0.390692
1085;-0.673596;-0.600473;-0.385904
1086;1.239924;0.276422;0.149819
1087;0.613897;-0.103079;-0.270378
1088;-0.418399;0.057271;-0.138784
1089;0.352274;0.033941;0.014068
1090;0.312252;-0.028681;0.067095
1091;-0.322270;-0.058848;-0.027976
1092;0.173398;0.076714;-0.059192
1093;-0.166785;-0.021619;-0.014485
1094;-0.049138;-0.033314;-0.013773
1095;0.021667;-0.118199;0.038072
1096;-0.091825;-0.187634;-0.006412
1097;-0.200885;-0.235535;0.091622
1098;-0.464734;-0.194640;0.170964
1099;-0.490914;-0.346595;0.231671
1100;-0.575326;-0.567017;0.182096
1101;-0.961178;-0.513541;0.559860
1102;-0.443903;-0.298003;0.248642
1103;-0.116240;-0.307427;-0.043230
1104;0.204065;0.176700;0.067481
1105;-0.501496;0.396938;0.068875
1106;0.046273;0.289380;-0.157817
1107;-0.213928;0.502255;-0.223159
1108;0.190502;0.272069;-0.138364
1109;0.477399;0.167424;-0.316787
1110;0.331363;-0.229347;-0.295647
1111;0.666549;-0.401139;-0.179214
1112;0.579893;-0.258628;-0.408502
1113;0.712211;-0.028610;-0.211174
1114;0.416974;-0.379486;-0.135195
1115;-1.116563;-0.441052;-0.383395
1116;1.415334;0.264051;0.135219
1117;0.517787;0.115076;0.124863
1118;-0.411995;-0.115853;-0.064336
1119;0.074354;-0.004113;-0.030892
1120;0.145748;0.072327;0.120186
1121;-0.114245;0.022788;-0.003578
1122;0.056226;0.003938;-0.138439
1123;-0.073021;0.010308;-0.071114
1124;0.049714;-0.024569;0.009978
1125;0.008451;-0.169260;-0.025618
1126;-0.118904;-0.204213;0.022586
1127;-0.310813;-0.232250;0.119244
1128;-0.498912;-0.272094;0.140570
1129;-0.552655;-0.416554;0.167988
1130;-0.642360;-0.743108;0.395723
1131;-0.523458;-0.265557;0.265508
1132;-0.295667;-0.347950;0.283633
1133;0.179715;-0.263373;-0.265517
1134;-0.010684;0.474018;0.162643
1135;-0.461195;0.316135;0.043999
1136;0.129644;0.449148;-0.137659
1137;-0.119668;0.432866;-0.167852
1138;0.076817;0.238569;-0.188603
1139;0.356385;-0.047421;-0.360372
1140;0.488987;-0.348111;-0.241113
1141;0.473180;-0.442867;-0.323140
1142;0.480154;-0.247777;-0.356597
1143;0.676153;-0.131457;-0.344899
1144;0.291159;-0.211067;0.495606
1145;0.025435;-0.115759;-0.224256
1146;0.953558;0.119501;-0.518831
1147;0.165956;-0.120685;0.107936
1148;-0.317806;-0.020191;-0.080685
1149;0.198220;0.003263;0.093817
1150;0.240114;0.019313;-0.020355
1151;-0.163448;-0.040529;-0.048725
1152;0.041453;0.042533;-0.020912
1153;-0.038326;0.009681;-0.035056
1154;0.007452;-0.110736;-0.077219
1155;0.034491;-0.097554;-0.016613
1156;-0.174847;-0.169168;0.088703
1157;-0.207825;-0.180114;0.061729
1158;-0.450452;-0.229408;0.169679
1159;-0.480101;-0.411331;0.258837
1160;-0.738590;-0.602485;0.512440
1161;-0.897206;-0.362726;0.420145
1162;-0.312099;-0.235226;0.202703
1163;0.272861;-0.221734;-0.113603
1164;-0.103451;0.210648;0.150992
1165;-0.381322;0.364295;-0.037925
1166;0.022701;0.354360;-0.228600
1167;-0.420300;0.447771;-0.188267
1168;0.434990;0.141774;-0.087170
1169;0.418048;0.037986;-0.239583
1170;0.271243;-0.207555;-0.376822
1171;0.793412;-0.442446;-0.044806
1172;0.497718;-0.236538;-0.406048
1173;0.581501;-0.137919;-0.242616
1174;-0.283807;-0.246201;-0.078696
1175;0.830362;0.150907;-0.186998
1176;0.724676;0.099139;-0.273972
1177;-0.136849;-0.244470;-0.098621
1178;0.308904;0.083744;-0.124158
1179;0.308208;-0.101778;0.037483
1180;-0.149562;0.027871;-0.046003
1181;0.174403;-0.028929;-0.040739
1182;0.052923;-0.060602;-0.093873
1183;-0.010458;-0.046823;-0.098985
1184;0.146179;-0.116768;-0.023250
1185;-0.287626;-0.148094;0.013871
1186;-0.438601;-0.088753;0.227750
1187;-0.370338;-0.243461;0.294575
1188;-0.495717;-0.391431;0.145214
1189;-0.802492;-0.835136;0.392845
1190;-0.781524;-0.514101;0.446623
1191;-0.322777;-0.340963;0.212953
1192;0.055808;-0.156859;-0.291965
1193;0.197641;0.414482;0.101652
1194;-0.621193;0.332693;0.003054
1195;0.112100;0.426815;-0.165979
1196;-0.003509;0.445689;-0.214890
1197;0.060566;0.293992;-0.243456
1198;0.353303;0.059392;-0.280279
1199;0.477981;-0.229162;-0.265703
1200;0.657459;-0.377924;-0.182207
1201;0.578971;-0.296002;-0.287158
1202;0.664543;-0.177410;-0.130290
1203;0.378805;-0.359653;0.004524
1204;-0.818113;-0.034605;-0.462108
1205;1.619910;0.290851;0.187671
1206;0.601765;0.117158;0.073296
1207;-0.346110;-0.208553;-0.290835
1208;-0.254190;0.063916;-0.096344
1209;0.500663;0.030908;0.184019
1210;-0.022625;0.004557;-0.061156
1211;-0.138645;0.033548;-0.180685
1212;0.101585;-0.003786;0.041632
1213;-0.056822;-0.077142;0.032862
1214;0.020302;-0.087003;-0.012865
1215;-0.025511;-0.163079;-0.020118
1216;-0.288939;-0.205513;0.058378
1217;-0.397942;-0.212165;0.159428
1218;-0.439934;-0.272775;0.196184
1219;-0.638113;-0.619354;0.250195
1220;-0.836610;-0.613853;0.531019
1221;-0.449977;-0.236963;0.261082
1222;-0.163573;-0.080494;-0.070329
1223;0.289338;0.099780;0.030252
1224;-0.467136;0.413957;0.031041
1225;-0.165084;0.309024;-0.330015
1226;-0.276371;0.448813;-0.171817
1227;0.233496;0.132469;-0.097469
1228;0.440428;-0.031550;-0.242159
1229;0.181560;-0.200571;-0.394264
1230;0.629534;-0.443452;-0.109569
1231;0.756928;-0.282271;-0.368347
1232;0.695505;-0.143111;-0.194608
1233;0.440598;-0.386225;-0.046279
1234;-0.871784;-0.385585;-0.310509
1235;1.627522;0.245158;-0.267467
1236;0.149789;0.066799;0.074203
1237;-0.332704;0.021996;-0.054387
1238;0.294544;-0.075773;0.069273
1239;0.162533;0.000587;-0.003140
1240;-0.156669;-0.004082;-0.059309
1241;0.138227;0.019877;-0.066547
1242;-0.085055;0.005075;-0.022610
1243;-0.061969;-0.031763;0.007459
1244;0.060162;-0.065623;-0.029233
1245;-0.154100;-0.151025;-0.046396
1246;-0.347587;-0.191092;-0.001868
1247;-0.291705;-0.188589;0.152385
1248;-0.229029;-0.261194;0.201176
1249;-0.826455;-0.807388;0.372934
1250;-1.192217;-0.646701;0.585711
1251;-0.552117;-0.210516;0.197204
1252;-0.000284;-0.281699;-0.059658
1253;0.225519;0.084883;0.157963
1254;-0.349422;0.586453;0.065701
1255;0.214746;0.252277;-0.014960
1256;-0.117697;0.615262;-0.181412
1257;0.168918;0.201938;-0.144572
1258;0.239963;0.060012;-0.230937
1259;0.444498;-0.216035;-0.301265
1260;0.548568;-0.359537;-0.110833
1261;0.595283;-0.245547;-0.338465
1262;0.454324;-0.235672;-0.183718
1263;0.644370;-0.298633;0.107371
1264;-0.160035;-0.216941;-0.253473
1265;1.188314;0.195639;-0.474276
1266;0.043409;-0.050457;0.072752
1267;-0.055771;0.075612;-0.117450
1268;0.525952;-0.009421;0.079000
1269;-0.062929;-0.050960;-0.106676
1270;0.056299;-0.054097;-0.068008
1271;0.083270;0.032077;-0.062973
1272;-0.066252;-0.032583;-0.033057
1273;-0.078398;-0.068098;0.081101
1274;-0.007218;-0.079570;0.067296
1275;-0.096860;-0.136184;0.034131
1276;-0.444095;-0.224328;0.052398
1277;-0.364760;-0.301618;0.053429
1278;-0.454593;-0.330928;0.086473
1279;-0.839920;-0.635170;0.104632
1280;-0.776338;-0.566335;0.817539
1281;-0.481517;-0.245362;0.421179
1282;-0.175146;-0.535416;-0.006130
1283;0.223551;0.191448;0.107345
1284;-0.429051;0.562093;-0.055287
1285;0.242325;0.449660;-0.053292
1286;0.138031;0.410071;-0.198101
1287;-0.170422;0.378951;-0.294781
1288;0.405906;0.026381;-0.255488
1289;0.691963;-0.190003;-0.154174
1290;0.709465;-0.357919;-0.167184
1291;0.531797;-0.291799;-0.339782
1292;0.624939;-0.123667;-0.252596
1293;0.496529;-0.107629;-0.281707
1294;-1.120689;-0.546819;-0.377965
1295;1.499997;0.270361;-0.051427
1296;0.322182;0.107047;0.204023
1297;-0.353286;-0.030460;-0.192432
1298;0.262893;-0.026836;0.061948
1299;0.222222;0.068038;0.072820
1300;-0.126931;-0.030465;-0.095489
1301;0.078738;-0.002952;-0.118073
1302;-0.045531;-0.021208;-0.031807
1303;-0.035683;-0.028256;-0.018026
1304;-0.044190;-0.104086;0.020799
1305;-0.038742;-0.208406;0.081187
1306;-0.303449;-0.172404;0.088141
1307;-0.465204;-0.261780;0.094070
1308;-0.619723;-0.573723;0.228055
1309;-0.631260;-0.708662;0.363258
1310;-0.650891;-0.239314;0.295514
1311;-0.429466;-0.320748;0.235371
1312;0.499466;-0.122939;-0.003903
1313;-0.447290;0.402676;0.089392
1314;-0.206601;0.317493;-0.133097
1315;0.094962;0.494349;-0.162592
1316;-0.048356;0.372761;-0.075181
1317;0.341866;0.160425;-0.242252
1318;0.071382;-0.091838;-0.397473
1319;0.570060;-0.398649;-0.090618
1320;0.480642;-0.346552;-0.313518
1321;0.541721;-0.118380;-0.296474
1322;0.784452;-0.235842;-0.338307
1323;-0.812684;-0.533883;-0.573265
1324;1.408451;0.357730;0.110345
1325;0.511504;0.104883;0.036473
1326;-0.246152;-0.085253;-0.155545
1327;-0.006584;0.037153;-0.093642
1328;0.370692;0.029432;0.177634
1329;-0.214801;-0.008497;-0.027099
1330;0.086745;0.018667;-0.104157
1331;0.019730;-0.043467;-0.103072
1332;-0.026448;-0.061839;-0.034790
1333;0.137521;-0.156491;-0.054621
1334;-0.070108;-0.159624;-0.002729
1335;-0.265511;-0.146105;0.071232
1336;-0.311928;-0.183782;0.149443
1337;-0.446435;-0.260511;0.197876
1338;-0.650374;-0.502350;0.259561
1339;-0.972985;-0.521430;0.679920
1340;-0.479192;-0.297986;0.263383
1341;-0.290945;-0.431179;-0.008027
1342;0.220875;0.170715;0.062562
1343;-0.514331;0.324872;0.060234
1344;-0.014230;0.335200;-0.219294
1345;-0.104343;0.515456;-0.233896
1346;0.015480;0.369136;-0.162684
1347;0.323355;0.048354;-0.363541
1348;0.174185;-0.166080;-0.457624
1349;0.557361;-0.462681;-0.142091
1350;0.694450;-0.344378;-0.333656
1351;0.833013;-0.223210;0.046248
1352;0.392514;-0.471656;0.294821
1353;-0.648057;-0.022013;-0.379023
1354;1.323766;0.258193;-0.173309
1355;0.596133;0.089283;0.320925
1356;-0.438358;-0.116818;-0.165860
1357;-0.004566;-0.003958;-0.031050
1358;0.398600;0.037206;0.083285
1359;-0.164008;-0.050414;-0.084341
1360;0.079589;0.028417;-0.082092
1361;0.005006;-0.011206;-0.085219
1362;0.096333;-0.072313;0.011842
1363;0.124766;-0.197626;-0.067039
1364;-0.433099;-0.165361;-0.088081
1365;-0.397406;-0.195547;0.118307
1366;-0.377647;-0.188032;0.205193
1367;-0.501590;-0.652784;0.119034
1368;-0.888951;-0.826057;0.639554
1369;-0.433459;-0.243726;0.360710
1370;-0.543766;-0.459895;0.085799
1371;0.109557;0.078792;0.007350
1372;-0.748444;0.477346;-0.053597
1373;0.232893;0.229516;0.080955
1374;0.220396;0.517871;-0.063237
1375;0.081770;0.382648;-0.153256
1376;0.014126;0.174535;-0.397458
1377;0.028680;-0.238402;-0.355490
1378;0.805602;-0.424628;0.002830
1379;0.339410;-0.288755;-0.447811
1380;0.708082;-0.245297;-0.017559
1381;0.452986;0.005128;-0.422684
1382;-1.076914;-0.776185;-0.322801
1383;1.047021;0.400618;-0.122415
1384;0.647442;0.225335;0.070040
1385;0.337680;-0.434543;-0.078816
1386;-0.325810;-0.022962;-0.497317
1387;0.512438;-0.028292;0.130249
1388;0.106451;0.021930;-0.019789
1389;-0.106928;-0.019554;-0.158160
1390;0.169268;-0.036544;-0.023701
1391;-0.124703;-0.028515;-0.072999
1392;0.042987;-0.131301;-0.103589
1393;0.010787;-0.207190;-0.019332
1394;-0.389647;-0.150372;0.094271
1395;-0.414976;-0.204480;0.255255
1396;-0.648429;-0.325658;0.375106
1397;-0.724847;-0.715402;0.443161
1398;-0.881824;-0.396638;0.365158
1399;-0.212153;-0.358636;0.216521
1400;-0.009114;-0.249006;-0.211553
1401;0.003898;0.398872;-0.001377
1402;-0.733551;0.378321;-0.045843
1403;0.065341;0.363504;-0.228099
1404;-0.108317;0.507842;-0.223078
1405;0.188893;0.134032;-0.178361
1406;0.306693;-0.021098;-0.333253
1407;0.245742;-0.378999;-0.341735
1408;0.474138;-0.396847;-0.295900
1409;0.545766;-0.304531;-0.230137
1410;0.506385;-0.195754;-0.265694
1411;-0.030384;-0.238124;0.324843
1412;0.677752;-0.161108;-0.222448
1413;0.646156;0.112003;-0.228212
1414;0.193253;-0.342067;-0.089426
1415;-0.132415;-0.028383;-0.231541
1416;0.427909;-0.055342;-0.012642
1417;0.154054;0.039829;-0.129775
1418;-0.120475;-0.029032;-0.095532
1419;0.147423;0.010802;0.015921
1420;-0.123969;-0.023221;-0.020653
1421;0.006280;-0.041263;-0.039589
1422;0.026872;-0.173439;0.004056
1423;-0.059543;-0.187249;0.073386
1424;-0.374162;-0.262813;0.081364
1425;-0.290508;-0.260758;0.108814
1426;-0.623754;-0.610145;0.333317
1427;-1.041674;-0.697939;0.712460
1428;-0.661697;-0.283774;0.388085
1429;-0.387792;-0.456801;0.314484
1430;0.363003;-0.216455;-0.167198
1431;-0.246023;0.353351;0.107599
1432;-0.315657;0.364362;-0.127328
1433;0.022275;0.456667;-0.217486
1434;-0.144170;0.430393;-0.094193
1435;0.414850;0.196046;-0.239914
1436;0.227823;0.011222;-0.417069
1437;0.395926;-0.456005;-0.273836
1438;0.581299;-0.477803;-0.140102
1439;0.563643;-0.181394;-0.246423
1440;0.667510;-0.080647;-0.204595
1441;-0.243599;-0.610973;0.313412
1442;0.057803;0.205637;-0.199525
1443;1.498086;0.022304;-0.101410
1444;0.229624;-0.173190;-0.002140
1445;-0.632200;0.057718;-0.438814
1446;0.715516;-0.045206;0.183556
1447;0.043980;0.022308;-0.063598
1448;-0.121773;-0.038253;-0.150864
1449;0.170327;0.004324;-0.022869
1450;-0.130427;-0.048419;-0.071042
1451;0.093269;-0.084458;-0.062666
1452;0.041088;-0.173719;-0.083772
1453;-0.168551;-0.169484;-0.001001
1454;-0.325964;-0.141293;0.203809
1455;-0.372174;-0.215804;0.293225
1456;-0.711385;-0.714162;0.292898
1457;-0.936015;-0.950794;0.566788
1458;-0.750025;-0.171783;0.303361
1459;-0.335893;-0.479946;0.204769
1460;0.522913;-0.009658;-0.212635
1461;-0.381020;0.444333;0.045026
1462;-0.422981;0.412629;-0.253635
1463;0.003007;0.479723;-0.215284
1464;-0.038444;0.449961;-0.101659
1465;0.514990;0.103495;-0.123668
1466;0.192652;-0.132679;-0.422452
1467;0.262066;-0.554194;-0.130631
1468;0.580023;-0.381642;-0.358009
1469;0.498497;-0.160637;-0.253652
1470;0.563444;-0.015909;-0.438241
1471;-1.141390;-0.700992;-0.318682
1472;1.555657;0.190093;0.205237
1473;0.657563;0.173807;-0.075089
1474;-0.191075;-0.225528;-0.237845
1475;-0.162565;0.089261;-0.274812
1476;0.505085;-0.082861;0.135023
1477;-0.136877;-0.018559;-0.104142
1478;0.187703;-0.013835;-0.113292
1479;0.055871;-0.037915;-0.065448
1480;-0.024173;-0.074228;-0.096262
1481;0.058610;-0.085802;-0.023727
1482;-0.054353;-0.146108;0.029512
1483;-0.285259;-0.096639;0.085438
1484;-0.343473;-0.144980;0.143913
1485;-0.402647;-0.163159;0.229493
1486;-0.715814;-0.659031;0.209805
1487;-0.928084;-0.740004;0.567157
1488;-0.613483;-0.176196;0.233130
1489;-0.218851;-0.530538;0.204505
1490;0.314401;-0.137434;-0.293549
1491;-0.414143;0.420225;0.037541
1492;-0.424349;0.374855;-0.159002
1493;0.198002;0.332511;-0.121923
1494;-0.049560;0.529312;-0.087495
1495;0.323006;0.099808;-0.201457
1496;-0.003262;-0.108902;-0.411972
1497;0.480162;-0.472442;-0.112089
1498;0.758502;-0.395769;-0.222614
1499;0.703386;-0.199939;-0.087466
1500;0.497064;-0.110568;-0.502920
1501;-1.187096;-0.758204;0.060099
1502;1.320650;0.126962;0.126071
1503;0.852526;0.175337;-0.180768
1504;0.427957;-0.225794;-0.103033
1505;-0.790905;0.049257;-0.383061
1506;0.756329;-0.097188;0.149780
1507;-0.100019;-0.014529;-0.100343
1508;0.071880;0.013702;-0.119564
1509;0.120667;-0.024542;-0.069789
1510;-0.067798;-0.043968;-0.074507
1511;-0.014624;-0.082901;0.000163
1512;-0.048596;-0.070053;0.069818
1513;-0.114888;-0.140487;0.085546
1514;-0.342112;-0.219772;0.085897
1515;-0.508903;-0.265115;0.167965
1516;-0.652207;-0.664767;0.223827
1517;-0.837052;-0.854823;0.585126
1518;-0.706590;-0.247766;0.190630
1519;-0.360865;-0.355450;0.029443
1520;0.516670;0.012555;0.053151
1521;-0.426992;0.375972;0.089989
1522;-0.014811;0.261789;-0.119949
1523;-0.085137;0.522166;-0.320982
1524;-0.049525;0.303784;-0.053193
1525;0.559021;0.111341;-0.155653
1526;0.255681;-0.077378;-0.256098
1527;0.626455;-0.319866;-0.231621
1528;0.606990;-0.268161;-0.245432
1529;0.564123;-0.155506;-0.267849
1530;0.540514;-0.103100;-0.238463
1531;-0.140221;-0.676064;0.169696
1532;-0.410714;0.206890;-0.164635
1533;1.512503;0.084588;0.010969
1534;0.492470;0.011972;0.140789
1535;-0.591205;-0.150002;-0.421851
1536;0.219454;-0.057280;-0.045247
1537;0.534736;0.101135;0.084509
1538;-0.326058;-0.090887;-0.095239
1539;0.171547;-0.009145;0.015241
1540;-0.109217;0.002705;-0.019125
1541;-0.017721;-0.065940;0.034084
1542;-0.027231;-0.142866;0.038006
1543;-0.181892;-0.141865;-0.070783
1544;-0.334600;-0.196722;-0.034485
1545;-0.322712;-0.217498;0.031519
1546;-0.341238;-0.386389;0.227523
1547;-0.656492;-0.667676;0.438720
1548;-0.606916;-0.330629;0.383038
1549;-0.108335;-0.320975;0.199003
1550;0.007569;-0.181572;-0.211653
1551;-0.101149;0.464265;0.083348
1552;-0.615947;0.336384;-0.048891
1553;0.139334;0.315213;-0.137673
1554;-0.183616;0.420669;-0.155318
1555;0.193932;0.130880;-0.162943
1556;0.324601;-0.028507;-0.215108
1557;0.258449;-0.165290;-0.294114
1558;0.566348;-0.308447;-0.159052
1559;0.511154;-0.261586;-0.308152
1560;0.449966;-0.156424;-0.173358
1561;0.690662;0.086980;-0.340422
1562;-0.317487;-0.820609;0.018137
1563;0.079930;0.346997;-0.021369
1564;1.106836;0.034684;-0.238625
1565;0.131072;-0.130990;-0.073383
1566;-0.196896;0.027718;-0.257435
1567;0.455176;-0.052334;0.056672
1568;-0.087691;0.017056;-0.045300
1569;-0.130066;-0.022725;-0.025523
1570;0.047697;-0.013415;0.012092
1571;-0.131065;-0.004269;-0.045470
1572;0.047081;-0.020796;-0.074084
1573;-0.031693;-0.105906;-0.055427
1574;-0.100072;-0.094075;0.031106
1575;-0.101765;-0.128036;0.053678
1576;-0.297075;-0.153220;0.003985
1577;-0.360195;-0.299031;0.082861
1578;-0.228775;-0.338481;0.045814
1579;-0.444322;-0.379179;0.025037
1580;-0.729338;-0.321946;0.404706
1581;-0.309283;-0.228716;0.143342
1582;-0.307766;-0.089745;0.081936
1583;0.181295;0.030196;-0.172308
1584;-0.349373;0.427160;0.013856
1585;-0.054504;0.154900;-0.132888
1586;-0.025319;0.452580;-0.261062
1587;0.093682;0.134767;-0.003842
1588;0.373615;0.025033;-0.095850
1589;0.150509;-0.154349;-0.232807
1590;0.318088;-0.206761;-0.100548
1591;0.439859;-0.137127;-0.145076
1592;0.457329;-0.036184;-0.225836
1593;0.377291;0.098406;-0.206209
1594;0.223868;0.106999;-0.244534
1595;-0.134189;-0.039728;-0.224999
1596;0.430769;-0.024998;0.089224
1597;-0.027355;-0.133932;0.060991
1598;-0.252172;-0.114429;-0.318064
1599;0.117924;-0.011456;-0.125518
1600;0.247134;0.044934;0.021044
1601;-0.032002;-0.029666;-0.116321
1602;-0.035510;-0.038356;-0.096440
1603;0.023672;0.017016;-0.014664
1604;-0.040229;-0.012329;-0.075551
1605;-0.072750;-0.039159;-0.006367
1606;0.059837;0.008814;-0.024593
1607;0.014596;-0.012295;-0.060900
1608;0.051312;-0.000036;-0.056344
1609;0.037159;-0.016966;-0.037830
1610;-0.053196;0.001894;-0.038651
1611;0.020101;-0.004936;-0.016102
1612;0.027559;-0.009239;-0.021421
1613;0.056053;-0.018587;-0.032506
1614;0.014161;-0.035126;-0.051539
1615;0.070210;-0.018364;0.023153
1616;0.069354;-0.061445;0.022039
1617;-0.013283;-0.006568;-0.067571
1618;-0.038317;0.023185;-0.060908
1619;0.027598;0.000707;-0.039738
1620;0.049718;-0.006065;-0.072327
1621;0.069287;-0.013074;-0.102506
1622;0.069831;-0.009976;-0.093257
1623;0.050443;-0.002180;-0.069940
1624;0.059329;0.003850;-0.066093
1625;0.017490;0.001784;-0.054977
1626;0.009164;-0.013979;-0.040100
1627;0.015787;0.000567;-0.020151
1628;-0.008211;-0.005868;-0.029114
1629;0.000818;-0.000664;-0.035700
1630;0.010218;-0.006346;-0.025551
1631;0.022633;-0.005680;-0.022354
1632;0.021070;-0.007571;-0.028923
1633;0.006937;-0.007702;-0.026869
1634;0.010694;-0.009558;-0.024057
1635;0.014563;-0.008176;-0.012962
1636;0.022466;0.001603;-0.026816
1637;0.010676;-0.010854;-0.027544
1638;0.018176;-0.006365;-0.022957
1639;0.029824;-0.001183;-0.016300
1640;0.006854;-0.008528;-0.022237
1641;0.020567;-0.005342;-0.021443
1642;0.014454;-0.004308;-0.018949
1643;0.017595;-0.005278;-0.021017
1644;0.015211;0.001079;-0.015940
1645;0.028414;-0.003761;-0.020523
1646;0.015826;-0.002021;-0.022632
1647;-0.003593;-0.004098;-0.015342
1648;0.006053;-0.004821;-0.009046
1649;0.005406;-0.011725;-0.008795
1650;0.013532;0.001565;-0.016431
1651;0.007594;0.000684;-0.015993
1652;0.009998;-0.006637;-0.018356
1653;0.003204;-0.004431;-0.015086
1654;0.012677;-0.000553;-0.009539
1655;0.000736;-0.004348;-0.011451
1656;0.010082;-0.007189;-0.010920
1657;-0.002523;-0.002776;-0.008452
1658;0.009814;-0.003688;-0.012544
1659;0.006458;-0.007511;-0.014187
1660;-0.000094;-0.005662;-0.014463
1661;0.011326;-0.002276;-0.009455
1662;-0.004243;-0.003222;-0.005648
1663;0.004867;-0.003763;-0.011248
1664;0.001782;-0.005028;-0.008750
1665;0.003687;-0.005254;-0.010191
1666;0.007623;0.001125;-0.010818
1667;-0.004617;-0.006142;-0.010270
1668;0.001397;-0.003828;-0.004178
1669;-0.003711;-0.005405;-0.008562
1670;0.013216;-0.002636;-0.003471
1671;0.009265;-0.003179;-0.008715
1672;-0.002634;-0.005161;-0.010240
1673;0.003756;-0.001166;-0.006957
1674;0.001113;-0.003421;-0.008229
1675;0.008205;-0.003225;-0.005895
1676;-0.009909;-0.002376;-0.006802
1677;0.008099;-0.002946;-0.008737
1678;0.001706;-0.002297;-0.002211
1679;0.003103;-0.002477;-0.008397
1680;0.007873;-0.003133;-0.001968
1681;-0.001366;-0.004653;-0.004920
1682;-0.000916;-0.006603;-0.004650
1683;-0.019498;-0.005377;-0.007641
1684;0.000462;-0.007704;-0.014009
