index;x;y;z
0;-0.025955;-0.033168;-0.001198
1;0.047553;-0.005774;-0.009155
2;-0.000138;-0.002132;-0.018329
3;0.034731;-0.006481;0.025959
4;-0.031926;-0.003775;-0.023755
5;0.006047;-0.005930;-0.042486
6;-0.037807;0.008184;-0.016668
7;-0.005214;-0.010175;0.002046
8;-0.030945;0.004131;-0.005530
9;-0.000533;-0.006969;-0.017980
10;-0.022702;0.000740;-0.010277
11;-0.005023;0.012352;-0.022269
12;0.001576;0.000287;-0.016068
13;-0.027783;-0.007075;0.002276
14;-0.062712;0.003363;0.025555
15;-0.010374;0.020941;0.023166
16;-0.003375;-0.006840;-0.014068
17;-0.052391;-0.004809;-0.046246
18;0.044199;0.014528;0.002963
19;0.006095;0.013384;0.012022
20;0.002404;0.005128;-0.023550
21;0.001822;0.000220;0.009984
22;-0.015802;-0.012397;0.041821
23;-0.027781;-0.001391;0.045126
24;0.040348;0.002579;0.048579
25;-0.020635;-0.038040;0.056659
26;0.035097;0.000239;0.047574
27;0.090804;-0.003626;0.032808
28;0.034454;-0.001971;-0.002820
29;-0.017237;0.001077;-0.001098
30;0.028535;-0.011170;0.015985
31;-0.016163;0.003343;0.034498
32;-0.037228;-0.004881;0.032105
33;-0.028328;-0.004806;0.035225
34;-0.016918;-0.001128;0.029338
35;0.015929;-0.012786;0.015687
36;0.040709;-0.000817;0.009395
37;0.059045;0.002721;-0.008782
38;0.004010;-0.018133;-0.019143
39;-0.013611;0.007694;-0.006931
40;0.024983;-0.010104;-0.001273
41;0.000870;-0.007852;-0.004219
42;-0.006806;-0.009831;-0.010564
43;-0.012897;-0.001043;0.005263
44;-0.006092;-0.006048;0.003522
45;-0.018136;-0.002358;0.005803
46;0.026667;-0.002522;-0.005032
47;-0.004096;0.003501;-0.007938
48;-0.000183;-0.008598;-0.008180
49;0.013510;0.002913;0.003131
50;0.012222;-0.013953;0.002095
51;0.003549;-0.011720;0.001944
52;0.013254;-0.000679;0.009416
53;-0.009918;-0.008267;0.004029
54;0.000341;-0.012451;0.011199
55;0.003727;0.009320;-0.000911
56;0.002287;-0.008167;-0.005381
57;-0.014318;0.004447;0.014070
58;0.005220;-0.007261;0.010493
59;0.011468;0.003797;0.002975
60;-0.009753;-0.013407;-0.008291
61;-0.012100;0.004552;-0.004626
62;-0.027295;-0.002870;0.006634
63;-0.004770;-0.007402;0.006772
64;0.009035;0.007010;0.013164
65;0.007425;-0.003383;-0.008960
66;-0.022657;-0.007214;-0.002138
67;-0.011500;-0.006100;-0.024384
68;-0.002153;-0.032668;0.032571
69;0.037382;0.018585;0.016625
70;0.108048;-0.018194;0.020117
71;0.019256;-0.014333;0.002812
72;-0.383326;-0.021194;-0.046131
73;0.236346;-0.010584;-0.089260
74;0.057599;-0.016816;-0.017976
75;-0.117273;-0.001605;0.000169
76;0.022078;0.017839;-0.000069
77;0.056231;0.026436;0.012961
78;-0.006506;0.003088;-0.025491
79;-0.009042;-0.008516;-0.043550
80;0.032781;-0.005095;-0.008046
81;0.043057;-0.005547;0.011153
82;0.029611;0.003469;-0.006019
83;0.038344;-0.013937;-0.009350
84;0.015514;-0.005729;-0.021390
85;0.010633;0.007035;-0.029654
86;0.038728;0.022051;-0.026710
87;0.015275;-0.001611;-0.033342
88;0.027295;0.017035;-0.068691
89;0.062522;0.016265;-0.055974
90;0.093938;0.017006;-0.045755
91;0.030698;0.003640;-0.020913
92;-0.010189;-0.027446;-0.011398
93;0.071533;0.021191;-0.008596
94;0.036154;0.002261;-0.008548
95;0.025343;-0.018579;0.009995
96;0.063085;-0.014474;0.017689
97;0.014319;0.001054;0.020155
98;0.002412;0.011953;0.033127
99;-0.059107;-0.010515;0.016660
100;-0.106419;-0.025702;0.041219
101;-0.112996;-0.029521;0.079254
102;0.020001;-0.046663;0.065818
103;0.027264;-0.014410;0.047186
104;0.067946;-0.056635;0.001821
105;-0.022568;-0.112093;0.052344
106;-0.081999;-0.145396;0.061783
107;-0.116262;-0.165041;0.087662
108;-0.027610;-0.081916;0.070995
109;-0.120635;-0.041659;0.065951
110;-0.140048;-0.072940;0.106632
111;-0.280709;-0.107784;0.144536
112;-0.367637;-0.178467;0.179756
113;-0.476637;-0.149196;0.263936
114;-0.197408;-0.185241;0.193977
115;-0.200920;-0.170546;0.137692
116;0.046410;-0.100513;-0.033684
117;-0.280033;0.052539;0.126729
118;-0.226904;0.087089;0.026523
119;0.021660;0.095327;0.123318
120;0.106757;0.099521;0.098730
121;-0.000522;0.064271;-0.006496
122;-0.002529;-0.020445;0.020576
123;0.304952;-0.042886;0.036150
124;0.300620;0.039552;0.043656
125;0.253827;-0.041693;-0.129523
126;0.210143;-0.094486;-0.154561
127;0.182424;-0.107083;-0.255858
128;0.195873;-0.056391;-0.294250
129;0.223076;-0.070671;-0.181083
130;0.218935;-0.068706;-0.099457
131;-0.117420;-0.304935;0.340523
132;0.224504;-0.009412;-0.197528
133;-0.024860;0.243383;-0.249565
134;0.542128;-0.053688;0.026124
135;-0.141017;-0.102451;-0.103464
136;0.204497;0.052347;0.108396
137;-0.023014;-0.016954;0.060982
138;-0.016959;0.030615;-0.031598
139;0.107891;0.025586;0.009936
140;-0.049420;0.018668;-0.012234
141;0.052551;-0.027870;0.040712
142;0.017364;-0.025244;-0.016624
143;-0.017060;-0.032757;0.005353
144;0.051956;-0.041332;0.034280
145;0.047122;-0.080646;0.001736
146;-0.047886;-0.095561;0.056224
147;-0.226743;-0.096761;0.083554
148;-0.202551;-0.100674;0.175246
149;-0.252814;-0.135629;0.174815
150;-0.293888;-0.266151;0.137543
151;-0.265146;-0.235947;0.153582
152;-0.547451;-0.370492;0.283440
153;-0.562905;-0.311052;0.462151
154;-0.166404;-0.373958;0.149403
155;-0.200436;-0.411107;0.047060
156;-0.010150;0.132825;-0.040177
157;-0.369268;0.128386;0.122163
158;-0.071114;0.322425;0.060968
159;0.031296;0.186278;0.065750
160;-0.030582;0.222883;0.041811
161;-0.020897;0.163767;-0.118448
162;0.091203;-0.017655;-0.075270
163;0.357488;-0.053041;-0.086372
164;0.486171;-0.142557;-0.169849
165;0.360464;-0.247606;-0.192899
166;0.145823;-0.199274;-0.202537
167;0.379138;-0.074198;-0.150065
168;0.598286;0.042372;-0.269012
169;-1.106134;-0.727244;-0.591968
170;1.140973;0.125240;0.289739
171;0.260796;0.266716;0.013597
172;0.069208;-0.020016;-0.266586
173;-0.018854;-0.036406;-0.186702
174;0.326840;0.062647;0.146834
175;-0.167296;-0.057689;0.061777
176;-0.057544;0.008340;0.012637
177;-0.102717;-0.017089;0.113287
178;-0.078895;0.043665;0.080580
179;-0.010807;0.008501;0.037195
180;0.109300;-0.048890;-0.086302
181;-0.049649;-0.095712;-0.065017
182;-0.023302;-0.116262;0.097461
183;-0.140344;-0.109377;0.144213
184;-0.204735;-0.162377;0.181091
185;-0.252078;-0.221234;0.181196
186;-0.582899;-0.463549;0.251498
187;-0.672551;-0.636175;0.328960
188;-0.698052;-0.276873;0.507935
189;-0.201195;-0.483762;0.252263
190;0.001446;-0.056483;0.012469
191;-0.128316;0.237952;0.232535
192;-0.455514;0.189772;0.136106
193;0.072261;0.209837;0.107044
194;-0.219254;0.375070;0.038693
195;0.214554;0.177624;0.081999
196;0.230887;0.114973;-0.050195
197;0.293730;0.002628;-0.135531
198;0.535761;-0.295323;-0.185829
199;0.092733;-0.381962;-0.337727
200;0.242278;-0.248822;-0.255515
201;0.671113;0.000887;-0.226174
202;0.076127;-0.365333;0.464150
203;0.259357;-0.081689;-0.249181
204;0.560717;-0.039505;-0.461716
205;0.033008;-0.077472;0.068335
206;0.136325;-0.078709;-0.153038
207;0.172737;-0.056766;0.063916
208;0.031950;0.005879;0.022470
209;-0.027086;0.016831;0.022199
210;-0.058380;0.007365;0.071047
211;-0.103225;0.017496;0.052324
212;0.014379;-0.037652;0.016807
213;-0.042477;-0.083457;0.017393
214;-0.017882;-0.098215;0.032890
215;-0.223275;-0.130708;0.111954
216;-0.182238;-0.156446;0.171949
217;-0.312575;-0.198637;0.162795
218;-0.321826;-0.370438;0.259510
219;-0.553768;-0.448522;0.190351
220;-0.869868;-0.583841;0.689708
221;-0.444136;-0.384713;0.207594
222;-0.013347;-0.231339;0.180992
223;0.292539;0.223488;0.258290
224;-0.592416;0.267204;0.206850
225;-0.000529;0.238886;0.096367
226;-0.052203;0.347839;0.093214
227;0.153274;0.128286;0.113869
228;0.067263;0.281570;-0.099368
229;0.182579;-0.078014;-0.098567
230;0.729286;-0.150560;-0.050102
231;0.395502;-0.298552;-0.142311
232;0.065590;-0.154097;-0.506130
233;0.387093;-0.205558;-0.232330
234;0.216782;-0.610868;0.177149
235;-0.575361;-0.241426;-0.258717
236;1.480662;0.441175;0.194105
237;0.546088;0.065382;0.108707
238;-0.470674;-0.164684;-0.255614
239;0.079263;0.038946;-0.111068
240;0.560444;0.008881;0.198166
241;-0.370065;-0.026012;0.022588
242;0.038623;0.041243;0.028240
243;-0.003873;-0.000336;0.003720
244;-0.041932;-0.022615;0.014183
245;-0.006826;-0.075580;0.039562
246;-0.088085;-0.123901;0.010532
247;-0.178934;-0.148545;0.117926
248;-0.245176;-0.184031;0.179391
249;-0.315871;-0.209095;0.166593
250;-0.318018;-0.232923;0.192429
251;-0.745697;-0.317442;0.274107
252;-0.879048;-0.652381;0.485688
253;-0.412135;-0.328174;0.360331
254;-0.246872;-0.484555;0.152731
255;0.395266;-0.080623;0.138809
256;-0.567448;0.185647;0.075160
257;-0.068286;0.196282;-0.100541
258;-0.145517;0.408706;-0.101127
259;0.076663;0.173233;-0.009474
260;0.395907;0.299796;-0.127849
261;0.124066;0.004834;-0.286582
262;0.702019;-0.146715;-0.177570
263;0.660005;-0.207111;-0.123606
264;0.245020;-0.201795;-0.343037
265;0.073099;-0.122253;-0.226896
266;-0.060523;-0.650515;0.465354
267;0.368746;-0.136797;-0.229160
268;0.984221;0.105332;-0.276662
269;-0.455420;-0.154213;0.158731
270;0.109402;0.075050;-0.062632
271;0.261561;-0.055558;0.074729
272;-0.046553;-0.028473;-0.080413
273;0.076349;-0.010448;-0.039050
274;0.011584;-0.013494;-0.016673
275;-0.041072;0.004043;0.059516
276;0.006455;-0.055253;0.012709
277;-0.060100;-0.056360;0.027264
278;-0.142325;-0.107438;0.108291
279;-0.205077;-0.155251;0.157345
280;-0.197598;-0.150509;0.188149
281;-0.326593;-0.170790;0.246375
282;-0.607778;-0.568425;0.327905
283;-0.821760;-0.713476;0.430402
284;-0.689723;-0.288557;0.515168
285;-0.242442;-0.313489;0.203666
286;0.402180;-0.077277;0.173314
287;-0.446521;0.222101;0.222056
288;-0.110878;0.214345;0.005108
289;-0.084686;0.406472;-0.020066
290;-0.101707;0.300063;-0.015984
291;0.148265;0.249568;-0.082322
292;0.125406;0.028002;-0.124536
293;0.572555;-0.165290;-0.058814
294;0.412896;-0.354287;-0.246582
295;0.036066;-0.279075;-0.418827
296;0.503883;-0.318253;-0.226343
297;0.737955;0.042556;-0.459547
298;-0.673703;-0.603811;-0.130962
299;0.811233;0.007809;-0.043954
300;0.107159;0.069971;-0.379152
301;0.196532;-0.067627;-0.101623
302;-0.023225;-0.000439;-0.119896
303;0.067987;-0.061589;0.080005
304;-0.053048;0.006970;0.115338
305;-0.014935;0.044338;0.004996
306;-0.044128;-0.051241;0.002878
307;-0.080369;-0.000435;0.047598
308;-0.041489;-0.022141;0.035581
309;0.049882;-0.135756;0.010708
310;-0.188761;-0.193538;0.080893
311;-0.273866;-0.246176;0.131092
312;-0.313803;-0.239600;0.204781
313;-0.466188;-0.449734;0.353931
314;-0.582383;-0.520656;0.322660
315;-1.030689;-0.373280;0.729755
316;-0.367739;-0.470176;0.356028
317;-0.009796;-0.259715;0.041687
318;0.029609;0.281443;0.177962
319;-0.826018;0.196272;0.153893
320;0.141673;0.492825;-0.046990
321;0.063570;0.324837;0.038133
322;0.141782;0.382121;-0.043400
323;0.184890;0.064871;-0.231656
324;0.194670;-0.186463;-0.205946
325;0.779133;-0.481751;-0.163564
326;0.334205;-0.235458;-0.360410
327;0.642282;-0.213985;-0.205083
328;0.100510;-0.487451;0.535423
329;-0.030381;0.047064;-0.368928
330;1.132675;0.123067;-0.326022
331;0.217936;-0.171276;0.077705
332;-0.154943;0.029355;-0.178253
333;0.378521;-0.073416;0.059842
334;-0.093642;-0.009571;0.056155
335;-0.000784;-0.032273;0.084230
336;-0.131826;0.033897;0.135426
337;-0.093884;0.047328;0.068678
338;-0.039826;-0.017711;0.016230
339;0.051637;-0.105977;0.047004
340;-0.247771;-0.151154;0.009774
341;-0.250479;-0.185398;0.106737
342;-0.231600;-0.203986;0.165504
343;-0.309104;-0.265436;0.270692
344;-0.673479;-0.584993;0.454662
345;-0.997680;-0.656736;0.790649
346;-0.495262;-0.305311;0.312581
347;0.095305;-0.430018;0.293050
348;0.091432;0.049729;0.073614
349;-0.433531;0.128777;0.189083
350;-0.083657;0.471483;0.032520
351;0.064036;0.259609;0.113811
352;0.273932;0.394947;-0.013061
353;-0.020432;0.366294;-0.174888
354;-0.169273;-0.301458;-0.323913
355;1.013725;-0.320523;-0.041513
356;0.595781;-0.305678;-0.277379
357;0.465693;-0.179715;-0.273747
358;0.638912;-0.028693;-0.444411
359;-0.463046;-0.537589;0.102562
360;0.663647;0.080801;-0.002659
361;0.144767;0.024656;-0.379840
362;0.264719;-0.086469;-0.122947
363;-0.052277;0.040034;-0.141265
364;0.291785;-0.034332;0.130836
365;-0.113111;0.000697;-0.004588
366;-0.005062;0.012425;-0.003434
367;-0.077281;-0.025048;0.092472
368;-0.107853;-0.023411;0.100610
369;-0.021819;-0.087061;0.053107
370;-0.018344;-0.110435;0.095184
371;-0.230826;-0.111652;0.072543
372;-0.310123;-0.182851;0.135109
373;-0.171109;-0.220027;0.104293
374;-0.432589;-0.336601;0.165783
375;-0.703496;-0.538889;0.484765
376;-0.871292;-0.424833;0.690851
377;-0.352521;-0.574213;0.329143
378;0.024776;-0.242432;0.098945
379;-0.007670;0.154127;0.208464
380;-0.524201;0.232001;0.021266
381;0.095746;0.460231;0.063822
382;-0.003921;0.323704;-0.003211
383;0.074564;0.339452;-0.066553
384;0.004358;0.184091;-0.232827
385;0.359620;-0.344728;-0.088862
386;0.946846;-0.354952;-0.102897
387;0.379514;-0.369072;-0.458712
388;0.536976;-0.178703;-0.118563
389;0.457019;0.063271;-0.410439
390;-0.860728;-0.641610;-0.105919
391;1.259599;0.167320;0.005699
392;0.072520;0.009885;-0.086006
393;0.000404;0.060503;-0.101802
394;0.155943;-0.020275;-0.077126
395;0.184142;-0.030036;0.013352
396;-0.084094;-0.048536;0.007658
397;0.001481;0.022383;-0.011003
398;-0.049823;-0.031679;0.059538
399;-0.195216;-0.034179;0.106814
400;0.099734;-0.072252;0.100058
401;-0.185436;-0.105230;0.033280
402;-0.336975;-0.145727;0.058465
403;-0.233572;-0.202356;0.141774
404;-0.325645;-0.239787;0.168268
405;-0.530586;-0.606905;0.297671
406;-0.775201;-0.648469;0.606210
407;-0.664052;-0.249213;0.383846
408;-0.354727;-0.515238;0.238677
409;0.375189;-0.099569;-0.094947
410;-0.309592;0.448087;0.231459
411;-0.433730;0.290953;0.088161
412;0.350917;0.251096;0.122145
413;-0.062967;0.459545;0.002391
414;0.217919;0.120065;-0.134536
415;-0.081888;-0.101258;-0.262910
416;0.355275;-0.303290;-0.273496
417;0.708419;-0.306447;-0.070991
418;0.645985;-0.243272;-0.097995
419;0.572351;-0.140446;-0.240757
420;-0.040853;-0.732383;0.291476
421;-0.284081;0.165930;-0.290179
422;1.272858;0.002222;-0.080522
423;0.021744;0.054225;0.137650
424;-0.335858;-0.076955;-0.190781
425;0.405993;0.007584;0.197755
426;0.065157;0.013265;-0.042339
427;-0.186814;-0.029849;-0.030493
428;0.119697;0.045120;0.037096
429;-0.188623;-0.033742;0.047611
430;0.073263;-0.019259;0.039691
431;-0.083578;-0.119996;-0.024549
432;-0.067104;-0.206448;0.122105
433;-0.327294;-0.193104;0.208297
434;-0.376634;-0.248371;0.242254
435;-0.396387;-0.316054;0.210067
436;-0.709892;-0.428251;0.312552
437;-0.872595;-0.558831;0.633168
438;-0.598306;-0.408519;0.463700
439;0.310945;-0.486402;0.150850
440;-0.432182;0.168400;0.175831
441;-0.479761;0.135059;-0.070336
442;-0.067412;0.405215;-0.157837
443;-0.170535;0.261094;-0.057966
444;0.493326;0.184292;-0.036791
445;0.128307;0.131858;-0.347231
446;0.661025;-0.311380;-0.256687
447;0.741813;-0.298155;-0.267224
448;0.296096;-0.185006;-0.379255
449;0.716678;0.029869;-0.278985
450;-0.517825;-0.541229;-0.083612
451;1.267266;0.324954;0.079027
452;0.394286;-0.025715;-0.331465
453;-0.239162;-0.052357;-0.133817
454;0.358357;-0.032575;0.068178
455;0.234788;-0.025852;0.032043
456;-0.194778;-0.034620;-0.009403
457;0.095641;0.003117;0.037251
458;-0.128853;-0.056762;0.048640
459;-0.069621;-0.029749;0.035443
460;0.006510;-0.092129;0.036703
461;-0.086960;-0.171139;0.054662
462;-0.351478;-0.097799;0.136606
463;-0.300515;-0.232138;0.189176
464;-0.315428;-0.256979;0.162571
465;-0.536923;-0.462362;0.266965
466;-0.733735;-0.686429;0.376243
467;-0.740572;-0.331179;0.464450
468;-0.451281;-0.544994;0.107832
469;0.357867;-0.107322;-0.167926
470;0.019022;0.457964;0.358946
471;-0.360179;0.287283;0.064842
472;0.335036;0.330625;0.039365
473;-0.043116;0.516398;-0.039848
474;0.216968;0.210581;0.006453
475;-0.010519;0.041614;-0.251313
476;0.389321;-0.183800;-0.334916
477;0.497608;-0.412927;0.020903
478;0.222995;-0.333942;-0.438711
479;0.881525;-0.091526;-0.123973
480;0.244964;-0.415891;0.157351
481;-0.312356;-0.136157;-0.497216
482;1.187577;0.034789;-0.299971
483;0.298337;0.024768;0.316764
484;-0.171299;-0.048619;-0.069565
485;-0.038612;-0.032189;0.066324
486;0.061903;0.080621;0.187413
487;-0.141468;0.013543;0.107323
488;0.065317;-0.020867;-0.014393
489;-0.079402;-0.015110;-0.086198
490;0.009477;-0.035665;0.049432
491;0.062268;-0.116031;-0.024973
492;-0.156193;-0.125315;-0.032326
493;-0.226735;-0.142798;0.167374
494;-0.284493;-0.207036;0.264226
495;-0.519423;-0.316720;0.264748
496;-0.734173;-0.611296;0.433292
497;-0.781923;-0.800844;0.625132
498;-0.568118;-0.284415;0.268477
499;-0.255359;-0.511630;0.170365
500;0.321751;0.024451;-0.025776
501;-0.758643;0.466030;-0.016210
502;-0.125804;0.433901;0.136634
503;0.443037;0.248928;0.099024
504;0.229390;0.514282;0.025214
505;0.003738;0.214535;-0.299789
506;-0.103165;-0.206700;-0.180170
507;0.799634;-0.407774;-0.046549
508;0.136206;-0.246925;-0.450390
509;0.427953;-0.274553;-0.125435
510;0.677199;0.073201;-0.477419
511;-0.324752;-0.600280;0.554153
512;0.658633;-0.028698;-0.202271
513;0.723639;0.039845;-0.650251
514;0.152706;-0.217325;0.045732
515;-0.227649;0.033540;-0.139572
516;0.222127;-0.063824;0.173858
517;-0.049036;0.053744;0.060152
518;-0.111442;-0.010161;0.002855
519;-0.003564;-0.003523;0.044743
520;-0.175704;-0.018295;0.003823
521;-0.056033;-0.022672;0.001227
522;0.034762;-0.094511;0.033318
523;-0.064826;-0.120090;0.102465
524;-0.238880;-0.190565;0.137931
525;-0.367669;-0.251894;0.150163
526;-0.572422;-0.660680;0.202601
527;-0.795306;-0.768421;0.553023
528;-0.872953;-0.340902;0.612375
529;-0.579403;-0.315681;0.175632
530;0.621206;-0.307803;0.189620
531;-0.717604;0.423767;-0.028320
532;-0.402170;0.395118;-0.196562
533;0.045298;0.222117;0.091885
534;0.592784;0.260486;0.154515
535;0.149049;0.258582;-0.260579
536;-0.013514;-0.050738;-0.284132
537;0.824595;-0.193677;-0.160125
538;0.540977;-0.298971;-0.176703
539;0.233897;-0.293060;-0.166081
540;0.520648;-0.153451;-0.210873
541;0.126952;-0.582904;0.594254
542;-0.091945;0.043038;-0.293989
543;0.803194;0.183101;-0.232391
544;0.302655;0.108704;0.256392
545;-0.251117;-0.103660;-0.146511
546;0.155912;0.032876;0.040238
547;0.136239;0.013416;0.007607
548;-0.002650;-0.030614;-0.026260
549;0.100798;-0.008104;-0.051373
550;-0.030169;-0.020666;-0.012058
551;-0.027296;-0.043266;0.093514
552;-0.007787;-0.091635;0.023786
553;-0.124263;-0.172739;0.038732
554;-0.339845;-0.185185;0.078531
555;-0.319533;-0.217631;0.162602
556;-0.244958;-0.239869;0.128338
557;-0.730295;-0.764640;0.321414
558;-0.935841;-0.664812;0.639480
559;-0.621925;-0.215978;0.296594
560;-0.072288;-0.668008;0.071068
561;0.272012;0.076345;-0.066013
562;-0.159842;0.433827;0.346321
563;-0.394767;0.226396;0.084554
564;0.319021;0.325628;0.103996
565;-0.054699;0.454079;0.052123
566;0.107470;0.151693;-0.020751
567;0.159249;0.056701;-0.255352
568;0.671351;-0.243616;-0.146876
569;0.567999;-0.398489;-0.161460
570;-0.040905;-0.243369;-0.628269
571;0.503140;-0.284641;-0.175377
572;0.512653;-0.251541;0.215415
573;-0.271746;-0.315616;-0.325394
574;1.393075;0.208918;-0.332704
575;-0.111749;-0.035793;0.085574
576;0.029316;0.047664;-0.060701
577;0.228939;0.015485;0.158094
578;-0.041100;0.002367;0.037921
579;-0.044444;-0.034549;0.018287
580;0.097548;-0.000070;-0.002365
581;-0.102014;0.004226;-0.021018
582;-0.051039;-0.009027;0.007445
583;0.122170;-0.053869;-0.006685
584;-0.118770;-0.066244;-0.040882
585;-0.137879;-0.162561;0.060325
586;-0.337580;-0.200843;0.194431
587;-0.199821;-0.267080;0.132425
588;-0.343861;-0.435529;0.237730
589;-0.658184;-0.511345;0.395661
590;-1.022702;-0.444460;0.864730
591;-0.470575;-0.449382;0.317557
592;-0.160255;-0.373189;-0.003333
593;0.116941;0.158900;0.084149
594;-0.497378;0.330504;0.109708
595;-0.080785;0.373992;-0.000093
596;0.127511;0.274416;-0.032720
597;-0.105951;0.451260;-0.093029
598;0.011334;0.058476;-0.225715
599;0.211479;-0.219169;-0.227184
600;0.607063;-0.403785;-0.165762
601;0.414275;-0.383256;-0.312353
602;0.538816;-0.208413;-0.279876
603;0.779624;0.015654;-0.325631
604;-0.701969;-0.707103;-0.102686
605;1.205077;0.322376;-0.193134
606;0.114467;-0.027498;-0.173707
607;0.014612;0.217188;-0.003645
608;0.294528;-0.078785;0.061111
609;0.048347;-0.052130;0.020177
610;-0.121779;-0.028021;0.003895
611;0.164259;0.019325;0.023912
612;-0.184130;0.004840;0.058749
613;-0.101180;0.012464;0.079155
614;0.037116;-0.056873;0.009390
615;-0.048314;-0.162358;-0.017919
616;-0.132273;-0.159163;0.077472
617;-0.334078;-0.220412;0.147443
618;-0.215995;-0.234803;0.187237
619;-0.427440;-0.430286;0.410862
620;-0.679480;-0.511291;0.370221
621;-0.940699;-0.311379;0.705954
622;-0.424010;-0.412014;0.378349
623;0.155185;-0.264136;-0.151865
624;-0.090786;0.210147;0.223176
625;-0.609248;0.331798;0.084024
626;0.301873;0.217295;0.104139
627;-0.101302;0.465482;-0.044543
628;0.210242;0.194162;-0.129094
629;-0.115565;0.173149;-0.343202
630;0.304224;-0.267375;-0.287248
631;0.686287;-0.331997;-0.145517
632;0.544386;-0.288810;-0.360317
633;0.565247;-0.165506;-0.053343
634;0.583170;0.027573;-0.288370
635;-0.735824;-0.599054;-0.292127
636;0.792738;0.287086;0.050492
637;0.737670;0.084916;-0.039278
638;0.000529;-0.099374;-0.021801
639;-0.076574;-0.000842;-0.178886
640;0.458923;-0.070894;-0.076112
641;-0.114351;-0.020182;0.030858
642;0.040012;0.024184;-0.022376
643;-0.020052;0.004529;0.015191
644;-0.027691;-0.020546;0.037021
645;0.008155;-0.089564;0.044519
646;-0.020005;-0.123461;0.104631
647;-0.346319;-0.151502;0.132797
648;-0.320254;-0.230213;0.171937
649;-0.428463;-0.247121;0.151163
650;-0.564627;-0.660594;0.284567
651;-0.691505;-0.645676;0.634530
652;-0.639247;-0.176064;0.311497
653;-0.160723;-0.797623;0.198307
654;-0.140215;0.065377;-0.056238
655;-0.071891;0.274703;0.007913
656;0.062874;0.416920;0.195547
657;-0.302576;0.477281;-0.015720
658;0.111899;0.148956;0.061213
659;-0.034471;0.463248;-0.172037
660;-0.120653;-0.024315;-0.205954
661;0.297062;-0.132426;-0.218251
662;0.649170;-0.281901;-0.135988
663;0.354179;-0.414791;-0.304714
664;0.404211;-0.204668;-0.317397
665;0.550551;-0.109213;-0.266663
666;-0.612961;-0.584613;0.286711
667;0.418602;0.256923;-0.163101
668;1.096930;0.105311;-0.026276
669;0.572817;-0.310443;-0.126811
670;-0.858655;0.044556;-0.466187
671;0.672041;-0.068793;0.158227
672;0.057244;0.027041;0.074138
673;-0.312247;0.016663;-0.030353
674;0.130932;0.024533;0.085569
675;-0.130694;-0.004577;-0.036798
676;0.043471;-0.048783;-0.009406
677;0.008493;-0.132222;0.022874
678;-0.106333;-0.140187;0.144702
679;-0.300104;-0.186555;0.164705
680;-0.294960;-0.209480;0.162110
681;-0.433339;-0.490462;0.324114
682;-0.513014;-0.514603;0.407482
683;-0.808482;-0.365820;0.628620
684;-0.390237;-0.407063;0.230378
685;0.005007;-0.271754;0.054568
686;-0.291367;0.250762;0.168002
687;-0.458878;0.224036;-0.010941
688;-0.077802;0.269712;-0.031998
689;-0.225567;0.235750;-0.006309
690;0.334082;0.152720;0.055046
691;0.155838;0.108474;-0.078408
692;0.151817;-0.015502;-0.222750
693;0.370829;-0.218160;-0.192908
694;0.437054;-0.335061;-0.279109
695;0.318770;-0.189582;-0.427664
696;0.643444;-0.104512;-0.187612
697;0.211168;-0.656063;0.071055
698;-0.613814;-0.095774;-0.355868
699;1.255374;0.114994;-0.052501
700;0.092652;-0.076787;0.234942
701;-0.092263;-0.065862;-0.261397
702;0.064401;-0.067439;-0.062141
703;0.310337;0.052696;0.057801
704;-0.086411;0.002431;-0.080974
705;0.000043;0.001748;-0.017019
706;0.000624;0.004249;-0.003782
707;-0.099169;-0.059005;0.009247
708;-0.010171;-0.122911;0.027360
709;-0.094359;-0.187473;0.092069
710;-0.185606;-0.190291;0.121437
711;-0.404537;-0.230190;0.199376
712;-0.648353;-0.640783;0.304722
713;-0.742352;-0.589681;0.383578
714;-0.899212;-0.292685;0.567237
715;-0.297592;-0.442330;0.240589
716;0.145523;-0.210093;0.056466
717;-0.269085;0.275088;0.097311
718;-0.540892;0.159208;0.018828
719;-0.048101;0.381213;-0.069397
720;-0.182581;0.296200;-0.021246
721;0.253997;0.240626;0.049715
722;0.310659;0.135330;-0.103008
723;0.029144;-0.263769;-0.284220
724;0.518534;-0.384814;-0.127738
725;0.549040;-0.238808;-0.356964
726;0.445488;-0.184818;-0.338921
727;0.701461;0.001304;-0.395757
728;-0.868447;-0.767770;-0.105117
729;1.229051;0.155071;-0.100686
730;0.565414;0.040535;-0.322834
731;0.013189;-0.090256;0.115740
732;-0.025903;0.030834;-0.031606
733;0.053444;-0.082947;0.114378
734;-0.192387;0.034113;0.061306
735;-0.038971;0.060626;0.007382
736;0.023902;-0.027924;-0.070224
737;-0.129249;-0.005147;-0.047785
738;0.155894;-0.023454;0.022038
739;-0.069230;-0.153486;-0.002755
740;-0.141434;-0.164530;0.131540
741;-0.412504;-0.245285;0.107552
742;-0.242305;-0.239114;0.087458
743;-0.536760;-0.537260;0.285869
744;-0.579304;-0.529999;0.371436
745;-0.699842;-0.240072;0.657568
746;-0.406192;-0.519465;0.310236
747;0.046518;-0.047546;-0.177926
748;-0.031608;0.442099;0.231257
749;-0.671849;0.264941;0.154726
750;0.301790;0.279484;0.017222
751;-0.034066;0.444945;-0.002696
752;-0.138669;0.262026;-0.211974
753;0.029730;-0.084934;-0.154154
754;0.511854;-0.279786;-0.024850
755;0.503486;-0.320110;-0.211122
756;0.372546;-0.307423;-0.338329
757;0.592763;-0.278195;-0.226557
758;0.455433;-0.222873;-0.246655
759;-0.946412;-0.597509;-0.573499
760;1.425001;0.331097;0.007280
761;0.415929;0.110830;0.118737
762;-0.339616;-0.126239;-0.161455
763;-0.129370;0.063934;-0.076112
764;0.604282;0.021427;0.182778
765;-0.242695;-0.024825;-0.132956
766;0.044823;0.012168;-0.153693
767;0.135151;-0.029030;0.043580
768;-0.139419;-0.029414;0.044589
769;0.065050;-0.061841;0.035080
770;-0.091858;-0.131746;0.033987
771;-0.128022;-0.155930;0.178062
772;-0.315635;-0.215148;0.187753
773;-0.352713;-0.263062;0.194600
774;-0.603301;-0.669346;0.186893
775;-0.747086;-0.676471;0.614665
776;-0.695419;-0.211201;0.426743
777;-0.356525;-0.523558;0.417946
778;0.495688;-0.077091;-0.095530
779;-0.470236;0.390919;0.107582
780;-0.345380;0.346959;-0.053386
781;0.256669;0.355346;0.005158
782;-0.171739;0.441586;-0.013800
783;0.113331;0.062711;-0.127892
784;0.096957;-0.047487;-0.192047
785;0.446910;-0.291030;-0.134103
786;0.551793;-0.312837;-0.240159
787;0.443092;-0.258133;-0.176204
788;0.402735;-0.218593;-0.258603
789;-0.049511;-0.717958;0.239592
790;-0.291965;0.012779;-0.279636
791;1.623796;0.077789;-0.110414
792;0.232724;-0.065832;0.129623
793;-0.504151;0.083439;-0.219475
794;0.407532;-0.086457;0.023311
795;0.161898;-0.010326;-0.029615
796;-0.163941;0.017497;-0.088220
797;0.196654;-0.042868;-0.003932
798;-0.105129;0.009824;-0.038128
799;-0.008973;-0.039205;0.004102
800;-0.003008;-0.133545;0.007585
801;-0.038758;-0.127608;0.094994
802;-0.334206;-0.163895;0.135945
803;-0.252908;-0.217472;0.154940
804;-0.379981;-0.265440;0.200634
805;-0.741479;-0.596984;0.385326
806;-0.965136;-0.601724;0.783415
807;-0.526142;-0.325441;0.236371
808;-0.163717;-0.570696;0.210025
809;0.055896;0.030866;-0.291923
810;-0.085111;0.477896;0.162908
811;-0.554610;0.248936;-0.027781
812;0.069607;0.455907;-0.016770
813;-0.135207;0.325919;-0.024733
814;0.124843;0.180823;-0.202561
815;0.162183;-0.103897;-0.301344
816;0.675723;-0.378568;-0.044414
817;0.488894;-0.258626;-0.286408
818;0.569080;-0.201218;-0.182904
819;0.587537;-0.217534;-0.211024
820;-0.703832;-0.370549;-0.243629
821;0.972493;0.480864;0.315302
822;1.082562;0.071371;-0.128860
823;-0.410414;-0.228824;-0.250049
824;0.078427;0.056303;-0.110960
825;0.705523;-0.022541;0.065110
826;-0.302902;-0.012126;-0.055008
827;0.060346;0.012595;-0.014508
828;0.013113;-0.030309;0.048930
829;-0.080615;-0.020274;-0.015649
830;0.044468;-0.063395;-0.027616
831;-0.087197;-0.089608;0.017146
832;-0.160172;-0.061509;0.117411
833;-0.238490;-0.235461;0.144082
834;-0.419738;-0.291959;0.151820
835;-0.325026;-0.369404;0.129247
836;-0.931023;-0.990852;0.316251
837;-1.060274;-0.380506;0.632525
838;-0.416168;-0.375886;0.148546
839;0.171886;-0.097170;-0.188782
840;0.255819;0.252956;0.301302
841;-0.478649;0.402755;0.080586
842;0.364383;0.371977;0.100805
843;-0.004854;0.508012;-0.055336
844;-0.205507;0.194909;-0.126864
845;0.053574;0.024430;-0.195228
846;0.498084;-0.236458;-0.003789
847;0.525935;-0.300586;-0.260554
848;0.364795;-0.243996;-0.448070
849;0.584907;-0.339768;-0.228058
850;0.580910;-0.058189;-0.404426
851;0.074707;-0.284375;0.434333
852;0.257957;-0.233602;-0.350328
853;0.022002;-0.043933;-0.310133
854;0.568662;-0.008139;0.070993
855;-0.363092;-0.071434;0.011737
856;0.053460;0.057423;-0.023530
857;0.180555;-0.003732;0.018861
858;-0.080566;-0.083590;-0.125252
859;-0.100872;-0.007404;0.085247
860;0.098600;0.047740;-0.008839
861;-0.020791;-0.059077;-0.070989
862;0.158937;-0.126736;-0.004158
863;-0.318406;-0.074773;0.135849
864;-0.180576;-0.205654;0.167852
865;-0.278474;-0.256413;0.107931
866;-0.505725;-0.408185;0.229965
867;-0.650254;-0.459993;0.438042
868;-0.831405;-0.406113;0.536494
869;-0.323041;-0.329501;0.325250
870;-0.080423;-0.303683;0.167910
871;0.289350;0.083294;-0.127407
872;-0.167461;0.422880;0.166757
873;-0.284051;0.349333;-0.034815
874;0.069006;0.273886;-0.003293
875;-0.324762;0.517203;-0.172525
876;0.007810;0.057972;-0.146011
877;0.439991;-0.196783;-0.206089
878;0.401652;-0.327535;-0.166849
879;0.618958;-0.446121;-0.374464
880;0.492734;-0.307963;-0.172336
881;0.621030;-0.112995;-0.292266
882;-0.153580;-0.294939;0.577440
883;0.496744;-0.073772;-0.342250
884;0.338362;0.085680;-0.226413
885;0.538173;-0.225896;-0.096879
886;-0.370810;-0.021080;-0.356504
887;0.334653;-0.038194;0.103160
888;0.091897;0.035282;0.051981
889;-0.217595;-0.008692;-0.030341
890;0.108101;0.029008;0.046609
891;-0.103527;-0.010793;-0.017964
892;0.046636;-0.062591;-0.026837
893;0.021432;-0.147368;0.016396
894;-0.028745;-0.157973;0.121247
895;-0.313691;-0.213914;0.116838
896;-0.284186;-0.231470;0.123260
897;-0.354716;-0.325991;0.221742
898;-0.450641;-0.511552;0.320388
899;-0.938515;-0.259190;0.753449
900;-0.680338;-0.329338;0.350731
901;0.128665;-0.300181;0.102348
902;0.040671;0.099715;0.190793
903;-0.362349;0.056123;0.056037
904;-0.078131;0.340404;-0.196104
905;-0.348812;0.408636;-0.092512
906;0.242531;0.171800;-0.034048
907;0.170452;0.164037;-0.328112
908;-0.027472;-0.125594;-0.356715
909;0.720795;-0.398580;-0.108064
910;0.628081;-0.271306;-0.249890
911;0.643445;-0.134390;-0.195448
912;0.694023;-0.191407;-0.300942
913;-1.670444;-0.533712;-0.368985
914;1.392597;0.107775;-0.171653
915;0.902813;0.154079;0.103628
916;-0.151809;-0.156432;-0.262124
917;-0.161924;-0.064663;-0.137183
918;0.636365;-0.049144;0.170343
919;-0.378612;-0.003674;-0.085890
920;0.053109;0.014027;-0.010837
921;0.005812;0.000431;0.085930
922;-0.098909;-0.002984;-0.060079
923;0.129972;-0.085417;-0.004944
924;-0.107539;-0.124337;0.053975
925;-0.112015;-0.134529;0.139360
926;-0.245255;-0.246806;0.070711
927;-0.202495;-0.210186;0.055107
928;-0.246777;-0.269128;0.147738
929;-0.790430;-0.476402;0.402158
930;-0.857514;-0.587734;0.851718
931;-0.440268;-0.370335;0.355494
932;-0.218684;-0.770818;0.217771
933;-0.201370;0.136249;-0.139004
934;0.011773;0.294269;0.043605
935;-0.288031;0.280179;-0.063540
936;-0.092714;0.593732;-0.047976
937;-0.025698;0.199498;-0.013108
938;0.240050;0.316406;-0.149804
939;0.063462;0.015249;-0.208056
940;0.298500;-0.334741;-0.263378
941;0.751348;-0.517100;0.009020
942;0.720957;-0.283942;-0.467013
943;0.842592;-0.031235;-0.441921
944;0.130462;-0.409345;0.613134
945;0.039972;-0.327593;-0.201887
946;0.453679;0.125644;-0.605150
947;0.067062;-0.211601;0.148180
948;0.301974;0.073607;-0.150576
949;0.107429;-0.070945;-0.025572
950;0.145289;0.005361;-0.093407
951;0.031914;-0.038549;-0.036039
952;0.022507;-0.022355;0.002100
953;-0.069768;0.011433;0.027690
954;-0.041245;0.008398;0.006867
955;-0.062427;-0.107484;0.108955
956;-0.111630;-0.120432;0.096076
957;-0.248186;-0.269420;0.068291
958;-0.326466;-0.273761;0.119172
959;-0.382268;-0.368836;0.212012
960;-0.844433;-0.581307;0.364430
961;-0.925619;-0.673187;0.774214
962;-0.563390;-0.354285;0.340266
963;-0.056274;-0.280626;0.078137
964;0.314943;0.169501;0.158341
965;-0.281866;0.264771;0.132622
966;0.014841;0.441571;-0.113444
967;-0.183653;0.552130;-0.193359
968;0.041029;0.346075;-0.068816
969;0.389665;0.125491;-0.187011
970;0.199228;-0.154202;-0.339291
971;0.453303;-0.422446;-0.290575
972;0.365575;-0.333872;-0.405370
973;0.659883;-0.367409;-0.113151
974;0.665207;0.034977;-0.305302
975;-0.493379;-0.461211;0.446175
976;0.771067;0.017678;-0.271973
977;0.110914;0.012170;-0.240389
978;0.392644;-0.023161;0.044682
979;-0.069228;-0.076449;-0.318700
980;0.133879;-0.032842;-0.069566
981;0.174455;0.056976;-0.054032
982;-0.067132;-0.025213;-0.028177
983;0.063851;0.022893;0.057928
984;-0.128832;-0.067315;-0.003467
985;-0.073558;-0.032078;0.024737
986;0.021010;-0.117117;0.063886
987;-0.057305;-0.195248;0.049204
988;-0.266788;-0.181209;0.141701
989;-0.455051;-0.270401;0.316965
990;-0.741555;-0.456158;0.305586
991;-0.771829;-0.784553;0.283734
992;-0.693259;-0.186917;0.285715
993;-0.094475;-0.265606;0.009236
994;0.008607;-0.018508;0.025931
995;-0.722340;0.499009;0.123422
996;0.347003;0.165622;0.043238
997;0.067686;0.570059;-0.063640
998;0.091823;0.289564;-0.086867
999;0.119207;0.178829;-0.240489
1000;0.384595;-0.236385;-0.202193
1001;0.456533;-0.334763;-0.239005
1002;0.326029;-0.269130;-0.403598
1003;0.684912;-0.247503;-0.207860
1004;0.673918;-0.191784;-0.203916
1005;-1.114419;-0.254272;-0.451317
1006;1.535099;0.213535;-0.144845
1007;0.278798;0.120315;0.136112
1008;-0.109794;-0.073120;-0.242301
1009;-0.035967;0.021303;-0.077080
1010;0.404993;-0.009450;0.090917
1011;-0.151595;-0.026079;-0.062957
1012;0.064625;0.013644;-0.060509
1013;-0.092481;-0.009879;0.012013
1014;-0.051450;-0.044449;0.064523
1015;0.040125;-0.190919;-0.030275
1016;-0.158922;-0.216855;0.029274
1017;-0.453339;-0.087329;0.204897
1018;-0.173972;-0.252423;0.154903
1019;-0.506572;-0.273914;0.135204
1020;-0.747270;-0.639510;0.419185
1021;-0.770299;-0.450837;0.555892
1022;-0.511765;-0.365529;0.296430
1023;0.070925;-0.265398;-0.200332
1024;0.108799;0.384706;0.222768
1025;-0.499178;0.223385;0.065601
1026;0.225024;0.302042;-0.143641
1027;-0.299411;0.602298;-0.204211
1028;-0.112401;0.220127;-0.198509
1029;0.325038;-0.041320;-0.188635
1030;0.384135;-0.294836;-0.152121
1031;0.509303;-0.376132;-0.364724
1032;0.659775;-0.239707;-0.262645
1033;0.633171;-0.190348;-0.080498
1034;0.660427;-0.333797;0.185047
1035;-0.955044;-0.382766;-0.446386
1036;1.380157;0.163508;-0.327717
1037;0.379635;0.074602;0.216480
1038;-0.012968;-0.063275;0.007307
1039;-0.104254;0.013230;-0.033317
1040;0.165922;0.053414;0.113909
1041;-0.060019;0.029274;0.019873
1042;-0.039174;-0.000381;-0.060628
1043;-0.047112;-0.020799;-0.071135
1044;0.064406;-0.033170;-0.024814
1045;0.058626;-0.175180;-0.022411
1046;-0.204645;-0.158828;0.127583
1047;-0.337366;-0.206440;0.133097
1048;-0.327793;-0.254490;0.201017
1049;-0.439847;-0.431135;0.278538
1050;-0.505339;-0.476158;0.309924
1051;-0.690603;-0.270489;0.493830
1052;-0.288796;-0.531940;0.476607
1053;-0.206366;-0.165396;-0.126096
1054;-0.021816;0.374994;0.192446
1055;-0.477603;0.211133;0.070183
1056;0.161158;0.385406;-0.013521
1057;-0.208864;0.441324;-0.140981
1058;-0.081304;0.287416;-0.200850
1059;0.101139;0.047593;-0.318455
1060;0.410039;-0.313684;-0.220459
1061;0.494642;-0.532669;-0.215897
1062;0.585357;-0.311005;-0.400034
1063;0.773877;-0.155978;-0.096506
1064;0.294662;-0.527934;0.556735
1065;-0.234268;-0.007170;-0.497485
1066;1.102716;0.182380;-0.426258
1067;0.372118;-0.217057;0.162786
1068;-0.167487;0.021908;-0.229290
1069;0.228793;-0.091799;0.032605
1070;0.108529;0.059256;0.005407
1071;-0.145213;0.009259;0.018348
1072;0.121754;0.001782;-0.004637
1073;-0.201493;-0.021650;-0.042470
1074;0.099834;-0.065914;-0.023964
1075;0.045427;-0.184575;0.010932
1076;-0.413724;-0.150840;-0.011556
1077;-0.299538;-0.237002;0.144497
1078;-0.338628;-0.234512;0.174076
1079;-0.496194;-0.517826;0.339319
1080;-0.764877;-0.573842;0.696058
1081;-0.595919;-0.230571;0.336965
1082;-0.320356;-0.632550;0.199289
1083;0.231834;-0.123064;-0.294324
1084;-0.153357;0.500797;0.220854
1085;-0.549441;0.148394;-0.013477
1086;0.128981;0.397972;-0.093100
1087;-0.120333;0.360570;0.032913
1088;0.241931;0.233256;-0.164641
1089;-0.036085;0.045681;-0.368644
1090;0.585704;-0.364511;-0.273579
1091;0.676378;-0.358995;0.007786
1092;0.586387;-0.182251;-0.377076
1093;0.759657;-0.195534;-0.113668
1094;0.154149;-0.731792;0.406090
1095;-0.439212;0.080646;-0.376467
1096;1.314839;0.145720;-0.350811
1097;0.366566;-0.123577;0.168916
1098;-0.234155;0.011058;-0.167514
1099;-0.012307;-0.015738;0.006600
1100;0.377934;0.037232;0.093834
1101;-0.113436;-0.025237;-0.003414
1102;0.000179;0.000946;-0.067001
1103;-0.049266;-0.007575;0.035935
1104;-0.007141;-0.042637;0.059658
1105;-0.009045;-0.115112;0.016212
1106;-0.139198;-0.133225;0.102172
1107;-0.415332;-0.215717;0.112625
1108;-0.353681;-0.260310;0.156008
1109;-0.381802;-0.462651;0.275398
1110;-0.707269;-0.645655;0.589023
1111;-0.776622;-0.332296;0.486126
1112;-0.380948;-0.490090;0.260839
1113;0.077245;-0.076568;-0.203037
1114;0.096981;0.320423;0.122920
1115;-0.532272;0.311852;0.008771
1116;0.154560;0.477593;-0.048944
1117;-0.046301;0.379987;-0.145629
1118;0.000548;0.269121;-0.200616
1119;0.134970;0.056088;-0.272378
1120;0.488246;-0.237584;-0.197538
1121;0.593539;-0.356297;-0.188147
1122;0.504736;-0.337129;-0.332585
1123;0.517894;-0.160646;-0.256931
1124;0.588117;-0.017056;-0.309455
1125;-0.946493;-0.536065;-0.518187
1126;1.298709;0.231261;-0.154907
1127;0.255347;0.103457;0.059838
1128;0.087588;-0.017762;-0.014646
1129;-0.079369;-0.000912;-0.194451
1130;0.374823;-0.004233;0.016651
1131;0.069286;-0.028792;-0.036471
1132;-0.284011;0.018251;-0.087465
1133;0.230598;-0.006784;0.015945
1134;-0.058395;-0.054908;-0.080610
1135;0.045902;-0.096078;-0.061323
1136;-0.109492;-0.110819;0.084817
1137;-0.151669;-0.171723;0.109134
1138;-0.204145;-0.192313;0.062763
1139;-0.239432;-0.197109;0.074553
1140;-0.512964;-0.422840;0.216786
1141;-0.571712;-0.632138;0.488272
1142;-0.914086;-0.247225;0.515854
1143;-0.418038;-0.352410;0.360914
1144;-0.154937;-0.292818;-0.126300
1145;0.049963;0.132808;0.164406
1146;-0.601146;0.308184;0.089415
1147;0.200659;0.169746;-0.087263
1148;-0.247345;0.448488;-0.103067
1149;0.225185;0.206564;-0.070180
1150;0.029027;0.195938;-0.324576
1151;0.177689;-0.091871;-0.272331
1152;0.744625;-0.326501;-0.103570
1153;0.477211;-0.410967;-0.305170
1154;0.344076;-0.250818;-0.359395
1155;0.519684;0.015589;-0.322121
1156;-0.087475;-0.417266;0.604051
1157;0.481363;0.153129;-0.078649
1158;0.770642;0.042285;-0.403319
1159;-0.022873;-0.254879;-0.003652
1160;0.033116;0.106222;-0.203854
1161;0.473495;-0.086817;0.045795
1162;-0.029918;-0.039400;-0.131195
1163;-0.008630;-0.039311;-0.069470
1164;0.055734;-0.022781;0.034003
1165;-0.142605;-0.046614;0.010867
1166;-0.041773;-0.141724;0.052040
1167;0.012332;-0.153587;0.084267
1168;-0.306835;-0.195776;0.095419
1169;-0.276107;-0.237039;0.133368
1170;-0.469056;-0.299232;0.232758
1171;-0.582954;-0.480775;0.289238
1172;-0.866084;-0.502871;0.802488
1173;-0.411412;-0.314474;0.304326
1174;-0.207512;-0.403147;0.115162
1175;0.208035;0.111868;-0.060245
1176;-0.371977;0.332447;0.111499
1177;-0.081983;0.420702;-0.058904
1178;0.007426;0.348883;-0.118802
1179;-0.179457;0.375079;-0.056321
1180;0.066731;0.147914;-0.252856
1181;0.189422;-0.055445;-0.236818
1182;0.599007;-0.285724;-0.139653
1183;0.558566;-0.609883;-0.207141
1184;0.368768;-0.192808;-0.279556
1185;0.454548;-0.195926;-0.239126
1186;-0.930736;-0.659957;-0.250049
1187;0.997273;0.130987;-0.067739
1188;1.075112;0.135118;-0.044062
1189;0.386980;-0.218691;0.076272
1190;-0.758124;0.057964;-0.496065
1191;0.328279;-0.067546;0.091754
1192;0.561837;0.078349;0.130784
1193;-0.518430;-0.021893;-0.133736
1194;0.108017;-0.003914;0.033591
1195;-0.040987;0.043970;0.031586
1196;-0.042979;-0.057783;-0.062364
1197;0.052781;-0.172805;-0.007203
1198;-0.064221;-0.129834;0.146409
1199;-0.365217;-0.233251;0.130231
1200;-0.427166;-0.313660;0.162857
1201;-0.588276;-0.559776;0.313796
1202;-0.770529;-0.729905;0.802895
1203;-0.641879;-0.237277;0.363642
1204;-0.353277;-0.430250;0.197769
1205;0.531292;0.000423;-0.277858
1206;-0.178635;0.426975;0.174464
1207;-0.439730;0.308721;-0.025339
1208;0.025425;0.432541;-0.177254
1209;-0.385746;0.381511;-0.084172
1210;0.309214;0.038519;-0.107742
1211;0.170741;-0.106269;-0.283906
1212;0.302919;-0.286023;-0.215916
1213;0.554811;-0.409329;-0.255118
1214;0.526776;-0.242641;-0.308982
1215;0.770234;-0.125698;-0.226834
1216;0.292466;-0.483488;0.462448
1217;-0.245184;-0.064903;-0.463296
1218;1.165531;0.053757;-0.396424
1219;0.325415;-0.031729;0.232435
1220;-0.090343;-0.037013;-0.096870
1221;0.044739;-0.039488;-0.029625
1222;0.207266;0.031049;0.032315
1223;-0.123778;-0.033421;0.001608
1224;-0.020108;0.033145;-0.027711
1225;-0.095661;0.011118;0.041255
1226;-0.010669;-0.008190;-0.001402
1227;0.070040;-0.112310;-0.061369
1228;-0.120005;-0.185108;-0.050812
1229;-0.367467;-0.212866;0.072700
1230;-0.357108;-0.265571;0.183623
1231;-0.352334;-0.256695;0.188160
1232;-0.769667;-0.710524;0.330541
1233;-1.022515;-0.411568;0.734713
1234;-0.426427;-0.305671;0.323703
1235;-0.097725;-0.360062;0.073525
1236;0.154541;0.092732;-0.004715
1237;-0.188175;0.548829;0.069156
1238;-0.014515;0.208640;-0.083810
1239;0.111244;0.596992;-0.092156
1240;-0.076532;0.419658;-0.144404
1241;-0.036850;0.196864;-0.297519
1242;0.492854;-0.250587;-0.207191
1243;0.540440;-0.263054;-0.058379
1244;0.424929;-0.456542;-0.264212
1245;0.511637;-0.340805;-0.157701
1246;0.337383;-0.163372;-0.362782
1247;-0.422558;-0.691958;0.539685
1248;0.797042;0.194119;-0.281085
1249;0.788387;0.119383;-0.005071
1250;0.547819;-0.102514;0.088971
1251;-0.820377;-0.070703;-0.455963
1252;0.348481;-0.068896;0.172428
1253;0.375754;0.074367;0.017131
1254;-0.382257;-0.025126;-0.066831
1255;0.214685;0.012352;-0.022656
1256;-0.125686;-0.037320;-0.019662
1257;0.079608;-0.085828;-0.001530
1258;-0.066249;-0.196638;0.007284
1259;-0.143854;-0.177537;0.083727
1260;-0.394765;-0.178864;0.198885
1261;-0.360531;-0.280551;0.153896
1262;-0.671616;-0.624602;0.185311
1263;-0.791948;-0.979218;0.732646
1264;-0.608398;-0.144493;0.324614
1265;-0.193785;-0.273200;-0.179625
1266;-0.018648;0.130610;0.059924
1267;-0.407394;0.432117;0.078932
1268;0.106325;0.223276;-0.122464
1269;-0.196095;0.569051;-0.103008
1270;0.127864;0.238613;-0.110239
1271;0.277982;0.052500;-0.256281
1272;0.260753;-0.208835;-0.295882
1273;0.483922;-0.344664;-0.164078
1274;0.506564;-0.231616;-0.291249
1275;0.343646;-0.313389;-0.169142
1276;0.379115;-0.067344;-0.416811
1277;-0.942165;-0.380363;-0.104437
1278;1.674487;0.069405;0.216369
1279;0.327371;0.246647;-0.087937
1280;-0.003255;-0.144240;-0.269523
1281;-0.229777;-0.007345;-0.300570
1282;0.491983;-0.035633;0.126309
1283;-0.119614;-0.035746;0.036180
1284;-0.007202;0.012394;-0.068321
1285;-0.009126;0.008011;0.049347
1286;-0.066076;-0.014115;-0.023915
1287;0.087910;-0.089126;-0.061479
1288;-0.013048;-0.192951;-0.033072
1289;-0.251468;-0.169101;0.019917
1290;-0.304562;-0.206636;0.125174
1291;-0.391763;-0.250229;0.186895
1292;-0.482900;-0.493500;0.309719
1293;-0.801624;-0.645572;0.692878
1294;-0.674764;-0.225147;0.386207
1295;-0.326022;-0.589408;0.209000
1296;0.139796;-0.064557;-0.317742
1297;-0.009349;0.345804;0.117642
1298;-0.314635;0.291712;0.005958
1299;0.101795;0.590256;-0.013738
1300;-0.016868;0.333541;-0.083834
1301;-0.086705;0.406213;-0.255055
1302;0.115881;-0.068749;-0.225219
1303;0.594358;-0.306881;-0.129675
1304;0.461649;-0.501045;-0.296060
1305;0.506150;-0.329904;-0.408221
1306;0.882714;-0.052408;-0.338754
1307;-0.460735;-0.647407;0.500074
1308;0.857467;-0.038597;-0.504299
1309;0.380767;0.163005;0.019332
1310;0.430777;-0.121427;-0.004813
1311;-0.235081;-0.020492;-0.287721
1312;0.303795;-0.038606;0.109851
1313;-0.009427;0.049008;-0.023033
1314;0.012914;0.017126;-0.051588
1315;0.081207;-0.017903;-0.046384
1316;-0.049314;-0.044728;-0.087569
1317;0.076744;-0.075749;-0.020241
1318;-0.004771;-0.119923;0.037548
1319;-0.483406;-0.169612;0.073437
1320;-0.274073;-0.279957;0.141855
1321;-0.424926;-0.356278;0.185204
1322;-0.830915;-0.772622;0.434856
1323;-1.035488;-0.531918;0.750992
1324;-0.528424;-0.365339;0.277904
1325;-0.173860;-0.315592;-0.006485
1326;0.252028;0.162745;-0.064161
1327;-0.280066;0.593584;0.090662
1328;-0.176125;0.422549;0.078444
1329;0.370448;0.224047;-0.006099
1330;-0.037802;0.489302;-0.140167
1331;-0.207632;0.026590;-0.418995
1332;0.555704;-0.347984;-0.166282
1333;0.958544;-0.448812;-0.044065
1334;0.310485;-0.302679;-0.456439
1335;0.807362;-0.128148;-0.154900
1336;0.570703;0.153985;-0.337644
1337;-0.804706;-0.704250;-0.256521
1338;1.064663;0.201179;-0.166673
1339;0.188596;0.038998;0.087424
1340;0.198923;0.008746;-0.067741
1341;0.097281;-0.010639;-0.052501
1342;0.199240;0.020940;-0.032066
1343;-0.046553;-0.048914;-0.030209
1344;0.127989;0.030802;-0.060470
1345;-0.084696;-0.006517;-0.073317
1346;-0.019630;-0.029902;0.018588
1347;0.034757;-0.110512;0.025740
1348;-0.203599;-0.157581;0.037774
1349;-0.362369;-0.192824;0.066209
1350;-0.384275;-0.236060;0.128287
1351;-0.254940;-0.301247;0.214242
1352;-0.615029;-0.477263;0.187200
1353;-0.868371;-0.445301;0.783205
1354;-0.523379;-0.285973;0.363211
1355;-0.239610;-0.484200;-0.012908
1356;0.021862;0.091276;-0.161826
1357;-0.057149;0.495187;0.257980
1358;-0.105192;0.269270;0.008919
1359;0.359939;0.501009;-0.045698
1360;-0.274939;0.620426;-0.261429
1361;-0.253794;0.143414;-0.506089
1362;0.464168;-0.384008;-0.233396
1363;0.846894;-0.475525;-0.007096
1364;0.546945;-0.367781;-0.439432
1365;0.828016;-0.289829;-0.036771
1366;0.524377;-0.124245;-0.056787
1367;-0.678464;-0.171305;-0.532849
1368;1.180864;0.236348;-0.462146
1369;0.242318;-0.159407;0.342592
1370;-0.110105;0.070872;-0.078510
1371;0.105421;0.005752;-0.030565
1372;0.262987;0.008576;-0.029808
1373;-0.125226;-0.056304;-0.034769
1374;0.041233;0.022442;-0.029118
1375;-0.024408;0.003800;-0.016502
1376;0.017535;-0.081196;0.004919
1377;-0.019482;-0.133260;-0.004644
1378;-0.280769;-0.128402;0.042190
1379;-0.315394;-0.229303;0.123237
1380;-0.462726;-0.243821;0.152434
1381;-0.619437;-0.776097;0.284429
1382;-0.933902;-0.721335;0.974620
1383;-0.529265;-0.140787;0.375955
1384;-0.492017;-0.342095;-0.031725
1385;0.234154;0.052564;-0.046737
1386;-0.597900;0.406488;0.065375
1387;0.186063;0.277780;-0.038319
1388;0.132029;0.609770;-0.024618
1389;0.232627;0.339904;-0.034361
1390;0.096127;0.213552;-0.318808
1391;0.234657;-0.350216;-0.262661
1392;0.724485;-0.561099;-0.090378
1393;0.301255;-0.222051;-0.378006
1394;0.622572;-0.213126;-0.144345
1395;0.444721;-0.280538;0.006140
1396;-0.368218;-0.146659;-0.571718
1397;1.426272;0.314524;-0.188097
1398;0.339138;-0.005953;0.234184
1399;-0.106083;-0.035508;-0.067778
1400;-0.032971;0.022212;-0.060010
1401;0.293176;0.041686;0.059191
1402;-0.130765;-0.034358;-0.026425
1403;0.046726;-0.003997;-0.076321
1404;-0.010416;-0.011905;-0.092204
1405;0.031863;-0.048201;-0.020597
1406;0.043758;-0.116296;-0.002853
1407;-0.027899;-0.219612;0.068643
1408;-0.438174;-0.241600;0.079536
1409;-0.315423;-0.260572;0.182543
1410;-0.731907;-0.725170;0.282035
1411;-0.892523;-1.040186;1.042959
1412;-0.772245;-0.155094;0.341058
1413;-0.365782;-0.457454;0.073216
1414;0.527997;0.171078;-0.052422
1415;-0.348987;0.397853;0.182246
1416;-0.205965;0.316887;-0.193969
1417;-0.121892;0.632800;-0.264362
1418;-0.252784;0.307653;-0.064383
1419;0.535168;0.038354;-0.158060
1420;0.091847;-0.156907;-0.389266
1421;0.833294;-0.458303;-0.028650
1422;0.582734;-0.250790;-0.400022
1423;0.767452;-0.131442;-0.238953
1424;0.433863;-0.687111;0.017217
1425;-0.959044;0.019126;-0.237263
1426;1.633006;0.161277;0.068512
1427;0.662424;0.012844;-0.096457
1428;-0.862959;-0.092950;-0.376945
1429;0.363561;-0.016052;0.086554
1430;0.307188;0.081149;0.208809
1431;-0.317216;-0.003683;-0.066912
1432;0.152828;0.003086;-0.061910
1433;-0.089130;-0.000995;-0.024690
1434;0.042857;-0.037045;0.003591
1435;-0.032424;-0.173455;-0.024562
1436;-0.105065;-0.255464;-0.071308
1437;-0.372659;-0.162023;0.067189
1438;-0.382133;-0.200422;0.181748
1439;-0.449132;-0.320772;0.262017
1440;-0.714967;-0.694212;0.671201
1441;-0.729665;-0.317979;0.423933
1442;-0.418605;-0.586541;0.172650
1443;0.002673;-0.062522;-0.197524
1444;0.011645;0.452127;0.112315
1445;-0.288376;0.292315;0.001104
1446;0.129141;0.539967;-0.138492
1447;-0.183993;0.488288;-0.201147
1448;-0.001874;0.284831;-0.203561
1449;0.236212;-0.157468;-0.263711
1450;0.352418;-0.323241;-0.148770
1451;0.626692;-0.421729;-0.272486
1452;0.601223;-0.294123;-0.166933
1453;0.646475;-0.161475;-0.172265
1454;0.015820;-0.471793;0.362902
1455;0.041942;0.054691;-0.532415
1456;0.736880;0.144770;-0.228580
1457;0.615921;-0.117730;0.223023
1458;-0.369885;-0.002980;-0.217256
1459;0.002606;-0.044306;0.056508
1460;0.398725;0.042485;0.016609
1461;-0.179035;-0.034688;-0.122853
1462;0.097715;-0.005337;0.011283
1463;-0.106845;-0.038011;0.005431
1464;0.094491;-0.097706;-0.037128
1465;-0.010209;-0.180893;-0.060079
1466;-0.178771;-0.160570;-0.002276
1467;-0.270324;-0.197685;0.129247
1468;-0.420979;-0.256582;0.187501
1469;-0.706845;-0.754507;0.266461
1470;-0.935250;-0.772308;0.841119
1471;-0.645242;-0.092695;0.308538
1472;-0.195265;-0.452131;-0.155131
1473;0.038772;0.026336;0.071467
1474;-0.596536;0.508185;0.012091
1475;0.159979;0.179214;0.014215
1476;0.052922;0.463966;0.021099
1477;0.194070;0.329317;-0.107049
1478;-0.107092;0.135067;-0.305653
1479;0.263940;-0.309620;-0.258028
1480;0.753839;-0.433896;-0.159376
1481;0.451951;-0.376961;-0.427653
1482;0.858875;-0.154596;-0.171383
1483;0.668233;0.074892;-0.449841
1484;-1.598925;-0.848575;-0.875888
1485;1.395722;0.246196;0.044523
1486;0.785233;0.162491;0.199597
1487;0.076596;-0.156827;-0.015596
1488;-0.455031;0.031829;-0.368425
1489;0.287153;0.026141;0.098541
1490;0.192387;-0.001880;0.091155
1491;-0.231178;-0.001955;-0.177923
1492;0.113707;-0.034204;-0.092871
1493;-0.043175;-0.031610;-0.019170
1494;0.102336;-0.083620;-0.069551
1495;-0.049444;-0.161672;0.033375
1496;-0.020594;-0.231374;0.089032
1497;-0.447821;-0.230513;0.113102
1498;-0.392826;-0.298708;0.168660
1499;-0.656105;-0.511748;0.265707
1500;-0.778745;-0.664406;0.669728
1501;-0.685103;-0.234332;0.338345
1502;-0.408123;-0.542697;0.166825
1503;0.546421;0.014682;-0.155561
1504;-0.472894;0.366382;0.188231
1505;-0.207050;0.326039;-0.081439
1506;0.071014;0.447936;-0.151152
1507;-0.256935;0.420393;-0.126326
1508;0.180226;0.123053;-0.187221
1509;0.234226;-0.091597;-0.255351
1510;0.504389;-0.332952;-0.213279
1511;0.519176;-0.623786;-0.385094
1512;0.345382;-0.302539;-0.283410
1513;0.610392;-0.110322;-0.377547
1514;0.086099;-0.309147;0.603170
1515;0.452609;-0.102166;-0.406842
1516;0.780972;0.170874;-0.314045
1517;0.451644;-0.076376;0.213245
1518;-0.225425;-0.005194;-0.214191
1519;-0.012872;-0.072880;-0.081589
1520;0.419857;0.041778;-0.090059
1521;0.015535;-0.037915;-0.020555
1522;-0.173031;0.038943;-0.073348
1523;-0.049921;0.012733;0.063631
1524;0.083074;-0.064776;-0.008207
1525;-0.001534;-0.142357;-0.006506
1526;-0.123012;-0.132715;0.085917
1527;-0.420529;-0.206958;0.007407
1528;-0.386255;-0.262725;0.146710
1529;-0.603035;-0.636854;0.215930
1530;-0.665201;-0.729384;0.655587
1531;-0.606005;-0.171872;0.384614
1532;-0.387952;-0.295422;0.345461
1533;0.486845;-0.105620;-0.341672
1534;-0.296406;0.403615;0.127188
1535;-0.447660;0.357248;-0.092968
1536;0.050083;0.346397;-0.251048
1537;-0.239397;0.435257;-0.070339
1538;0.379649;0.142675;-0.113207
1539;0.181264;-0.048094;-0.301660
1540;0.262711;-0.307694;-0.267148
1541;0.613938;-0.400353;-0.197110
1542;0.444978;-0.182407;-0.468916
1543;0.830940;-0.109652;-0.268002
1544;-0.579186;-0.577128;-0.178222
1545;0.606788;0.362973;-0.235013
1546;1.064799;-0.025103;-0.200001
1547;0.069283;-0.146924;0.006682
1548;-0.309184;-0.023940;-0.284943
1549;0.268424;-0.061067;0.030419
1550;0.230889;0.031728;0.021477
1551;-0.151287;-0.022951;-0.082860
1552;0.044835;-0.025226;-0.036140
1553;-0.069341;0.001355;-0.043699
1554;-0.116353;-0.051968;0.001334
1555;-0.005130;-0.088024;0.008190
1556;-0.058458;-0.160371;0.035422
1557;-0.156122;-0.162298;0.134063
1558;-0.340495;-0.135971;0.160965
1559;-0.406736;-0.254404;0.275464
1560;-0.200056;-0.263199;0.013444
1561;-0.470054;-0.452625;0.158201
1562;-0.704839;-0.157135;0.338861
1563;-0.088369;-0.178613;0.210788
1564;-0.065150;-0.091905;-0.111372
1565;0.142404;0.319975;-0.023945
1566;-0.452409;0.390278;0.014797
1567;0.002125;0.178294;-0.233391
1568;-0.123570;0.365139;-0.175211
1569;0.382069;-0.015841;-0.105219
1570;0.139353;-0.002719;-0.244869
1571;0.126835;-0.165184;-0.295933
1572;0.440183;-0.189556;-0.167134
1573;0.363283;-0.079212;-0.237081
1574;0.443146;-0.002092;-0.223836
1575;0.361353;0.043004;-0.220637
1576;0.187739;0.148074;-0.181409
1577;-0.162742;0.260452;-0.233118
1578;-0.137243;-0.167748;-0.016781
1579;-0.025414;-0.395170;0.176441
1580;-0.248253;0.071700;-0.220895
1581;0.221221;0.048759;-0.020895
1582;0.184048;-0.010843;-0.010336
1583;-0.239586;-0.023214;-0.154246
1584;0.012799;-0.033974;-0.034838
1585;0.045856;0.009098;0.036777
1586;-0.075092;-0.025290;-0.038046
1587;-0.035719;-0.043600;0.020686
1588;-0.063913;-0.003064;0.045835
1589;-0.010174;-0.003244;0.016806
1590;0.008398;-0.034769;-0.006445
1591;0.035849;0.008020;-0.077331
1592;0.021790;-0.023858;-0.047778
1593;0.062937;-0.001577;-0.057014
1594;0.003878;-0.005929;-0.040484
1595;0.013412;-0.012964;-0.071189
1596;0.026916;0.006233;-0.038137
1597;0.104998;-0.005987;-0.025274
1598;0.062943;-0.049713;-0.032311
1599;0.040748;0.004724;-0.059739
1600;0.014366;0.007016;-0.028047
1601;0.045408;0.011690;-0.033574
1602;0.017816;-0.008570;-0.088527
1603;0.032477;0.000368;-0.046814
1604;0.024166;-0.013106;-0.024399
1605;0.041178;0.005861;-0.087556
1606;-0.005109;0.003597;-0.016530
1607;-0.018546;-0.010318;-0.040882
1608;0.040561;-0.000116;-0.034153
1609;-0.126877;-0.021409;0.030214
1610;-0.012798;-0.011433;-0.068653
1611;0.078122;-0.001285;-0.044760
1612;-0.034808;-0.012642;-0.058653
1613;0.057705;-0.003236;-0.074172
1614;0.025826;0.006613;0.002188
1615;-0.073975;-0.016138;-0.030860
1616;0.007432;-0.003892;-0.031987
1617;0.016559;0.009092;-0.005069
1618;-0.025200;-0.022157;-0.061586
1619;0.036591;-0.008541;-0.051047
1620;-0.004378;0.005643;-0.026426
1621;-0.012904;-0.003364;-0.040469
1622;0.004350;0.009197;-0.027110
1623;0.009493;-0.007862;-0.028347
1624;-0.015370;-0.008844;-0.007280
1625;0.003396;0.006944;0.015754
1626;0.050644;0.011957;-0.035523
1627;-0.029844;-0.016088;-0.050639
1628;-0.020288;-0.000912;-0.004282
1629;0.052754;-0.024340;0.024235
1630;-0.027959;-0.007212;0.006850
1631;0.056601;0.004443;-0.036267
1632;-0.026949;-0.006585;-0.025655
1633;-0.011249;-0.001307;-0.027239
1634;0.032833;-0.007848;0.011783
1635;0.004557;-0.002645;0.006926
1636;-0.011744;0.000443;-0.007677
1637;0.003160;-0.018598;-0.007843
1638;-0.023029;-0.005737;0.004921
1639;0.026081;-0.010129;-0.001186
1640;0.043128;0.002441;-0.027189
1641;-0.015117;-0.009310;-0.063148
1642;0.014366;0.001271;-0.042755
1643;0.034941;-0.005884;-0.010632
1644;-0.016392;-0.004430;-0.033122
1645;-0.030268;-0.002608;-0.022370
1646;-0.000719;-0.002986;-0.003496
1647;-0.018005;-0.009540;-0.006009
1648;-0.033073;-0.007764;0.023476
1649;0.039548;0.000997;0.001811
1650;-0.009355;-0.015498;-0.034690
1651;-0.013369;0.001131;-0.026315
1652;0.000404;0.004121;0.004522
1653;0.015469;-0.003919;-0.010564
1654;-0.011447;-0.006192;-0.020500
1655;0.006581;-0.002277;-0.012859
1656;0.013121;-0.001591;-0.007901
1657;0.007297;-0.001694;-0.024247
1658;-0.029600;-0.004470;-0.013591
1659;0.025083;-0.000646;0.006360
1660;-0.012735;-0.002840;0.000190
1661;-0.025823;-0.006849;-0.003942
1662;0.014086;-0.002278;-0.009206
1663;0.002375;-0.004514;-0.014238
1664;-0.004385;-0.002395;-0.021305
1665;0.009090;0.002208;-0.005926
1666;0.007709;-0.000515;-0.005414
1667;-0.008949;-0.009997;-0.006291
1668;-0.015925;-0.003806;0.005000
1669;0.000835;-0.000596;0.005196
1670;-0.014232;0.002893;0.002477
1671;-0.002803;-0.010406;-0.007926
1672;0.017056;-0.002515;-0.018751
1673;-0.004742;-0.007622;-0.007278
1674;0.016182;-0.008410;-0.002647
1675;0.007244;-0.007560;-0.002123
1676;-0.012177;-0.002333;0.002536
1677;0.002103;0.001825;0.008544
1678;0.022024;-0.003613;0.013352
1679;-0.047980;-0.005730;-0.009608
1680;0.004294;-0.019694;-0.020053
1681;0.025161;0.000455;-0.018710