index;x;y;z
0;0.008771;0.000507;0.000403
1;0.000406;-0.004336;-0.000003
2;-0.007049;0.001252;-0.012693
3;-0.015090;-0.008119;-0.006451
4;-0.011637;-0.005199;-0.002247
5;-0.018574;-0.005159;0.005699
6;0.004539;-0.015945;-0.002885
7;0.001737;-0.004701;-0.008613
8;0.013645;-0.001335;-0.011385
9;0.005243;-0.001907;-0.013112
10;0.018353;0.001088;-0.005297
11;0.007206;-0.005884;0.006821
12;0.002382;0.003868;0.006169
13;-0.001230;-0.007990;-0.008504
14;-0.003847;0.007156;-0.004166
15;-0.035903;-0.012157;0.006762
16;-0.008426;0.005684;-0.000971
17;0.014217;-0.002622;0.001275
18;-0.012822;-0.007373;-0.002248
19;-0.002795;-0.004740;-0.003771
20;0.013577;-0.004711;-0.001824
21;0.010686;-0.002002;-0.002527
22;0.007186;-0.008100;-0.005221
23;0.008598;0.000820;-0.002665
24;-0.005505;-0.005241;0.003275
25;-0.006279;-0.002270;0.004905
26;0.002414;-0.005566;0.010790
27;0.021002;-0.001795;0.007156
28;-0.003735;0.014543;-0.000139
29;-0.012324;-0.003485;-0.004273
30;0.035225;0.009869;0.004890
31;0.006970;-0.012314;0.001942
32;0.019895;-0.008386;0.007153
33;0.003874;-0.006614;0.015998
34;-0.036575;-0.012985;0.023055
35;-0.035741;-0.001938;0.031347
36;-0.021817;-0.015653;0.016440
37;0.016501;0.010223;-0.006245
38;0.005889;-0.008067;-0.009234
39;0.049773;0.005826;-0.015152
40;0.039065;0.013020;-0.031908
41;0.010779;-0.004874;-0.023296
42;0.016549;-0.004641;-0.006961
43;0.017110;-0.007581;0.019282
44;-0.019730;-0.013595;0.011598
45;-0.018050;-0.009729;0.020622
46;0.009388;-0.003740;0.013636
47;0.020982;-0.001344;0.001103
48;0.010982;-0.007556;0.006204
49;-0.011337;0.005302;0.006366
50;-0.029507;-0.011892;0.026325
51;-0.023127;-0.005242;0.016899
52;-0.016389;-0.001124;0.014746
53;0.007522;-0.005506;0.000464
54;0.010549;-0.003831;0.002290
55;0.025403;-0.006460;-0.003770
56;0.009591;-0.001137;-0.017490
57;0.015227;-0.000621;-0.010967
58;0.008444;0.000594;-0.001059
59;0.005179;-0.006164;0.001185
60;-0.004337;-0.003821;0.003139
61;-0.000431;-0.005377;-0.006206
62;0.008289;-0.003912;0.003672
63;-0.009927;-0.000672;-0.002322
64;-0.005050;-0.009614;-0.000576
65;0.002417;-0.007481;0.004200
66;-0.007373;-0.008681;-0.008458
67;-0.012320;-0.007614;-0.015439
68;0.012109;0.007101;0.000820
69;0.022893;-0.000319;-0.026007
70;0.024469;0.006069;-0.022815
71;0.030555;0.002964;-0.029435
72;0.020415;0.013068;-0.032091
73;-0.006399;-0.006295;-0.017403
74;0.064575;0.013378;-0.023045
75;0.042809;0.018596;-0.040425
76;0.091176;0.020483;-0.043516
77;0.101236;-0.021370;0.015115
78;0.061842;0.001796;0.002201
79;0.065553;-0.021187;-0.019199
80;0.060431;0.007918;0.018710
81;-0.015591;0.013400;-0.024984
82;0.018179;0.015765;0.021305
83;-0.032093;-0.028217;0.032499
84;-0.039626;-0.005240;0.020755
85;-0.010985;-0.012946;0.017296
86;0.047975;0.011410;-0.026491
87;0.010901;-0.029767;-0.010151
88;0.020067;-0.033172;0.017666
89;-0.108869;-0.058146;0.102136
90;0.024741;-0.057308;0.076647
91;-0.048791;-0.088073;0.105826
92;-0.062980;-0.123377;0.099918
93;-0.134645;-0.181342;0.077175
94;-0.332809;-0.248180;0.146537
95;-0.447896;-0.390257;0.191280
96;-0.585069;-0.401163;0.273337
97;-0.589672;-0.139066;0.189203
98;0.078163;-0.071195;-0.000995
99;0.138966;0.037267;0.298872
100;-0.235579;0.293307;-0.010691
101;-0.170665;0.282814;-0.057333
102;-0.186152;0.332028;-0.069236
103;0.340796;0.130984;0.039786
104;0.189981;0.073348;-0.138779
105;0.283920;-0.080697;-0.129485
106;0.444754;-0.118931;-0.101489
107;0.180154;-0.171092;-0.338879
108;0.225843;-0.146910;-0.144760
109;0.334808;-0.048719;-0.207907
110;-0.037413;-0.250625;0.150103
111;-0.168253;-0.073355;-0.105808
112;0.563165;0.093948;-0.232466
113;0.349398;-0.010184;0.092759
114;-0.194017;0.029711;-0.082174
115;-0.014789;-0.035754;-0.012033
116;0.182539;0.032980;0.051018
117;0.129691;-0.054322;0.012185
118;-0.062318;-0.004748;-0.068069
119;-0.032564;0.022359;0.027898
120;0.034016;0.006037;0.050244
121;-0.067130;-0.004230;0.022843
122;-0.063582;-0.002969;0.047704
123;-0.066631;-0.009115;0.064430
124;-0.075084;-0.014507;0.071676
125;0.106147;-0.051689;0.045327
126;-0.034096;-0.076959;0.023550
127;-0.007659;-0.081120;0.106182
128;-0.101691;-0.145387;0.146973
129;-0.197146;-0.237687;0.128004
130;-0.542605;-0.414044;0.156508
131;-0.552474;-0.577538;0.177731
132;-0.581881;-0.292496;0.289770
133;-0.183485;-0.030520;0.110887
134;0.055681;-0.099515;0.235694
135;-0.327170;0.228094;0.219099
136;-0.085980;0.200889;0.038256
137;-0.124340;0.354293;0.055006
138;0.159166;0.235402;0.063016
139;0.166443;0.134918;-0.032082
140;-0.007974;-0.029600;-0.201658
141;0.263399;-0.187726;-0.081809
142;0.376444;-0.178857;-0.329679
143;0.493854;-0.210158;-0.259859
144;0.333358;-0.162404;-0.189717
145;0.351239;-0.079084;-0.223572
146;0.260695;-0.233929;0.121135
147;-0.444866;-0.076392;-0.134199
148;0.991272;-0.004857;-0.309621
149;-0.060114;0.039534;0.207259
150;-0.174028;-0.000290;-0.100747
151;0.218919;-0.063398;0.174122
152;-0.105733;0.015985;0.150053
153;-0.164698;-0.010980;-0.031299
154;0.055551;-0.029470;0.046560
155;-0.042112;0.046205;-0.020058
156;-0.032769;-0.017488;-0.041805
157;0.041953;-0.023021;0.045135
158;-0.031084;-0.070410;0.048473
159;-0.076585;-0.165101;0.063499
160;-0.138786;-0.163497;0.143590
161;-0.216537;-0.161472;0.123538
162;-0.340229;-0.241284;0.098986
163;-0.477164;-0.527844;0.204632
164;-0.631841;-0.829670;0.586354
165;-0.593628;-0.071142;0.205943
166;-0.039655;-0.219462;0.014393
167;0.328248;0.054065;0.278050
168;-0.283873;0.448504;0.023179
169;0.082027;0.157899;-0.097954
170;-0.552785;0.556723;-0.277901
171;-0.001896;0.096201;-0.059950
172;0.425917;-0.003995;-0.022040
173;0.220494;-0.096243;-0.184042
174;0.284877;-0.271928;-0.359926
175;0.492006;-0.202522;-0.350791
176;0.416012;-0.197730;-0.334388
177;0.701493;0.004589;-0.175846
178;0.179630;-0.128832;0.576725
179;0.245358;-0.054841;-0.332563
180;0.013712;0.090895;-0.447115
181;0.169933;-0.023160;-0.001639
182;0.085050;0.039458;0.147973
183;0.042765;-0.036915;0.038909
184;-0.100356;-0.045095;0.013286
185;0.066029;0.036447;0.017657
186;-0.003474;0.042605;0.035249
187;-0.104537;-0.011090;0.027287
188;-0.060932;-0.037912;0.012625
189;-0.044603;-0.039042;0.041476
190;0.111510;-0.116777;0.030756
191;-0.043650;-0.175138;0.016745
192;-0.213185;-0.162750;0.133935
193;-0.288628;-0.181949;0.209168
194;-0.281745;-0.278498;0.222126
195;-0.503531;-0.474356;0.277205
196;-1.042804;-0.730087;0.692807
197;-0.408951;-0.155522;0.351170
198;0.307388;-0.316081;0.017053
199;-0.225376;0.022359;0.205294
200;-0.655418;0.427632;-0.078893
201;0.059969;0.186667;0.071029
202;0.229627;0.354012;0.043352
203;0.241757;0.268502;-0.178854
204;-0.160997;0.146038;-0.391174
205;0.496702;-0.253823;-0.221028
206;0.403903;-0.188919;-0.250053
207;0.305347;-0.302989;-0.367587
208;0.493877;-0.222343;-0.149511
209;0.320636;-0.031185;-0.300099
210;0.457010;-0.061959;0.138534
211;-0.361465;-0.371942;-0.117244
212;0.902218;0.176827;-0.151543
213;0.051435;-0.043114;0.193703
214;-0.087199;0.015331;-0.054954
215;0.115776;0.028334;0.037542
216;0.133865;0.027536;0.016224
217;-0.004788;-0.073490;-0.027281
218;0.017371;-0.009530;0.009968
219;-0.031002;-0.048799;-0.003493
220;-0.040028;-0.089105;0.009621
221;-0.088503;-0.182691;0.044991
222;-0.182582;-0.206610;0.178629
223;-0.401852;-0.243197;0.324117
224;-0.605753;-0.386548;0.288358
225;-0.803489;-0.807342;0.352812
226;-1.099977;-0.617196;0.760909
227;-0.375754;-0.140800;0.306707
228;0.488591;-0.430915;0.012755
229;-0.350492;0.226293;0.179031
230;-0.342097;0.333108;-0.120734
231;0.061598;0.465213;-0.065462
232;-0.068637;0.485184;-0.102546
233;0.281310;0.233761;-0.179897
234;0.111803;-0.060925;-0.353709
235;0.648967;-0.429561;-0.080181
236;0.863887;-0.302029;-0.239970
237;0.495822;-0.191635;-0.278528
238;0.497220;0.043836;-0.496813
239;-1.108693;-0.674945;-0.328386
240;1.411583;0.379447;0.111755
241;0.536806;-0.046381;0.234507
242;-0.412059;-0.056743;-0.243921
243;0.154519;-0.063997;-0.007039
244;0.367981;0.068768;0.064748
245;-0.321242;-0.069272;0.065246
246;-0.039593;0.016373;0.086595
247;-0.135651;-0.033867;0.086336
248;-0.039943;-0.154329;-0.056220
249;-0.115909;-0.191092;0.185996
250;-0.397508;-0.252961;0.300448
251;-0.483045;-0.399560;0.255571
252;-0.788834;-1.040282;0.371691
253;-1.078466;-0.752777;0.621322
254;-0.539849;-0.002475;0.139660
255;0.782829;-0.418089;0.274892
256;-0.562973;0.553661;0.089862
257;-0.156133;0.212480;0.015218
258;0.039154;0.650379;-0.072250
259;0.196585;0.446861;-0.036368
260;0.616595;0.223578;-0.138018
261;0.051626;-0.089102;-0.298862
262;0.832933;-0.619067;-0.259676
263;0.137654;-0.174416;-0.504888
264;0.568072;-0.220056;0.046521
265;0.621831;-0.128398;-0.383992
266;-1.367535;-0.869537;-0.538171
267;1.464858;0.521870;-0.192510
268;0.555141;-0.003499;0.318130
269;-0.018826;-0.077917;-0.062260
270;-0.336844;0.028373;-0.220317
271;0.439048;0.018066;0.050376
272;0.018519;-0.054485;0.071909
273;-0.227004;-0.000821;0.010915
274;-0.117262;-0.015698;0.112564
275;-0.013776;-0.052483;0.126547
276;-0.256736;-0.087201;0.137275
277;-0.263873;-0.276669;0.187044
278;-0.592885;-0.473219;0.201314
279;-0.780190;-0.701599;0.201824
280;-1.528951;-1.089813;1.189053
281;-0.674712;-0.319862;0.414945
282;0.613331;-0.214183;-0.130998
283;-0.088130;0.213524;0.156662
284;-0.446813;0.662673;0.042597
285;0.151481;0.389606;-0.053893
286;-0.033919;0.805375;-0.239828
287;0.244060;0.268494;-0.214021
288;0.398764;-0.295902;-0.231046
289;0.509371;-0.549900;0.005359
290;0.338351;-0.290615;-0.526937
291;0.656024;-0.225119;-0.063040
292;0.727887;0.108937;-0.467178
293;-1.207085;-0.693152;-0.614295
294;1.581591;0.501597;0.103573
295;0.497066;-0.110274;0.331782
296;-0.191681;-0.038697;-0.237941
297;0.044943;-0.078462;-0.002356
298;0.432187;0.131141;0.010336
299;-0.452809;-0.058231;0.102428
300;0.014999;0.020365;0.132794
301;-0.101814;-0.097404;-0.034766
302;-0.041336;-0.113750;0.073619
303;-0.437127;-0.256165;0.094516
304;-0.511187;-0.365502;0.316168
305;-0.602587;-0.500548;0.372727
306;-0.829964;-1.182018;0.414586
307;-0.930697;-0.356551;0.552816
308;-0.060861;-0.487005;-0.121813
309;-0.180093;0.036286;0.097892
310;-0.510292;0.443730;-0.048095
311;-0.080751;0.461657;-0.093852
312;-0.093446;0.572175;-0.119736
313;0.279034;0.380280;-0.147398
314;0.583097;0.042525;-0.261491
315;0.357206;-0.341371;-0.074276
316;0.788953;-0.501618;-0.295316
317;0.405313;-0.290604;-0.210465
318;0.649088;-0.018676;-0.481740
319;-0.564767;-0.571850;-0.442019
320;1.336791;0.442601;-0.258536
321;-0.009207;-0.204461;0.320275
322;0.039490;0.203021;-0.225121
323;0.139470;-0.145237;0.040487
324;0.091827;0.059114;0.071275
325;-0.141400;-0.034265;0.049771
326;0.049896;-0.002230;-0.074727
327;-0.029004;-0.101203;-0.016177
328;-0.023970;-0.261412;0.062705
329;-0.529142;-0.303999;0.125710
330;-0.616066;-0.400748;0.365577
331;-0.768936;-0.558416;0.442737
332;-1.245764;-1.161672;1.038302
333;-0.602441;-0.405439;0.501031
334;0.014145;-0.608097;0.174142
335;0.144327;0.014035;0.024468
336;-0.707442;0.679780;-0.242552
337;-0.046802;0.637288;0.025926
338;0.416270;0.435874;-0.087526
339;0.110863;0.799266;-0.323709
340;0.294433;-0.021553;-0.523237
341;0.697704;-0.595719;0.200235
342;0.468020;-0.310266;-0.606247
343;0.788235;-0.224374;0.084766
344;0.426827;-0.456591;0.181522
345;-0.188167;-0.279087;-0.260750
346;1.567275;0.372171;-0.526769
347;-0.332287;-0.342085;0.315638
348;0.248038;0.252286;-0.259982
349;0.480078;-0.059551;0.045948
350;-0.082920;-0.006423;-0.096203
351;0.021559;0.004199;0.021691
352;-0.095480;-0.018512;0.074218
353;-0.063524;-0.113393;0.187513
354;-0.365811;-0.235501;0.020241
355;-0.735898;-0.296321;0.160769
356;-0.545487;-0.453079;0.319289
357;-0.776339;-0.619365;0.525527
358;-1.285310;-0.638028;0.935573
359;-0.324332;-0.414051;0.459293
360;0.608549;-0.391486;-0.117956
361;-0.358594;0.206433;0.053553
362;-0.449136;0.456238;-0.049137
363;0.224880;0.369584;-0.082204
364;-0.187773;0.657352;-0.179165
365;0.314809;0.250043;-0.332887
366;0.070681;-0.072171;-0.372537
367;0.848619;-0.614094;0.009594
368;0.629180;-0.181539;-0.535314
369;1.050979;-0.190812;0.009621
370;0.244909;-0.780023;0.451749
371;-0.657345;-0.109846;-0.364377
372;1.512316;0.488349;-0.101426
373;0.639090;-0.104079;0.288681
374;-0.232872;-0.074908;-0.467929
375;-0.134350;-0.035403;-0.039488
376;0.595104;0.051804;0.187974
377;-0.365337;-0.063917;-0.027178
378;-0.038862;0.008590;0.046951
379;-0.051688;-0.136717;0.102731
380;-0.038797;-0.184069;0.186536
381;-0.509640;-0.288080;0.160631
382;-0.518103;-0.433391;0.175644
383;-0.666158;-0.508755;0.425970
384;-1.388273;-0.957591;1.352769
385;-0.624672;-0.423868;0.482721
386;-0.050724;-0.448719;0.096861
387;0.204729;-0.005015;0.102117
388;-0.731214;0.566101;-0.141351
389;-0.001057;0.494799;0.130268
390;0.472257;0.390526;-0.005565
391;0.222169;0.651105;-0.122931
392;0.092240;0.171215;-0.646277
393;0.212029;-0.488086;-0.032954
394;0.888734;-0.391504;-0.323879
395;0.869276;-0.311529;-0.098132
396;0.444645;-0.888977;0.202227
397;-0.415225;-0.050539;-0.445700
398;1.420700;0.383573;-0.384248
399;0.178693;-0.276391;0.172260
400;-0.103695;0.112197;-0.242128
401;0.244362;-0.105428;0.149149
402;0.068777;0.026887;0.044533
403;-0.171752;-0.018608;0.046285
404;0.087284;-0.014000;0.007339
405;-0.236944;-0.191822;0.049937
406;-0.054192;-0.226042;0.171916
407;-0.591507;-0.305552;0.155526
408;-0.582910;-0.459050;0.225660
409;-0.915387;-0.567596;0.454574
410;-1.200197;-0.923564;1.157933
411;-0.581182;-0.331319;0.407136
412;0.764425;-0.556345;0.084294
413;-0.492891;0.214941;0.067152
414;-0.359029;0.527002;-0.060913
415;0.204112;0.421975;0.003863
416;0.050597;0.691077;-0.123982
417;0.347692;0.276028;-0.281533
418;-0.217727;-0.014565;-0.407373
419;0.756805;-0.739659;-0.061415
420;0.259381;-0.435623;-0.513876
421;0.962516;-0.208404;0.208656
422;0.500153;-0.309608;0.004194
423;-0.350261;-0.507157;-0.454922
424;1.573422;0.448924;-0.034771
425;0.216495;-0.176924;0.220522
426;-0.045395;-0.005514;-0.350387
427;-0.001157;-0.086171;0.225349
428;0.171452;0.100599;0.097621
429;-0.267684;-0.053143;-0.043225
430;0.083075;-0.032178;-0.027136
431;-0.008367;-0.145055;0.026487
432;-0.131128;-0.277688;-0.061786
433;-0.558161;-0.271952;0.186536
434;-0.527128;-0.356550;0.292824
435;-0.650185;-0.471095;0.371351
436;-1.101176;-0.844463;0.933871
437;-0.418317;-0.386793;0.487232
438;-0.108323;-0.670701;0.003392
439;0.055795;0.078060;0.153854
440;-0.804532;0.447912;0.048293
441;0.069619;0.311737;-0.076032
442;-0.147246;0.686473;-0.140123
443;0.402861;0.377481;-0.103707
444;0.731170;0.225356;-0.356756
445;-0.108973;-0.431057;-0.220971
446;0.360144;-0.618856;-0.546168
447;0.603524;-0.289784;-0.079189
448;0.816838;0.029901;-0.400090
449;-0.417328;-0.712949;-0.308864
450;1.431543;0.733756;-0.276758
451;0.164813;-0.231913;0.012477
452;0.133036;0.211342;-0.393209
453;0.261645;-0.147622;0.051519
454;0.039163;0.047831;0.028808
455;-0.076281;-0.023331;0.015149
456;0.033303;-0.019753;0.079190
457;-0.073533;-0.103698;0.072823
458;-0.210072;-0.202280;-0.005021
459;-0.528828;-0.288589;0.115660
460;-0.545047;-0.378017;0.229864
461;-0.593093;-0.438628;0.302871
462;-1.064410;-1.040257;0.877841
463;-0.518432;-0.217601;0.535637
464;-0.261594;-0.665062;0.124029
465;0.711218;-0.091617;0.469386
466;-0.886845;0.669058;0.289170
467;0.183609;0.052661;-0.214447
468;-0.051078;0.946807;-0.165429
469;-0.245368;0.390776;-0.101827
470;0.491111;0.163030;-0.225993
471;0.512663;-0.230153;-0.290547
472;0.545180;-0.695430;-0.127948
473;0.767011;-0.385940;-0.171390
474;0.628370;-0.138590;-0.507383
475;-1.365910;-1.097951;-0.677993
476;1.392665;0.490445;0.020633
477;1.090468;-0.280403;0.215412
478;-0.425347;-0.007747;-0.445671
479;0.136430;-0.141946;0.019056
480;0.394542;0.063743;0.147978
481;-0.292596;-0.068316;-0.010260
482;0.103442;-0.043607;0.119608
483;-0.006527;-0.009065;0.260361
484;-0.184557;-0.185869;-0.093948
485;-0.718064;-0.278999;0.059182
486;-0.469938;-0.344026;0.199183
487;-0.518202;-0.409336;0.372000
488;-0.759118;-0.726980;0.833254
489;-0.964411;-0.431865;0.758539
490;-0.360946;-0.878954;0.212879
491;0.475137;-0.105709;-0.374889
492;-0.243188;0.315678;0.137139
493;-0.618978;0.699196;-0.013295
494;0.604303;0.204423;0.201526
495;0.214956;0.888063;-0.092398
496;0.299853;0.252988;-0.223392
497;-0.343963;0.082151;-0.619653
498;1.313613;-0.872311;0.309394
499;0.394773;-0.289218;-0.548857
500;0.751135;-0.231689;-0.004700
501;-0.200860;-0.734695;0.157830
502;0.305016;0.233171;-0.429223
503;1.555598;0.247808;-0.117604
504;0.230272;-0.309432;0.032207
505;-0.388335;0.113194;-0.370736
506;0.567992;-0.103713;0.159936
507;-0.164939;0.028512;0.048549
508;-0.145843;0.001130;0.065328
509;0.152269;-0.034390;0.009933
510;0.029735;-0.160233;0.086216
511;-0.339902;-0.217137;0.007424
512;-0.515767;-0.255042;0.204716
513;-0.555758;-0.391077;0.371353
514;-0.670286;-0.561587;0.500634
515;-1.434051;-0.772916;1.209342
516;-0.730691;-0.426502;0.421660
517;0.806230;-0.481082;0.311444
518;-0.286033;0.203186;0.113063
519;-0.440728;0.448651;-0.239918
520;0.149291;0.625105;-0.093499
521;-0.090751;0.514333;-0.211784
522;0.671690;0.186542;-0.112082
523;0.111428;0.121754;-0.352087
524;0.914774;-0.515995;-0.327654
525;0.633049;-0.386284;-0.142135
526;0.580103;-0.078677;-0.396439
527;0.420807;-0.611332;-0.002746
528;0.113739;0.040247;0.018201
529;0.960915;0.312591;-0.466224
530;0.032476;-0.312852;0.017745
531;0.293018;0.180934;0.020301
532;0.281075;0.014304;0.055166
533;-0.030937;-0.061277;-0.117342
534;-0.094721;-0.042324;0.017087
535;0.074388;-0.116475;-0.017591
536;-0.034774;-0.228871;0.053324
537;-0.343529;-0.222612;0.070909
538;-0.612248;-0.228026;0.245387
539;-0.421503;-0.302944;0.313130
540;-0.700098;-0.661530;0.544914
541;-1.261429;-0.754512;1.143544
542;-0.354674;-0.326062;0.416635
543;0.397124;-0.584503;-0.169317
544;-0.440476;0.201859;0.008356
545;-0.693228;0.375410;-0.154969
546;0.177258;0.337253;-0.175226
547;-0.194652;0.531599;-0.182396
548;0.585740;0.213171;-0.207536
549;0.217671;0.095747;-0.586661
550;0.236224;-0.538967;-0.499354
551;0.714043;-0.468783;-0.156935
552;1.014031;-0.057252;-0.045256
553;0.881532;-0.098770;-0.161790
554;-0.960030;-0.682232;-0.468906
555;1.285095;0.569548;-0.133111
556;0.595365;-0.142138;0.295634
557;-0.078978;0.113402;-0.374517
558;0.099134;-0.092642;-0.015924
559;0.261472;0.065836;0.052307
560;-0.257444;-0.041194;-0.024043
561;0.061608;-0.065518;-0.047195
562;0.002958;-0.141654;0.018942
563;-0.215118;-0.261946;-0.049978
564;-0.680343;-0.212555;0.202205
565;-0.545623;-0.391465;0.452135
566;-0.796881;-0.553464;0.442273
567;-1.413791;-0.899166;1.088317
568;-0.405608;-0.323004;0.320797
569;0.515563;-0.437653;-0.235318
570;-0.561346;0.190958;-0.001685
571;-0.637146;0.836987;-0.206698
572;0.341641;0.196490;0.172033
573;0.388840;0.704254;-0.093266
574;0.430878;0.187327;-0.217268
575;-0.542959;0.045170;-0.633986
576;1.020736;-0.790528;0.173588
577;0.237783;-0.251232;-0.556308
578;0.936096;-0.244042;0.100183
579;0.689523;-0.282158;-0.107138
580;-0.497074;-0.115172;-0.227819
581;1.380188;0.437359;-0.430434
582;0.350996;-0.264538;0.275038
583;-0.206782;0.155937;-0.381844
584;0.146185;-0.191754;0.023149
585;0.214531;0.094295;-0.098119
586;-0.052611;-0.053800;-0.058525
587;0.053111;-0.077817;-0.035349
588;-0.163210;-0.180170;-0.009992
589;-0.156022;-0.293288;0.042038
590;-0.510913;-0.321252;0.182844
591;-0.647665;-0.413050;0.371729
592;-0.868075;-0.643275;0.554747
593;-1.399722;-0.765793;1.087717
594;-0.187720;-0.454482;0.358464
595;0.369711;-0.293339;-0.244871
596;-0.180585;0.281560;0.032647
597;-0.667393;0.478939;-0.147050
598;0.042706;0.464392;-0.159161
599;-0.190541;0.629884;-0.120786
600;0.338285;0.219672;-0.155465
601;0.320154;-0.097060;-0.230450
602;0.243968;-0.574412;-0.264585
603;0.585596;-0.389209;-0.192235
604;0.575344;-0.238378;-0.093414
605;0.676090;0.152465;-0.423140
606;-0.625929;-0.815176;-0.627060
607;1.623423;0.693648;-0.113561
608;0.289659;-0.170510;0.079671
609;-0.071635;0.193365;-0.409631
610;0.309464;-0.219926;0.035817
611;0.049790;0.060590;0.034781
612;-0.093500;-0.014307;-0.016303
613;0.167423;-0.044293;-0.025990
614;-0.110786;-0.110727;0.096204
615;-0.237305;-0.161714;-0.088632
616;-0.359480;-0.192088;0.136888
617;-0.319018;-0.317390;0.184789
618;-0.616697;-0.410271;0.189499
619;-1.013929;-1.131129;0.792581
620;-0.933838;-0.251680;0.717867
621;-0.382278;-0.635008;0.319372
622;0.604793;-0.390765;0.234816
623;-1.036763;0.426385;-0.009274
624;0.015654;0.328000;-0.117887
625;0.105913;0.606169;-0.032036
626;0.124659;0.583822;-0.072067
627;0.566426;0.222990;-0.338818
628;0.019832;-0.129617;-0.313979
629;0.937066;-0.703656;-0.090448
630;0.633627;-0.311028;-0.458573
631;0.523370;-0.980313;0.348650
632;-0.666316;0.021000;-0.502966
633;2.084075;0.383262;-0.353236
634;0.128131;-0.586239;0.020976
635;0.207155;0.161326;-0.240079
636;0.386849;-0.075543;0.049256
637;-0.000832;-0.031946;-0.024127
638;-0.100640;-0.046599;0.037898
639;0.068516;-0.035984;0.051811
640;-0.342134;-0.198165;-0.032534
641;-0.314858;-0.204780;0.042360
642;-0.430971;-0.302655;0.162218
643;-0.553351;-0.322886;0.259932
644;-0.618134;-0.416790;0.177673
645;-1.036585;-0.890465;0.940488
646;-0.334412;-0.628910;0.535652
647;-0.395771;-0.616854;0.175689
648;0.270031;-0.032126;-0.007825
649;-0.288614;0.730785;0.104014
650;-0.155773;0.450780;-0.006663
651;0.278302;0.497820;-0.131023
652;-0.382968;0.690751;-0.484961
653;0.203995;-0.135101;-0.425839
654;0.802642;-0.434372;-0.041617
655;0.528414;-0.571680;-0.437676
656;0.746409;-0.345277;-0.021513
657;0.879560;-0.123940;-0.110151
658;-0.371382;-0.675729;-0.397430
659;1.254934;0.418528;-0.493082
660;0.251627;-0.337662;0.197912
661;0.286956;0.152248;-0.263084
662;0.056273;-0.102056;0.086533
663;0.182708;0.085765;-0.063614
664;-0.252563;-0.047888;0.022293
665;-0.026665;-0.025002;0.113159
666;-0.089165;-0.099833;0.007779
667;0.027321;-0.155472;-0.007654
668;-0.457416;-0.287215;-0.016701
669;-0.582965;-0.370965;0.202494
670;-0.607672;-0.482203;0.320730
671;-0.953943;-0.997456;0.838735
672;-0.813120;-0.389465;0.624476
673;-0.360050;-0.479200;0.325311
674;0.662563;-0.266731;0.093456
675;-0.665246;0.432057;0.001567
676;-0.006565;0.305055;-0.124384
677;0.074103;0.704437;-0.175757
678;-0.074147;0.541909;-0.171321
679;0.642802;0.230743;-0.202966
680;0.302801;-0.213998;-0.348783
681;0.493179;-0.734251;-0.183929
682;0.565722;-0.313838;-0.461633
683;0.782936;-0.092996;-0.229339
684;-0.468247;-0.576540;0.555367
685;0.862884;0.475985;-0.128945
686;1.041245;0.142922;-0.225276
687;0.344571;-0.471267;-0.187162
688;-0.350130;0.090133;-0.448056
689;0.638905;-0.005245;0.176718
690;-0.027652;0.017726;0.065699
691;-0.274259;-0.042831;0.000397
692;0.140910;-0.021066;-0.031636
693;-0.148198;-0.123378;0.013037
694;-0.056260;-0.338583;-0.027687
695;-0.665012;-0.280877;0.084502
696;-0.394341;-0.313694;0.311803
697;-0.832943;-0.749333;0.596265
698;-1.211365;-0.978500;0.983575
699;-0.640749;-0.516431;0.425544
700;0.137859;-0.465713;-0.153628
701;0.174126;0.223730;0.080493
702;-0.846924;0.547779;0.074490
703;0.215322;0.418954;-0.129299
704;-0.188746;0.809760;-0.214862
705;0.147459;0.323313;-0.244242
706;0.345829;0.053668;-0.442535
707;0.434373;-0.613722;-0.083557
708;0.506626;-0.511528;-0.442475
709;0.522014;-0.204923;-0.205262
710;0.783424;-0.248351;-0.098680
711;-0.150397;-0.291350;-0.444044
712;1.720130;0.691079;-0.124679
713;0.314205;-0.475467;-0.051628
714;-0.181607;0.193947;-0.594491
715;0.555351;-0.048065;0.126012
716;-0.042499;-0.066502;0.047225
717;-0.087268;-0.001109;-0.094568
718;0.012577;-0.098301;-0.016682
719;0.033047;-0.117300;0.054914
720;-0.235122;-0.229828;-0.081507
721;-0.456752;-0.252728;0.188762
722;-0.686052;-0.348172;0.416000
723;-0.825825;-0.702458;0.597338
724;-1.020836;-0.996543;1.049977
725;-0.479309;-0.394787;0.285228
726;0.346856;-0.525316;-0.030094
727;-0.576360;0.241034;-0.042439
728;-0.641910;0.478037;-0.363348
729;0.136253;0.452497;0.024853
730;0.235863;0.507376;-0.083263
731;0.338177;0.328758;-0.226362
732;-0.286270;0.038957;-0.792630
733;0.676766;-0.799870;0.043170
734;0.559111;-0.290817;-0.601595
735;0.932100;-0.154859;0.077652
736;0.466596;-0.630611;0.489391
737;0.047554;-0.015776;-0.231112
738;1.197683;0.410606;-0.605880
739;0.215955;-0.459391;0.032308
740;0.185804;0.186091;-0.236733
741;0.319468;-0.059125;0.079382
742;0.025099;0.004893;-0.043837
743;-0.079458;0.038570;-0.029440
744;-0.008936;-0.000505;0.001577
745;-0.109527;-0.162040;0.048394
746;0.025544;-0.282974;0.086799
747;-0.566959;-0.299710;0.030144
748;-0.566001;-0.394701;0.240420
749;-0.631449;-0.518793;0.393970
750;-1.452746;-1.115415;1.163666
751;-0.433732;-0.499602;0.357414
752;0.182420;-0.652775;0.223354
753;0.152690;0.088415;-0.112643
754;-0.523644;0.439724;0.057656
755;-0.100462;0.703284;-0.074829
756;0.362910;0.459762;-0.057455
757;-0.060422;0.727958;-0.233483
758;0.116354;0.116265;-0.446483
759;-0.045984;-0.441431;-0.329135
760;0.967705;-0.601547;-0.231607
761;0.382901;-0.430557;-0.545980
762;1.018327;-0.060630;-0.316529
763;-0.990393;-0.675963;-0.036748
764;1.544409;0.530565;-0.093996
765;0.479941;-0.024428;-0.106514
766;-0.037463;0.116194;-0.222144
767;0.161890;-0.152216;0.022380
768;0.296070;0.095027;0.008190
769;-0.205503;-0.028371;-0.014799
770;0.083398;-0.015528;0.021547
771;-0.084847;-0.031253;-0.039225
772;-0.090330;-0.126889;-0.004941
773;0.030839;-0.304697;-0.028214
774;-0.730651;-0.324533;0.135251
775;-0.640452;-0.431636;0.422085
776;-0.712299;-0.700782;0.599581
777;-1.340104;-0.689446;1.040901
778;-0.442460;-0.410584;0.335140
779;0.162447;-0.291691;-0.264066
780;0.013151;0.272643;0.096686
781;-0.628931;0.533245;0.006488
782;0.229195;0.395113;-0.175389
783;-0.211050;0.647446;-0.223372
784;0.206189;0.209155;-0.120013
785;0.470304;-0.036361;-0.382654
786;0.395365;-0.364979;-0.275962
787;0.583579;-0.401188;-0.277339
788;0.835986;-0.180180;-0.254067
789;0.431973;-0.770696;0.465101
790;0.006505;-0.061090;-0.264192
791;1.350280;0.298812;-0.464292
792;-0.111255;-0.416769;0.095364
793;0.199885;0.116127;-0.356484
794;0.308008;-0.187637;0.030222
795;0.051855;0.019871;-0.047312
796;-0.080461;0.038114;-0.036058
797;0.044860;-0.031828;0.035845
798;-0.125405;-0.098234;0.049976
799;0.084862;-0.196230;0.109091
800;-0.544866;-0.250156;0.054959
801;-0.442157;-0.299556;0.157123
802;-0.529122;-0.379868;0.242791
803;-0.871892;-0.905212;0.828555
804;-0.882769;-0.524136;0.704814
805;-0.467255;-0.600731;0.378108
806;0.563063;-0.360445;-0.339953
807;-0.177747;0.357676;0.136580
808;-0.389179;0.436540;-0.086300
809;0.254408;0.500884;-0.232127
810;-0.270187;0.825181;-0.382364
811;0.218618;0.170747;-0.217679
812;0.456846;-0.067635;-0.434360
813;0.897535;-0.604682;-0.249015
814;0.594997;-0.276214;-0.361315
815;0.735977;0.040416;-0.368471
816;-0.736696;-0.739987;-0.234418
817;1.219723;0.426094;0.045201
818;0.659091;-0.054891;-0.249241
819;-0.162330;0.071271;-0.353115
820;0.181518;0.000072;-0.074866
821;0.534372;0.029817;0.064670
822;-0.179787;-0.018101;-0.091186
823;-0.024081;-0.051957;0.023573
824;-0.025728;-0.058996;0.077147
825;-0.053625;-0.137008;0.041000
826;-0.237634;-0.264204;-0.086667
827;-0.678819;-0.315632;0.080001
828;-0.428869;-0.412460;0.328982
829;-0.735564;-0.717521;0.628671
830;-1.365589;-0.682722;0.843712
831;-0.329185;-0.423143;0.361203
832;0.149406;-0.282272;0.024038
833;0.363869;0.224628;0.061762
834;-0.500020;0.416089;0.013626
835;-0.032250;0.623467;-0.288902
836;-0.077994;0.681191;-0.309075
837;-0.104634;0.385404;-0.318795
838;0.469810;-0.136571;-0.309493
839;0.615543;-0.487102;-0.072682
840;0.517178;-0.435938;-0.314406
841;1.033788;-0.183629;-0.074442
842;0.922139;0.088284;-0.380513
843;-1.571670;-0.843781;-0.510451
844;1.743473;0.541568;-0.532004
845;0.548703;-0.328222;0.326154
846;-0.036881;0.160715;-0.510783
847;0.087803;-0.155061;0.091319
848;0.131316;0.083670;0.071431
849;-0.201087;0.007437;-0.013607
850;0.133334;-0.051958;-0.087837
851;-0.100452;-0.148440;-0.045471
852;-0.010417;-0.301385;0.055768
853;-0.552473;-0.321512;0.072931
854;-0.452866;-0.338594;0.199429
855;-0.526981;-0.410387;0.279669
856;-1.118999;-1.185579;1.055883
857;-0.752087;-0.500504;0.628030
858;-0.335834;-0.528706;0.055743
859;0.751629;-0.056318;-0.014758
860;-0.586347;0.501818;0.092177
861;-0.062520;0.426306;-0.198464
862;-0.010144;0.728840;-0.333759
863;-0.245809;0.486226;-0.229367
864;0.397035;0.148425;-0.364119
865;0.219104;-0.214272;-0.407803
866;0.776722;-0.624455;-0.134706
867;0.733633;-0.305000;-0.400613
868;0.872656;-0.063312;-0.288102
869;-0.673365;-0.803313;0.089606
870;0.925025;0.377746;0.035678
871;0.825219;0.131506;-0.051031
872;-0.094939;-0.191661;-0.194932
873;-0.219178;0.103886;-0.326430
874;0.668872;0.023077;0.067431
875;-0.198718;-0.056838;0.013852
876;-0.066743;-0.024266;-0.028120
877;0.129937;-0.073332;-0.068815
878;-0.096798;-0.149165;0.040943
879;-0.189605;-0.289948;-0.078981
880;-0.615988;-0.301915;0.145507
881;-0.539573;-0.364991;0.365743
882;-0.750463;-0.600774;0.601397
883;-1.224000;-0.765123;1.131265
884;-0.576438;-0.562973;0.427986
885;0.382325;-0.520456;-0.265217
886;-0.226400;0.366740;-0.009938
887;-0.392503;0.537291;0.096612
888;0.374012;0.341261;0.016590
889;-0.129429;0.797156;-0.218853
890;-0.204175;0.439889;-0.369775
891;0.134358;0.080817;-0.364560
892;0.693881;-0.517618;-0.095612
893;0.150228;-0.594660;-0.600100
894;0.714282;-0.327834;-0.005730
895;0.569466;-0.554731;0.032934
896;-0.523706;-0.114980;-0.719984
897;1.963223;0.791308;-0.016831
898;0.443659;-0.372861;0.113225
899;-0.278560;0.103581;-0.516921
900;0.276250;-0.099269;0.067380
901;0.452943;0.008215;0.039534
902;-0.306434;-0.012457;-0.089609
903;0.134301;-0.044750;-0.044577
904;-0.139539;-0.158154;0.002733
905;-0.086592;-0.241668;0.099036
906;-0.291749;-0.222872;0.133727
907;-0.578908;-0.323962;0.299060
908;-0.626696;-0.430206;0.285399
909;-1.002007;-1.189650;0.402638
910;-0.794346;-0.337935;0.527566
911;-0.193171;-0.575934;-0.028937
912;0.183869;-0.162053;0.035926
913;-0.780939;0.445644;-0.108513
914;-0.097103;0.341193;-0.234594
915;-0.162652;0.677765;-0.179783
916;0.179448;0.408248;-0.068063
917;0.436693;0.234003;-0.317904
918;-0.219817;-0.262048;-0.608801
919;0.897534;-0.764294;-0.127433
920;0.791781;-0.245654;-0.282337
921;0.911804;0.079530;-0.279259
922;-1.318318;-0.879896;-0.812606
923;1.764659;0.688888;0.022271
924;0.798540;-0.238926;0.249361
925;-0.214299;0.173922;-0.700316
926;0.257506;-0.192380;0.116059
927;0.378264;0.134108;-0.060382
928;-0.218365;-0.021283;-0.109019
929;0.154529;-0.077008;-0.015330
930;-0.064232;-0.130069;0.078955
931;-0.105312;-0.300622;-0.158400
932;-0.591975;-0.228490;0.091074
933;-0.561113;-0.343997;0.355700
934;-0.720398;-0.492158;0.496777
935;-1.227132;-1.257353;1.097033
936;-0.554153;-0.341866;0.407689
937;-0.075377;-0.471629;-0.083162
938;0.166631;0.138224;-0.004370
939;-0.803161;0.487400;-0.076721
940;0.099597;0.438198;-0.181799
941;-0.119149;0.686808;-0.207431
942;0.194555;0.369742;-0.174889
943;0.429984;0.054453;-0.447743
944;0.246320;-0.496008;-0.334339
945;0.602961;-0.489178;-0.233871
946;0.708567;-0.292363;-0.209934
947;0.933780;0.075366;-0.554630
948;-1.633656;-0.900903;-0.668583
949;1.929013;0.492216;-0.018293
950;0.753135;-0.287520;0.198667
951;-0.574077;0.191833;-0.569245
952;0.520298;-0.129842;0.194530
953;0.152221;0.101424;-0.102629
954;-0.143918;-0.049293;-0.075272
955;0.098064;-0.060339;0.103868
956;-0.057955;-0.055466;-0.011286
957;0.061718;-0.140202;0.051284
958;-0.453262;-0.219773;0.007042
959;-0.646177;-0.321790;0.138772
960;-0.592312;-0.434355;0.347693
961;-0.945503;-0.920621;0.830969
962;-1.058558;-0.335676;0.567229
963;-0.257212;-0.512172;0.358327
964;0.240370;-0.433152;-0.167191
965;-0.027666;0.320084;-0.094574
966;-0.016487;0.662853;-0.014179
967;0.011023;0.636777;-0.086929
968;0.207720;0.579651;-0.147761
969;-0.080593;0.593590;-0.416048
970;-0.028062;-0.197124;-0.312443
971;1.237165;-0.552538;0.034935
972;0.312741;-0.495751;-0.431422
973;0.878900;-0.129116;-0.291676
974;0.200522;-0.712250;0.317352
975;0.056444;0.157088;-0.129931
976;1.502299;0.371877;-0.397885
977;-0.096920;-0.458446;-0.014577
978;0.067382;0.265750;-0.338394
979;0.562569;-0.136186;0.022204
980;-0.158345;-0.034269;-0.102897
981;0.046317;0.007970;-0.010701
982;0.014805;-0.029108;-0.001159
983;-0.084199;-0.080758;0.043106
984;-0.217381;-0.189471;-0.079358
985;-0.263553;-0.285851;0.049318
986;-0.511468;-0.368942;0.195153
987;-0.774132;-0.448594;0.426833
988;-1.146749;-1.135873;0.843398
989;-0.611088;-0.344635;0.361180
990;0.147874;-0.620681;0.043516
991;0.222846;-0.016374;0.191475
992;-0.685673;0.306776;-0.016352
993;0.020586;0.476620;-0.171597
994;-0.141386;0.702206;-0.143193
995;0.140653;0.409924;-0.128324
996;0.454631;0.257402;-0.338043
997;0.103428;-0.296328;-0.363736
998;0.776788;-0.619258;-0.320636
999;0.683138;-0.367525;-0.540873
1000;0.800006;-0.075932;-0.432970
1001;-0.799804;-0.624139;-0.211465
1002;1.738904;0.427772;0.012705
1003;0.133620;0.124323;-0.096565
1004;-0.173143;0.021481;-0.226571
1005;0.351669;-0.077493;-0.045600
1006;-0.027484;0.046062;-0.065963
1007;0.047723;0.007145;-0.023478
1008;0.047389;-0.041255;0.021849
1009;-0.008147;-0.023384;-0.035848
1010;0.056548;-0.165556;-0.058830
1011;-0.077966;-0.197655;-0.079820
1012;-0.594754;-0.340388;0.088767
1013;-0.643156;-0.359141;0.369235
1014;-0.857510;-0.557270;0.632574
1015;-1.344791;-0.811362;1.260351
1016;-0.454485;-0.497036;0.365771
1017;0.528735;-0.468738;-0.132949
1018;-0.246190;0.130324;0.065138
1019;-0.727363;0.572357;-0.132650
1020;0.320444;0.408442;-0.110456
1021;-0.065139;0.624381;-0.169231
1022;0.436238;0.289322;-0.127283
1023;0.349792;0.210718;-0.440410
1024;0.491201;-0.520798;-0.387807
1025;0.749663;-0.391026;-0.295146
1026;0.766250;-0.223666;-0.398026
1027;0.760017;-0.666804;0.151114
1028;-0.475615;-0.057984;-0.235604
1029;1.212063;0.322486;-0.408481
1030;0.431233;-0.214718;0.052832
1031;-0.264283;0.020355;-0.499832
1032;0.354683;-0.104364;0.107360
1033;0.272719;0.086879;-0.060855
1034;-0.249363;-0.047301;-0.085709
1035;0.213100;-0.038459;0.018067
1036;-0.103008;-0.081703;0.026183
1037;0.032531;-0.130451;0.111597
1038;-0.539328;-0.232058;0.059639
1039;-0.498672;-0.328427;0.132350
1040;-0.709007;-0.479885;0.299795
1041;-1.127672;-1.159210;0.748717
1042;-0.684173;-0.389494;0.440246
1043;-0.460542;-0.364816;0.290599
1044;0.886327;-0.397471;-0.145570
1045;-0.626050;0.526674;-0.002231
1046;-0.027263;0.558587;0.038795
1047;0.398963;0.348564;-0.182570
1048;-0.365488;0.693086;-0.280882
1049;0.192213;0.162102;-0.447153
1050;0.345321;-0.254726;-0.255268
1051;0.725078;-0.520883;0.006706
1052;0.447283;-0.313326;-0.493834
1053;1.088217;-0.059724;-0.139323
1054;-0.107674;-1.000650;0.098814
1055;-0.486548;0.272516;-0.328783
1056;2.021407;0.361867;0.019540
1057;0.640575;-0.241663;0.224927
1058;-0.830385;0.078163;-0.563462
1059;0.294173;-0.103339;0.021864
1060;0.516736;0.107089;0.129849
1061;-0.495389;-0.027246;-0.163142
1062;0.170926;-0.036139;-0.038690
1063;-0.039557;-0.141127;0.051800
1064;0.106250;-0.250715;0.081275
1065;-0.552526;-0.283968;-0.020612
1066;-0.452466;-0.379388;0.152623
1067;-0.559692;-0.406801;0.313868
1068;-1.037536;-1.059157;1.005122
1069;-0.619245;-0.300006;0.535717
1070;0.024350;-0.525214;-0.206371
1071;-0.029021;0.004086;0.066529
1072;-0.492840;0.516489;-0.081007
1073;-0.078976;0.428425;-0.276159
1074;-0.221568;0.599001;-0.188346
1075;0.328727;0.391925;-0.176938
1076;0.307101;0.025475;-0.430295
1077;0.081954;-0.540345;-0.347303
1078;0.547155;-0.466981;-0.328031
1079;0.739521;-0.229627;-0.125685
1080;1.047634;-0.020779;-0.411565
1081;-0.901920;-0.630651;-0.691166
1082;1.765602;0.719279;-0.243446
1083;0.646436;-0.208354;0.048687
1084;-0.181560;0.095602;-0.444395
1085;0.228807;-0.116706;-0.044983
1086;0.258211;0.081507;-0.001391
1087;-0.188295;-0.026767;-0.037731
1088;0.073703;-0.050310;-0.033470
1089;-0.036902;-0.133293;0.012031
1090;0.017368;-0.238760;0.021747
1091;-0.618276;-0.236004;0.103336
1092;-0.393824;-0.321298;0.272245
1093;-0.740665;-0.457722;0.368794
1094;-0.981523;-1.184837;0.727535
1095;-0.958884;-0.308963;0.510626
1096;-0.055070;-0.629327;0.070189
1097;-0.011764;0.050402;-0.058035
1098;-0.248271;0.443374;0.091318
1099;0.403683;0.226676;0.024335
1100;-0.090246;0.829433;-0.194411
1101;-0.108115;0.546902;-0.236051
1102;0.297236;0.308777;-0.286408
1103;0.295760;-0.312207;-0.342208
1104;0.688140;-0.602381;-0.171723
1105;0.502137;-0.379722;-0.455850
1106;0.859244;-0.177166;-0.422998
1107;-1.293535;-0.745211;-0.817616
1108;1.843461;0.697200;0.133987
1109;1.195134;-0.076114;0.295494
1110;-0.941056;-0.159490;-0.570927
1111;0.229651;-0.231532;0.072338
1112;0.490317;0.140106;-0.003760
1113;-0.413010;-0.019852;-0.133357
1114;0.222421;-0.049115;-0.007804
1115;-0.140758;-0.070103;0.005403
1116;-0.196422;-0.151047;-0.099213
1117;-0.325457;-0.294880;-0.016183
1118;-0.743685;-0.305113;0.249162
1119;-0.569487;-0.416725;0.230555
1120;-1.076323;-1.085203;0.417410
1121;-0.654776;-0.376567;0.590258
1122;-0.161786;-0.661126;0.113938
1123;0.372908;-0.135952;0.091027
1124;-0.807288;0.559817;-0.083161
1125;0.151686;0.336503;-0.142189
1126;-0.111095;0.759095;-0.162187
1127;0.197475;0.430536;-0.058832
1128;0.513700;0.246730;-0.365417
1129;-0.062568;-0.348198;-0.443252
1130;0.723682;-0.542031;-0.061366
1131;0.034192;-0.362760;-0.645167
1132;1.158373;0.036105;-0.267606
1133;-0.430924;-0.978706;0.483500
1134;1.115216;0.603741;-0.030468
1135;1.067991;0.205873;-0.247181
1136;-0.161202;-0.096132;-0.162363
1137;0.345015;0.017332;0.087333
1138;0.216674;0.028284;-0.018079
1139;0.021588;-0.026175;-0.171774
1140;0.114782;-0.019011;-0.039455
1141;-0.060480;-0.071784;-0.050879
1142;-0.021533;-0.193685;0.088321
1143;-0.217316;-0.217881;-0.098120
1144;-0.324750;-0.243682;0.059906
1145;-0.522784;-0.286683;0.248934
1146;-0.754305;-0.409507;0.497853
1147;-1.271274;-0.898976;0.924106
1148;-0.642225;-0.439674;0.400958
1149;-0.128080;-0.635570;0.001999
1150;0.269842;-0.193062;-0.174907
1151;-0.525182;0.616143;-0.148055
1152;-0.211669;0.366196;-0.219369
1153;0.149847;0.644016;-0.176114
1154;0.072235;0.494647;-0.145883
1155;0.397493;0.191335;-0.329678
1156;0.056346;-0.394235;-0.457505
1157;0.751337;-0.720768;-0.217535
1158;0.585961;-0.275935;-0.443633
1159;1.253236;0.072924;-0.428859
1160;-1.164351;-1.211202;0.019745
1161;1.137797;0.367305;-0.174848
1162;0.621506;0.096785;0.264304
1163;0.501852;-0.106403;-0.362891
1164;-0.446440;-0.028675;-0.513582
1165;0.658892;0.021187;0.077593
1166;-0.012380;-0.061174;-0.030170
1167;-0.187976;-0.002630;-0.023931
1168;0.079659;-0.032868;0.037521
1169;-0.125899;-0.138252;0.019864
1170;0.018468;-0.207019;0.076230
1171;-0.424979;-0.271061;0.109586
1172;-0.664757;-0.367348;0.235057
1173;-0.647577;-0.575951;0.349313
1174;-1.533075;-1.015606;1.038885
1175;-0.569402;-0.333821;0.365204
1176;0.024334;-0.468162;-0.103387
1177;0.260415;-0.020024;0.112473
1178;-0.547754;0.601783;-0.072499
1179;-0.011971;0.392177;-0.272268
1180;-0.168614;0.696528;-0.266523
1181;0.395032;0.347575;-0.144997
1182;0.389042;0.109677;-0.374847
1183;0.164969;-0.422256;-0.245851
1184;0.911033;-0.480306;-0.161141
1185;0.443601;-0.288029;-0.575099
1186;0.960790;0.106654;-0.482478
1187;-1.003351;-1.068148;-0.513983
1188;1.420480;0.500999;0.103790
1189;0.497706;-0.121287;0.137868
1190;-0.168205;0.160750;-0.327449
1191;0.163785;-0.210899;0.028456
1192;0.354407;0.082656;-0.025057
1193;-0.236846;-0.005306;-0.054633
1194;0.114118;0.005661;0.097332
1195;0.014004;-0.039937;-0.067257
1196;-0.040060;-0.148977;-0.030068
1197;-0.357858;-0.255240;-0.057351
1198;-0.498911;-0.263435;0.102126
1199;-0.587170;-0.362540;0.305587
1200;-0.752034;-0.696688;0.549784
1201;-1.366941;-0.663441;1.021027
1202;-0.529167;-0.457378;0.377783
1203;0.984671;-0.503863;0.129091
1204;-0.748761;0.544743;0.007311
1205;-0.062430;0.295951;-0.162464
1206;0.001207;0.729707;-0.224202
1207;0.035407;0.543045;-0.240695
1208;0.527929;0.376077;-0.319125
1209;0.252318;0.083491;-0.471770
1210;0.667132;-0.899059;-0.071406
1211;0.199802;-0.616973;-0.534545
1212;0.870609;-0.220081;-0.029931
1213;0.241197;-0.375095;0.895692
1214;0.716194;-0.057805;-0.555107
1215;0.718022;0.256443;-0.161840
1216;0.859262;-0.034407;-0.014069
1217;-0.583328;-0.055943;-0.496090
1218;0.550968;0.007657;0.030067
1219;0.390780;0.011540;-0.108872
1220;-0.307703;-0.033203;-0.148323
1221;0.260885;0.004120;-0.008324
1222;-0.174366;-0.109297;0.076119
1223;0.015793;-0.208420;0.061267
1224;-0.603957;-0.217482;0.119993
1225;-0.567605;-0.397815;0.297742
1226;-0.498469;-0.514435;0.163547
1227;-1.403263;-1.201202;1.126410
1228;-0.661902;-0.356565;0.575310
1229;0.171578;-0.422015;-0.181042
1230;0.058514;0.048520;0.119566
1231;-0.422306;0.647469;-0.045443
1232;0.140576;0.350021;-0.196948
1233;-0.153553;0.742245;-0.288679
1234;0.150239;0.375377;-0.306077
1235;0.158002;0.073111;-0.523851
1236;0.504318;-0.463161;-0.219963
1237;0.717843;-0.396250;-0.327822
1238;0.724636;-0.363424;-0.313966
1239;0.837700;-0.054184;-0.517465
1240;-0.606174;-0.589004;-0.255632
1241;0.913853;0.311328;-0.176937
1242;0.370580;-0.100232;0.036206
1243;0.014442;0.048054;-0.211660
1244;0.056514;-0.017455;-0.084316
1245;0.350294;0.046928;-0.052940
1246;-0.098491;-0.053919;-0.069958
1247;0.071042;-0.055628;-0.086726
1248;0.017893;-0.114155;-0.047695
1249;0.132250;-0.272026;0.041678
1250;-0.473627;-0.200640;0.061850
1251;-0.476999;-0.196607;0.304247
1252;-0.485977;-0.417244;0.337671
1253;-0.969701;-0.884277;0.459985
1254;-1.222801;-0.450847;0.779594
1255;0.050811;-0.559247;0.117946
1256;-0.098609;-0.101566;0.164800
1257;-0.681346;0.112573;-0.260120
1258;-0.254664;0.735224;-0.298602
1259;-0.036939;0.406561;-0.051842
1260;0.670653;0.476316;-0.018174
1261;0.349969;0.310487;-0.365482
1262;-0.558732;-0.291951;-0.696869
1263;1.104919;-0.637536;0.204380
1264;0.423319;-0.308225;-0.541022
1265;1.244770;0.029685;-0.084224
1266;-0.609842;-1.127358;-0.098863
1267;0.535313;0.621730;-0.103304
1268;1.445975;0.077924;0.102040
1269;-0.050455;-0.193512;-0.255190
1270;0.018137;-0.065351;-0.188446
1271;0.551051;0.106810;-0.017052
1272;-0.144699;-0.070778;-0.128841
1273;0.133359;0.023257;-0.069323
1274;-0.107159;-0.088920;0.002702
1275;0.018314;-0.180863;0.042863
1276;-0.278891;-0.183392;0.003090
1277;-0.529617;-0.218774;0.263299
1278;-0.475896;-0.409655;0.221837
1279;-0.702235;-0.959824;0.284723
1280;-1.034346;-0.693395;0.565860
1281;-0.527974;-0.401671;0.021525
1282;0.386253;-0.402038;0.059617
1283;-0.571519;0.516407;-0.062567
1284;-0.211026;0.204352;-0.240584
1285;-0.178469;0.805477;-0.261424
1286;-0.009034;0.364170;-0.084881
1287;0.571436;0.218972;-0.176631
1288;-0.048681;-0.116508;-0.470945
1289;0.598567;-0.698502;-0.086947
1290;0.685923;-0.374355;-0.520443
1291;0.717753;-0.211605;-0.154097
1292;0.257854;-0.675921;0.472275
1293;0.157371;-0.007206;-0.383420
1294;1.262711;0.153381;-0.558965
1295;-0.376370;-0.148093;0.144835
1296;0.650910;0.102854;-0.094434
1297;-0.000920;-0.075108;-0.085028
1298;-0.016532;-0.013288;-0.055977
1299;0.190996;0.003836;-0.018841
1300;-0.064733;-0.075786;-0.135948
1301;-0.064116;-0.147800;0.024544
1302;-0.260147;-0.195371;-0.051293
1303;-0.662478;-0.209845;0.192420
1304;-0.560412;-0.394179;0.339104
1305;-0.795066;-0.594818;0.492436
1306;-1.080320;-0.793571;1.190561
1307;-0.417506;-0.476243;0.344699
1308;0.172295;-0.452616;-0.276602
1309;-0.140715;0.323236;-0.131260
1310;-0.548111;0.704599;-0.101040
1311;0.134916;0.413776;0.012728
1312;0.231764;0.523219;-0.135252
1313;-0.186003;0.586681;-0.340786
1314;-0.096594;0.080197;-0.551314
1315;0.592602;-0.705452;-0.180899
1316;0.495861;-0.425734;-0.359795
1317;0.691029;-0.250751;-0.204374
1318;0.615256;-0.591321;0.062886
1319;-0.681663;-0.340721;-0.087808
1320;2.147195;0.607774;-0.709998
1321;-0.131269;-0.878334;-0.253804
1322;0.500919;0.355291;-0.408989
1323;0.763642;-0.069320;0.079449
1324;-0.198832;0.035486;-0.080801
1325;0.003824;-0.035088;-0.015948
1326;0.053501;-0.073812;0.014587
1327;-0.068677;-0.117690;0.015279
1328;-0.247787;-0.169749;-0.219916
1329;-0.497512;-0.219360;0.005701
1330;-0.497652;-0.260632;0.327375
1331;-0.476311;-0.358107;0.289607
1332;-1.071255;-1.175349;0.587785
1333;-0.792314;-0.383538;0.451226
1334;0.256977;-0.628701;-0.057652
1335;-0.027309;0.014608;0.097718
1336;-0.734757;0.338879;-0.206126
1337;-0.088048;0.546131;-0.259281
1338;-0.192251;0.666394;-0.239177
1339;0.266585;0.443932;-0.151239
1340;0.546792;0.129052;-0.405574
1341;-0.112352;-0.406740;-0.411187
1342;0.961864;-0.571361;-0.265002
1343;0.827258;-0.299489;-0.358290
1344;0.776827;-0.029213;-0.515387
1345;-1.358962;-0.963183;-0.561175
1346;1.876402;0.672165;-0.269547
1347;0.702399;-0.334494;0.211706
1348;-0.272800;0.193687;-0.665469
1349;0.274425;-0.223552;0.104293
1350;0.220018;0.117669;-0.032033
1351;-0.106236;-0.033391;-0.108320
1352;0.065374;-0.089771;-0.035546
1353;-0.070847;-0.087245;-0.004053
1354;-0.079363;-0.260966;-0.092420
1355;-0.888603;-0.244179;0.094374
1356;-0.418076;-0.396605;0.307005
1357;-0.823506;-0.512867;0.361149
1358;-1.249231;-1.022841;0.970821
1359;-0.559493;-0.475841;0.252076
1360;0.604495;-0.371291;0.111710
1361;-0.015559;0.205673;0.150965
1362;-0.615451;0.361472;-0.168745
1363;-0.093431;0.766637;-0.201706
1364;-0.186201;0.519645;-0.139573
1365;0.466597;0.366303;-0.186192
1366;0.404976;0.160443;-0.303446
1367;0.331011;-0.648807;-0.332952
1368;0.537110;-0.489817;-0.242477
1369;0.524277;-0.227456;-0.301049
1370;1.282771;0.134017;-0.396163
1371;-0.824195;-0.779430;-0.572990
1372;1.624062;0.563565;-0.519390
1373;0.332381;-0.561542;0.078273
1374;0.143232;0.252436;-0.493990
1375;0.286385;-0.206965;0.073293
1376;0.019722;0.081132;-0.029244
1377;-0.059167;0.011909;-0.082002
1378;0.012689;-0.080279;-0.084080
1379;-0.029043;-0.110386;-0.040935
1380;-0.095378;-0.263765;-0.087272
1381;-0.338679;-0.236395;0.022467
1382;-0.591554;-0.221814;0.271011
1383;-0.644494;-0.422014;0.444565
1384;-1.036308;-1.043358;0.575846
1385;-0.541647;-0.314921;0.399666
1386;0.380987;-0.811842;-0.017286
1387;-0.531220;0.319446;-0.128414
1388;-0.371419;0.253446;-0.339718
1389;-0.138842;0.670593;-0.278814
1390;-0.048142;0.459792;-0.178096
1391;0.429358;0.504634;-0.206713
1392;0.408116;0.115971;-0.484588
1393;0.184154;-0.454659;-0.369643
1394;0.965573;-0.393614;-0.262931
1395;0.780670;-0.204791;-0.194883
1396;0.866662;0.047066;-0.553453
1397;-1.977978;-0.938792;-0.549933
1398;1.565555;0.581998;-0.490281
1399;0.816909;-0.364225;0.471490
1400;-0.112557;0.149472;-0.270982
1401;0.040381;-0.077578;-0.065911
1402;0.381741;0.053126;-0.073472
1403;-0.186606;-0.019431;-0.095161
1404;0.109695;-0.052353;-0.062937
1405;-0.103041;-0.136728;0.012872
1406;-0.069227;-0.258401;-0.041490
1407;-0.453529;-0.269320;0.021897
1408;-0.392770;-0.338113;0.220665
1409;-0.728905;-0.487261;0.383614
1410;-1.222977;-1.161328;0.620225
1411;-0.650652;-0.271788;0.431246
1412;0.476639;-0.456730;0.030468
1413;-0.324648;0.246244;0.090818
1414;-0.227532;0.313239;-0.201204
1415;-0.125464;0.649120;-0.215391
1416;0.070468;0.473069;-0.181383
1417;0.333787;0.424908;-0.253571
1418;0.196213;0.160205;-0.471131
1419;0.480804;-0.509247;-0.361513
1420;0.688982;-0.339687;-0.198228
1421;0.503318;-0.257721;-0.371068
1422;1.030217;0.152740;-0.633154
1423;-2.161540;-1.478342;-0.744228
1424;1.852613;0.614349;0.209323
1425;0.830851;0.081321;0.273249
1426;-0.146357;0.086831;-0.463495
1427;-0.145030;-0.206779;-0.010444
1428;0.545503;0.211763;0.050784
1429;-0.330613;-0.060759;-0.039283
1430;0.130216;0.024447;-0.078490
1431;-0.141243;-0.078889;-0.028549
1432;0.020054;-0.209311;-0.051772
1433;-0.186732;-0.357330;-0.016525
1434;-0.712144;-0.384305;0.078906
1435;-0.568595;-0.424699;0.227930
1436;-0.869458;-1.012568;0.557302
1437;-0.842807;-0.337742;0.611705
1438;-0.566465;-0.483067;-0.013832
1439;0.424040;-0.271573;0.053226
1440;-0.606290;0.687507;-0.082633
1441;0.013923;0.193066;-0.196442
1442;-0.230980;0.740462;-0.263652
1443;0.586769;0.415342;-0.097768
1444;0.529636;0.365561;-0.265435
1445;-0.342835;-0.150652;-0.829474
1446;0.526820;-0.882605;-0.099513
1447;0.953886;-0.215101;-0.259973
1448;0.779154;-0.291620;-0.151333
1449;-0.487757;-0.764224;0.088750
1450;1.016288;0.270010;-0.302856
1451;1.070421;0.189723;-0.186609
1452;0.112626;-0.318138;-0.313358
1453;-0.363053;0.017107;-0.189438
1454;0.673053;0.062973;0.147897
1455;-0.284593;-0.063730;0.007887
1456;0.040600;-0.009768;0.016960
1457;-0.079790;-0.040864;0.030825
1458;0.040375;-0.151337;0.023859
1459;-0.359762;-0.207334;-0.030130
1460;-0.578368;-0.338328;0.144785
1461;-0.470573;-0.405356;0.287474
1462;-0.800796;-0.750850;0.512593
1463;-0.918632;-0.456894;0.604246
1464;-0.416832;-0.687484;0.228326
1465;0.582492;-0.046887;-0.243410
1466;-0.341671;0.529367;0.154484
1467;-0.021357;0.404472;0.005872
1468;0.224810;0.633206;-0.192034
1469;-0.318716;0.794945;-0.349495
1470;0.008825;0.238656;-0.327885
1471;0.361422;-0.352138;-0.287209
1472;0.799740;-0.793394;0.041007
1473;0.917067;-0.221048;-0.507616
1474;0.873564;-0.132516;-0.369780
1475;-1.358320;-1.053725;-0.576142
1476;1.733692;0.170501;-0.043528
1477;0.647550;0.126505;0.032141
1478;-0.423283;-0.026587;-0.276376
1479;0.505807;-0.029606;-0.020830
1480;0.156673;0.030134;-0.074593
1481;-0.171522;-0.055408;-0.068771
1482;0.068968;0.007810;0.025376
1483;-0.026434;-0.051698;-0.024507
1484;0.032885;-0.101238;-0.020267
1485;-0.163552;-0.132264;-0.111549
1486;-0.597476;-0.181311;0.104188
1487;-0.287038;-0.304312;0.186079
1488;-0.655076;-0.389927;0.218646
1489;-1.125736;-1.076150;0.986551
1490;-0.616863;-0.466749;0.479094
1491;-0.163591;-0.542964;-0.191700
1492;0.090923;0.017289;-0.000897
1493;-0.450927;0.515388;-0.058453
1494;0.111294;0.368774;-0.238054
1495;-0.279369;0.796048;-0.273414
1496;0.066933;0.395828;-0.266511
1497;0.377822;0.035550;-0.466472
1498;0.060444;-0.625667;-0.295224
1499;0.827909;-0.526271;-0.154755
1500;0.778762;-0.286488;-0.386124
1501;1.378328;0.261873;-0.450866
1502;-1.518648;-1.313910;-0.282412
1503;1.454184;0.485177;-0.094804
1504;0.534191;-0.045882;-0.028426
1505;0.117347;-0.017766;-0.081481
1506;0.052262;-0.046397;0.069070
1507;0.282997;0.032280;0.019988
1508;-0.120150;-0.047317;-0.095563
1509;0.131199;-0.068075;-0.085669
1510;-0.046505;-0.117448;-0.084836
1511;0.006988;-0.142659;0.007447
1512;-0.266551;-0.159620;-0.067503
1513;-0.375370;-0.178699;0.146012
1514;-0.449707;-0.245029;0.268949
1515;-0.763180;-0.955601;0.360594
1516;-1.158318;-0.808241;0.720156
1517;-0.471475;-0.452053;0.244286
1518;0.491092;-0.477795;-0.266237
1519;-0.474263;0.477575;-0.079005
1520;-0.154453;0.311851;-0.209736
1521;0.040022;0.718471;-0.247745
1522;-0.220926;0.620112;-0.246628
1523;0.185381;0.411767;-0.256238
1524;0.344885;-0.077554;-0.480566
1525;0.481928;-0.681138;0.004736
1526;0.529105;-0.343080;-0.594528
1527;1.049419;-0.220715;0.057537
1528;0.640009;-0.454984;-0.004250
1529;-0.949734;-0.264521;-0.291870
1530;1.931806;0.648734;-0.753278
1531;0.647383;-0.507186;0.150131
1532;-0.228150;0.200724;-0.504114
1533;0.370678;-0.176263;-0.004586
1534;0.327676;0.067995;-0.046817
1535;-0.262262;-0.012666;-0.043510
1536;0.122542;-0.051913;-0.061527
1537;-0.031481;-0.090523;0.061458
1538;-0.189547;-0.142034;-0.201865
1539;-0.495020;-0.221256;0.002987
1540;-0.493028;-0.259714;0.284265
1541;-0.463889;-0.408527;0.294159
1542;-1.052896;-1.134736;0.718094
1543;-0.692130;-0.393851;0.495257
1544;-0.053933;-0.374347;0.038689
1545;0.728136;-0.126395;0.057080
1546;-0.804626;0.546978;0.028170
1547;-0.149686;0.341608;-0.387069
1548;-0.250346;0.743361;-0.324936
1549;0.104312;0.364861;-0.178835
1550;0.504228;0.107530;-0.368200
1551;-0.075461;-0.302051;-0.463554
1552;0.896257;-0.587099;-0.158028
1553;0.483427;-0.364489;-0.593471
1554;0.990087;-0.081807;-0.312456
1555;0.159422;-0.698487;0.359073
1556;0.444090;0.363418;-0.269501
1557;0.694777;0.213074;-0.499748
1558;0.032239;-0.222938;-0.025712
1559;0.101472;0.093822;-0.172270
1560;0.378293;-0.039810;-0.004481
1561;-0.055571;-0.035497;-0.108886
1562;0.029693;-0.009526;-0.014006
1563;0.025625;-0.028212;-0.078834
1564;-0.057043;-0.172184;-0.042757
1565;-0.081183;-0.228622;-0.012670
1566;-0.362436;-0.256323;0.030009
1567;-0.463647;-0.240799;0.178025
1568;-0.573839;-0.352275;0.339418
1569;-0.986578;-1.048496;0.718489
1570;-1.077678;-0.347557;0.528677
1571;-0.233430;-0.327145;0.108414
1572;0.913408;-0.381531;-0.053391
1573;-0.674652;0.561003;-0.107832
1574;-0.311281;0.477657;-0.325503
1575;0.121031;0.614483;-0.247926
1576;0.114731;0.460235;-0.162804
1577;0.524988;0.177845;-0.298870
1578;0.104743;-0.344772;-0.385574
1579;0.692777;-0.423950;-0.252377
1580;0.373583;-0.276349;-0.528682
1581;0.635307;-0.150093;-0.223952
1582;0.523628;-0.000638;-0.311770
1583;-0.062579;-0.238812;0.319721
1584;0.386913;-0.062685;-0.223574
1585;0.217233;0.264633;-0.498263
1586;0.163761;-0.145193;-0.094522
1587;-0.014503;0.033778;-0.105648
1588;0.103689;-0.053559;-0.000958
1589;0.174970;0.011389;-0.036311
1590;-0.000103;-0.053329;-0.120393
1591;-0.011937;-0.025913;-0.087950
1592;-0.039264;-0.001288;-0.011691
1593;-0.132552;0.001217;-0.023869
1594;-0.037458;-0.015949;-0.032538
1595;0.073578;-0.045479;-0.132880
1596;-0.118780;-0.068361;-0.088250
1597;-0.012265;-0.101954;0.000033
1598;-0.055983;-0.062847;-0.009532
1599;-0.086756;-0.085690;-0.030067
1600;-0.059153;-0.067630;-0.007044
1601;-0.004876;-0.180186;0.016701
1602;-0.148838;-0.194029;-0.041092
1603;-0.345771;-0.264992;0.053353
1604;-0.409338;-0.342201;0.135581
1605;-0.486994;-0.144711;0.175930
1606;-0.333924;-0.040869;0.052960
1607;0.068668;0.007312;-0.057670
1608;0.355882;0.068103;-0.020306
1609;-0.122031;0.482135;0.029598
1610;0.067369;0.150951;-0.176091
1611;-0.223771;0.373723;-0.219771
1612;0.384525;0.131892;-0.123069
1613;0.195110;0.086760;-0.210159
1614;0.252763;-0.042901;-0.247483
1615;0.410887;-0.061279;-0.238464
1616;0.349377;-0.024313;-0.241306
1617;0.344360;-0.006057;-0.238671
1618;0.340769;0.064500;-0.256642
1619;-0.045581;0.051461;-0.133673
1620;-0.252892;-0.496575;0.213897
1621;-0.023851;0.031071;-0.198767
1622;0.155196;0.013377;-0.171299
1623;0.116974;0.019358;-0.076706
1624;0.062085;-0.013211;-0.123886
1625;-0.076784;-0.017709;-0.107372
1626;0.016087;-0.037035;-0.051032
1627;-0.015737;-0.018278;-0.007870
1628;0.140206;-0.016018;-0.075921
1629;-0.001072;-0.014296;-0.082029
1630;-0.047723;-0.024447;-0.019132
1631;0.118749;0.015871;0.011267
1632;0.108633;-0.021276;-0.038303
1633;0.004663;-0.022045;-0.106479
1634;0.022367;-0.022036;-0.067531
1635;0.079708;0.007451;-0.040449
1636;0.060015;-0.005248;-0.070030
1637;0.040325;-0.019303;-0.083223
1638;0.044972;0.002122;-0.041479
1639;0.077902;-0.020727;-0.054443
1640;0.054662;0.011086;-0.071663
1641;0.079075;-0.021267;-0.090604
1642;0.087877;-0.015432;-0.038277
1643;0.078816;-0.013561;-0.016255
1644;-0.006128;0.016017;-0.047947
1645;-0.022457;0.025623;-0.047468
1646;-0.004733;-0.006334;-0.017702
1647;-0.035217;-0.015790;-0.034004
1648;-0.004156;-0.025434;-0.030802
1649;0.028119;0.001783;-0.007697
1650;0.020234;-0.011057;-0.022489
1651;-0.003353;0.000908;-0.037866
1652;0.017694;-0.008610;-0.044655
1653;0.043122;-0.007404;-0.031062
1654;0.021182;-0.006910;-0.030776
1655;0.009506;-0.003903;-0.041178
1656;0.012836;-0.006663;-0.037205
1657;0.014356;-0.009319;-0.030654
1658;0.010016;-0.005014;-0.019796
1659;0.015449;-0.002153;-0.028442
1660;0.018124;-0.002479;-0.025596
1661;0.031249;-0.006575;-0.031029
1662;0.032565;0.001243;-0.029933
1663;0.017606;-0.006824;-0.026458
1664;0.015588;-0.006763;-0.031473
1665;0.023070;0.000613;-0.035816
1666;0.027266;0.003173;-0.042042
1667;0.015710;-0.003281;-0.032211
1668;0.007484;-0.004585;-0.022381
1669;0.007604;-0.006431;-0.018909
1670;0.000480;-0.004677;-0.021982
1671;0.008203;-0.001917;-0.024004
1672;0.011693;-0.001254;-0.016041
1673;-0.004885;-0.004509;-0.020093
1674;-0.004693;-0.003444;-0.015919
1675;-0.004182;-0.003215;-0.010176
1676;-0.006502;-0.004626;-0.015058
1677;0.003692;-0.001258;-0.021747
1678;0.009536;-0.003285;-0.017911
1679;0.011519;0.001062;-0.019266
1680;-0.011920;-0.003648;-0.021715
1681;0.009020;-0.005252;-0.020354
1682;0.003498;-0.006798;-0.008529
1683;0.006818;-0.003042;-0.018201
1684;0.009409;-0.003300;-0.011644
1685;-0.009829;-0.005195;-0.001381
1686;-0.002467;-0.004597;-0.004632
1687;0.000405;-0.001452;-0.008416
1688;0.002749;-0.006090;-0.008412
1689;0.017499;-0.003896;-0.015003
1690;0.001952;-0.003717;-0.010544
1691;0.007878;-0.001832;-0.012742
1692;0.003248;0.001873;-0.007670
1693;0.005437;-0.007470;-0.006265
1694;0.002298;-0.003836;-0.012878
1695;0.002361;0.000424;-0.013635
1696;-0.005550;-0.003205;-0.008973
1697;0.003783;-0.004725;-0.008270
1698;-0.003358;-0.003057;-0.007129
1699;-0.000262;-0.005791;-0.009065
1700;0.001659;0.000204;-0.007235
1701;0.002252;-0.005477;-0.009413
1702;0.002223;-0.003684;-0.008145
1703;0.001701;-0.003894;-0.011572
1704;0.001737;-0.001081;-0.005257
1705;-0.000575;-0.003106;-0.009815
1706;0.007587;-0.002341;-0.009196
1707;-0.001076;-0.002734;-0.006220
1708;-0.004083;-0.003620;-0.005744
1709;-0.006203;-0.005211;-0.005151
1710;-0.015443;-0.003006;-0.001918
1711;0.002368;-0.004362;-0.005241
1712;0.010332;0.001000;-0.006143
1713;0.001315;-0.004428;-0.005394
1714;0.008403;-0.000575;0.003503
1715;-0.008147;-0.006295;-0.003753
1716;-0.014654;-0.000134;-0.005227