index;x;y;z
0;-0.011479;-0.005234;0.009613
1;-0.003467;-0.008197;0.009111
2;-0.006468;0.001754;0.002591
3;0.000188;-0.005738;0.000068
4;0.001416;-0.003604;0.005765
5;0.004719;-0.006151;0.000294
6;0.008289;-0.005476;-0.003845
7;-0.003649;-0.005559;-0.001979
8;0.008650;-0.000606;0.000342
9;-0.000053;-0.009036;0.006564
10;0.004788;-0.002637;0.014360
11;-0.003884;0.001143;0.011726
12;-0.011893;-0.003879;0.004639
13;0.005269;-0.008484;0.013842
14;0.018803;-0.007123;0.008606
15;0.010735;0.006579;-0.008656
16;0.004555;-0.005525;-0.019722
17;0.023086;0.001772;-0.005518
18;0.001620;0.000242;0.001931
19;-0.004349;-0.013087;0.006326
20;0.002802;0.006258;0.007368
21;-0.010090;-0.004718;0.002474
22;0.016209;-0.007548;0.001578
23;0.015340;0.000662;-0.009212
24;-0.000464;0.001409;-0.005506
25;-0.001391;-0.002886;0.000479
26;0.013205;-0.005491;0.006677
27;0.000278;-0.004196;0.008528
28;0.000058;-0.005878;0.008338
29;0.000963;-0.006531;0.005592
30;-0.005194;-0.000114;0.002506
31;0.005503;-0.001874;0.003395
32;0.005857;-0.003452;-0.001676
33;0.010762;0.001979;0.000130
34;0.009049;-0.005939;0.006927
35;0.011938;-0.003454;0.006883
36;0.014927;-0.004103;0.007966
37;0.009411;-0.002417;-0.001086
38;-0.000749;-0.005119;-0.004217
39;-0.001744;-0.003313;0.000523
40;0.000859;-0.004932;0.003127
41;-0.002708;-0.003095;0.002862
42;0.000155;-0.003476;0.005488
43;0.004658;-0.005188;-0.002927
44;-0.002857;-0.000832;-0.001121
45;0.001239;-0.003817;-0.002555
46;0.002629;-0.003366;0.001771
47;-0.007171;-0.003225;0.005630
48;-0.013453;-0.005021;0.006674
49;-0.009297;-0.002456;0.008012
50;-0.008341;0.000371;0.004437
51;-0.004626;-0.003640;0.001596
52;0.000344;-0.001347;-0.001746
53;0.001082;-0.003359;-0.002910
54;0.009343;-0.000840;-0.006917
55;-0.001168;-0.000859;-0.002837
56;0.000967;-0.002498;0.002709
57;0.002321;-0.002665;0.002526
58;0.000058;-0.002283;-0.001807
59;0.002774;-0.002871;-0.000939
60;-0.002234;-0.001053;-0.000432
61;0.002259;-0.004451;-0.003549
62;0.001291;-0.004315;0.001163
63;-0.008407;-0.001527;-0.002143
64;-0.003726;-0.000235;-0.000327
65;0.002843;-0.002188;0.002094
66;-0.010583;-0.000151;0.000139
67;-0.006131;-0.000621;-0.000360
68;-0.005110;-0.004684;0.012820
69;0.013562;-0.006449;0.007641
70;0.017050;-0.010371;-0.005116
71;0.007762;0.003025;-0.018092
72;0.004558;0.008963;-0.035708
73;-0.002122;0.001689;-0.021039
74;0.009149;-0.001769;0.008085
75;-0.024173;-0.004189;0.016248
76;-0.053048;0.002847;0.016275
77;-0.049135;0.001250;0.020495
78;-0.064317;0.004008;0.022912
79;-0.052094;0.005156;0.028685
80;0.015699;0.006414;0.012546
81;0.028955;-0.003009;-0.000870
82;0.059655;-0.005978;-0.009009
83;0.055863;-0.003395;-0.037402
84;0.056235;0.017695;-0.040218
85;0.088317;-0.020421;0.002403
86;0.002393;0.012325;-0.006444
87;0.075388;-0.010750;-0.010029
88;0.144177;-0.001783;-0.056976
89;0.062734;-0.023706;-0.058343
90;0.113914;0.000066;-0.100653
91;0.048905;-0.030921;-0.030770
92;0.041687;-0.007299;0.019445
93;-0.021952;0.008579;0.015705
94;-0.001928;-0.012062;0.017990
95;0.004045;-0.000275;0.014562
96;-0.021054;-0.009482;0.021168
97;0.023656;-0.014266;-0.019846
98;0.064836;-0.011781;-0.018425
99;-0.016571;-0.031881;0.007088
100;-0.022196;0.002512;0.046268
101;-0.077650;0.000856;0.078550
102;-0.042622;-0.056681;0.128016
103;-0.040247;-0.070817;0.147228
104;0.004269;-0.069054;0.105992
105;-0.091956;-0.128461;0.047770
106;-0.256701;-0.185316;0.135793
107;-0.359170;-0.300101;0.236950
108;-0.506511;-0.391086;0.267834
109;-0.663217;-0.145878;0.437917
110;-0.285847;0.035761;0.088564
111;0.401175;0.015900;0.040508
112;-0.201651;0.386216;0.200425
113;-0.117395;0.263833;-0.133788
114;-0.170552;0.373581;-0.060729
115;0.106239;0.151312;0.075468
116;0.358571;0.033324;-0.016438
117;0.088354;0.008995;-0.178831
118;0.334674;-0.241054;-0.093454
119;0.258751;-0.215140;-0.214465
120;0.235160;-0.174380;-0.208398
121;0.366251;-0.149510;-0.164931
122;0.337455;-0.046986;-0.246845
123;-0.299189;-0.217542;0.162138
124;0.048121;0.006036;-0.252048
125;0.491155;0.190230;-0.298707
126;0.332920;-0.195239;0.055024
127;-0.182616;0.038330;-0.124509
128;-0.078293;-0.031198;0.004389
129;0.150304;0.015706;0.163293
130;-0.050414;-0.020980;0.096871
131;-0.000457;-0.000699;-0.025430
132;-0.005097;0.001307;0.044004
133;-0.048709;0.040516;0.011756
134;-0.065296;0.016829;0.026912
135;-0.042457;-0.017706;0.025369
136;-0.023894;0.002213;0.055420
137;0.059712;-0.009644;0.039894
138;0.024266;-0.034493;0.013903
139;0.049407;-0.041393;0.040901
140;0.023888;-0.060526;0.048493
141;-0.032639;-0.105961;0.043024
142;-0.097080;-0.141779;0.076418
143;-0.219340;-0.201300;0.148394
144;-0.317178;-0.210953;0.227911
145;-0.521051;-0.302312;0.240072
146;-0.650877;-0.302582;0.380034
147;-0.510178;-0.162043;0.383946
148;-0.199833;-0.074327;0.131049
149;0.054135;-0.052720;0.152690
150;-0.373308;0.367452;0.103771
151;0.180912;0.107375;0.146665
152;0.156142;0.377766;0.138026
153;-0.005985;0.198682;-0.017251
154;-0.255289;0.186942;-0.179643
155;-0.040360;-0.050383;-0.132230
156;0.463502;-0.211047;-0.039010
157;0.314093;-0.207452;-0.183330
158;0.232868;-0.294386;-0.318368
159;0.209495;-0.211559;-0.162512
160;0.038413;-0.197897;-0.170714
161;0.269962;0.004199;-0.209082
162;-0.119586;-0.194574;0.181043
163;0.853904;-0.105005;-0.187557
164;0.231247;0.146369;-0.289507
165;-0.529863;0.070930;-0.013769
166;0.310724;-0.045153;0.163748
167;0.136825;0.012738;0.051376
168;-0.182900;0.038970;-0.027741
169;0.226200;-0.053871;-0.012132
170;0.019329;-0.003360;-0.063345
171;0.028595;0.003044;-0.011081
172;0.010982;-0.001960;-0.011347
173;-0.003358;-0.029649;-0.007880
174;0.039953;-0.078776;-0.001428
175;-0.010743;-0.075225;0.119857
176;-0.046759;-0.080375;0.161096
177;-0.195706;-0.077990;0.249950
178;-0.326372;-0.137570;0.375921
179;-0.604804;-0.357133;0.484608
180;-0.748604;-0.708104;0.238158
181;-0.880790;-0.305228;0.503181
182;-0.344078;-0.049027;0.092016
183;0.409095;-0.029974;0.179349
184;-0.312065;0.430182;0.212741
185;-0.110864;0.378024;-0.109684
186;-0.154350;0.524388;-0.060731
187;0.020439;0.224518;-0.012047
188;0.311383;0.077877;-0.121670
189;-0.003342;-0.123493;-0.326898
190;0.408417;-0.512848;-0.200451
191;0.593290;-0.284886;-0.236641
192;0.504123;-0.284325;-0.199521
193;0.325517;-0.160292;-0.268202
194;0.359495;0.011873;-0.419685
195;-1.237373;-0.301206;0.213558
196;0.929306;-0.050825;-0.126609
197;0.099726;0.271489;0.300843
198;-0.094147;-0.033488;-0.364655
199;-0.045950;-0.053090;-0.046072
200;0.366915;0.065925;0.184360
201;-0.262493;-0.012851;-0.110279
202;0.180324;0.015003;-0.037123
203;0.037645;-0.027232;-0.042466
204;-0.026679;-0.003325;-0.013197
205;0.029366;-0.029111;0.038590
206;-0.061665;-0.080718;0.047373
207;-0.122905;-0.110013;0.090768
208;-0.121235;-0.139379;0.213606
209;-0.338350;-0.150323;0.275444
210;-0.448540;-0.245306;0.313319
211;-0.669129;-0.494752;0.286797
212;-0.750316;-0.457886;0.308248
213;-0.384658;0.206880;0.235513
214;0.556319;-0.533366;0.310520
215;-0.611816;0.357921;0.181162
216;-0.210947;0.372092;-0.149319
217;0.031239;0.342174;0.093790
218;0.077111;0.365745;-0.056813
219;0.001875;0.285271;-0.156167
220;0.009987;-0.001636;-0.186881
221;0.469147;-0.345578;-0.072857
222;0.158254;-0.342586;-0.300145
223;0.337835;-0.322784;-0.401818
224;0.471096;-0.293706;-0.205573
225;0.270549;-0.206226;-0.334128
226;-1.103063;-0.102427;-0.273134
227;1.450525;0.047171;0.010813
228;0.325023;0.061101;0.165381
229;-0.539381;0.057220;-0.220223
230;0.258294;-0.017285;0.089335
231;0.208374;-0.045274;0.063774
232;-0.076273;0.023222;-0.113269
233;0.149904;0.010362;-0.007849
234;-0.097149;-0.048323;-0.019119
235;-0.026437;-0.002752;0.062228
236;-0.047605;-0.072762;0.105438
237;-0.158729;-0.095657;0.118671
238;-0.194089;-0.154437;0.136577
239;-0.293977;-0.196130;0.206899
240;-0.399093;-0.201653;0.213892
241;-0.678395;-0.716208;0.391493
242;-1.074204;-0.579505;1.136403
243;-0.471062;0.094504;0.212691
244;0.585110;-0.533418;0.130208
245;-0.126855;0.402639;0.277625
246;-0.367049;0.211851;-0.112426
247;-0.074484;0.631536;-0.146010
248;-0.032270;0.289635;0.043033
249;0.364685;0.276576;0.001029
250;-0.020066;0.007293;-0.187427
251;0.212133;-0.300142;-0.268081
252;0.634567;-0.380496;-0.149708
253;0.508107;-0.342818;-0.413297
254;0.544851;-0.273928;-0.199624
255;0.381472;-0.054568;-0.567458
256;-1.103349;-0.617611;-0.311203
257;1.219732;-0.083673;-0.225267
258;-0.077218;0.227720;0.125463
259;0.116046;0.047209;-0.020341
260;0.017847;0.055067;-0.097643
261;0.111040;-0.021821;0.032281
262;-0.048097;-0.016580;-0.009157
263;-0.043621;-0.003182;0.029597
264;-0.081828;-0.048313;0.136400
265;-0.092103;0.024816;0.114977
266;-0.017826;-0.069973;0.041915
267;-0.117902;-0.110654;0.016117
268;0.006798;-0.027287;0.168783
269;-0.080093;-0.152215;0.209840
270;-0.397449;-0.311217;0.203035
271;-0.861159;-0.748202;0.465251
272;-1.048983;-0.806799;0.773086
273;-0.826137;0.001233;0.386853
274;0.442912;-0.424720;0.121271
275;0.023789;0.413128;0.313640
276;-0.287379;0.193424;-0.009249
277;0.033998;0.594283;-0.075276
278;-0.022036;0.399297;0.051353
279;0.175515;0.282657;-0.075153
280;0.141266;0.120118;-0.216375
281;0.295031;-0.147384;-0.219024
282;0.609945;-0.466333;-0.174611
283;0.222584;-0.440394;-0.344061
284;0.530168;-0.402972;-0.184972
285;0.459376;-0.194143;-0.413612
286;-0.825637;-0.263005;-0.254285
287;1.280053;-0.026898;-0.163347
288;0.156853;0.181271;0.046731
289;-0.084347;-0.068713;-0.108846
290;-0.063207;0.083603;-0.103893
291;0.146607;-0.036114;0.140282
292;-0.071041;-0.018107;0.029523
293;-0.035485;0.013236;-0.008167
294;0.058163;-0.019313;0.011966
295;-0.067304;-0.049628;-0.017279
296;0.029472;-0.085915;0.004450
297;-0.018372;-0.144616;0.073665
298;-0.173020;-0.156492;0.196179
299;-0.299662;-0.173876;0.312481
300;-0.581378;-0.240958;0.447959
301;-0.861746;-0.548289;0.567710
302;-1.024836;-0.505364;0.755002
303;-0.553542;-0.136158;0.253006
304;0.493174;-0.327612;0.186721
305;-0.344107;0.401442;0.220260
306;-0.171014;0.287117;-0.077299
307;-0.026120;0.612611;-0.063833
308;-0.007052;0.356054;-0.023365
309;0.138262;0.239137;-0.109703
310;0.060434;-0.059293;-0.231879
311;0.535215;-0.460741;-0.137798
312;0.410858;-0.470492;-0.380310
313;0.280474;-0.353717;-0.404850
314;0.671555;-0.191314;-0.361497
315;-0.130343;-0.285570;0.582926
316;0.192219;-0.191932;-0.378184
317;0.749619;0.050579;-0.362049
318;0.063607;-0.205204;0.211912
319;0.021964;0.014305;-0.292147
320;0.109139;-0.113650;0.065377
321;0.146875;0.037321;0.063706
322;-0.097135;0.016167;0.032721
323;-0.016841;0.016825;0.063107
324;-0.133092;0.026479;0.069140
325;0.067511;-0.081289;0.039441
326;-0.079072;-0.156030;0.009457
327;-0.162500;-0.116167;0.181748
328;-0.286702;-0.187310;0.251710
329;-0.389723;-0.262657;0.318921
330;-0.832850;-0.635169;0.456932
331;-0.921918;-0.692263;0.848208
332;-0.603692;-0.049102;0.399782
333;-0.148651;-0.437414;0.022201
334;0.273743;0.111508;0.182928
335;-0.459075;0.586385;0.300182
336;0.220815;0.045131;-0.077289
337;-0.140747;0.781021;-0.027244
338;-0.152928;0.377381;-0.191172
339;0.134975;0.089208;-0.241778
340;0.188839;-0.408081;-0.268353
341;0.495987;-0.707453;-0.056525
342;0.497573;-0.441975;-0.510471
343;0.705189;-0.328355;-0.162569
344;0.403973;-0.319709;0.308397
345;-0.077684;-0.359639;-0.430936
346;0.646771;0.230350;-0.474547
347;0.339973;-0.274994;0.006068
348;-0.175202;-0.015459;-0.182049
349;0.069572;-0.075217;0.136999
350;-0.004854;0.042469;0.105078
351;0.019616;-0.003101;0.037733
352;0.002419;-0.000303;-0.011475
353;-0.061273;-0.018425;-0.014487
354;0.031958;-0.075161;0.003914
355;-0.047618;-0.066265;0.031995
356;-0.166665;-0.113137;0.144724
357;-0.234091;-0.130065;0.260545
358;-0.269558;-0.186573;0.385584
359;-0.813780;-0.586819;0.610661
360;-0.859749;-0.683376;0.718659
361;-0.847054;-0.049241;0.569810
362;-0.181056;-0.486390;0.182558
363;0.151638;0.032620;0.207946
364;-0.692441;0.308102;0.057023
365;-0.108907;0.427394;-0.273124
366;-0.079895;0.496886;0.021204
367;0.454630;0.281310;0.085148
368;0.304480;0.206556;-0.087186
369;-0.429820;-0.058709;-0.587448
370;0.616431;-0.609662;-0.151484
371;0.501854;-0.467989;-0.300245
372;0.567054;-0.372217;-0.416657
373;0.868660;-0.124629;-0.309880
374;-0.491206;-0.283040;0.718210
375;0.647687;-0.048056;-0.524209
376;0.224123;0.157257;-0.528936
377;-0.062337;-0.160853;0.288032
378;0.454501;-0.062209;-0.150261
379;-0.149432;-0.090748;-0.031792
380;-0.034812;0.012603;0.036842
381;0.126881;0.031087;0.110543
382;-0.053131;0.007397;0.022064
383;-0.136379;-0.033639;-0.024895
384;0.049793;-0.052694;0.056751
385;0.015391;-0.110067;0.037202
386;-0.180228;-0.105566;0.089443
387;-0.195775;-0.146756;0.200345
388;-0.365185;-0.176202;0.326433
389;-0.610334;-0.538207;0.543740
390;-0.803495;-0.641499;0.553655
391;-0.675064;-0.040210;0.457171
392;-0.319148;-0.168573;0.360882
393;0.401986;-0.339001;-0.044074
394;-0.580322;0.594045;0.227401
395;-0.104204;0.102490;-0.167231
396;-0.032928;0.621507;0.041429
397;0.071380;0.263262;0.083943
398;0.256880;0.264353;-0.047592
399;-0.103452;0.026042;-0.267682
400;0.280153;-0.422678;-0.242541
401;0.542617;-0.695430;-0.133433
402;0.273469;-0.216912;-0.509780
403;0.647547;-0.268082;-0.210701
404;0.323968;-0.414916;0.105992
405;-0.697554;-0.353613;-0.307053
406;1.398766;0.121328;-0.142098
407;0.301014;-0.109062;0.230803
408;-0.251540;0.025057;-0.294871
409;-0.049476;0.001085;-0.068334
410;0.396173;0.014561;0.143515
411;-0.112944;-0.007724;-0.023092
412;-0.093755;0.009271;-0.020238
413;0.006070;0.005487;0.078292
414;-0.171930;-0.039505;0.063299
415;-0.036643;-0.134445;0.111323
416;-0.044315;-0.103628;0.191065
417;-0.207204;-0.151172;0.205766
418;-0.448736;-0.313477;0.166015
419;-0.842321;-0.642056;0.358557
420;-1.123512;-0.786570;0.870389
421;-0.595431;0.119243;0.369329
422;0.397955;-0.524302;-0.020434
423;-0.342210;0.384581;0.072503
424;-0.195449;0.340736;0.080813
425;0.368255;0.266050;0.210557
426;0.178902;0.497083;0.038166
427;-0.084528;0.444249;-0.184415
428;-0.141812;0.159699;-0.372732
429;0.422066;-0.356047;-0.019379
430;0.581331;-0.559937;-0.134490
431;0.138884;-0.348262;-0.555311
432;0.635048;-0.432740;-0.162041
433;0.569105;0.096798;-0.647852
434;-1.894563;-0.625863;-0.047284
435;1.624698;0.007110;-0.093333
436;0.194372;0.134796;0.047646
437;-0.169010;-0.011171;-0.036239
438;-0.045381;0.057721;-0.135663
439;0.379849;-0.067486;0.049065
440;-0.064068;-0.003386;-0.128443
441;0.019859;-0.010379;-0.033628
442;0.066747;-0.072379;0.055963
443;-0.122470;-0.032953;0.036563
444;0.001180;-0.101155;0.045604
445;-0.063072;-0.146202;0.051812
446;-0.206710;-0.145748;0.113607
447;-0.273399;-0.101012;0.281600
448;-0.425938;-0.204157;0.362549
449;-0.919449;-0.550618;0.583719
450;-1.064245;-0.703205;0.690344
451;-0.658538;-0.078503;0.319352
452;0.642022;-0.589601;-0.007686
453;-0.251742;0.521577;0.211166
454;-0.461310;0.190760;-0.096297
455;0.028815;0.600326;-0.078451
456;0.000869;0.310641;0.053240
457;0.167063;0.284425;-0.122679
458;-0.118974;0.082150;-0.286424
459;0.526186;-0.357382;-0.267405
460;0.605500;-0.353605;-0.210338
461;0.305415;-0.395273;-0.379938
462;0.582652;-0.328843;-0.158001
463;0.297735;-0.289144;-0.325937
464;-1.189226;-0.237478;-0.292065
465;1.938648;-0.043015;-0.200768
466;0.057800;-0.182755;0.241990
467;-0.088203;0.168472;-0.412836
468;0.341740;-0.100479;0.129115
469;0.242568;-0.012884;0.042147
470;-0.271476;0.036878;-0.064052
471;0.140689;0.006975;0.053596
472;-0.151388;-0.040533;0.009895
473;-0.061449;-0.045825;0.002474
474;-0.117852;-0.122373;0.059855
475;-0.106387;-0.205229;0.129758
476;-0.368931;-0.106947;0.267390
477;-0.406540;-0.168484;0.403752
478;-0.510381;-0.612884;0.428110
479;-0.940947;-0.966698;0.807493
480;-0.650652;0.114204;0.311387
481;0.395471;-0.470703;-0.274742
482;-0.030797;0.502479;0.250826
483;-0.416873;0.049827;-0.067657
484;-0.140369;0.739667;-0.178293
485;0.029346;0.280936;0.021296
486;0.256923;0.238178;-0.093084
487;-0.022355;0.051420;-0.440254
488;0.229468;-0.452308;-0.213333
489;0.565491;-0.481972;-0.207078
490;0.113762;-0.345572;-0.384680
491;0.532662;-0.344139;-0.256404
492;0.590118;0.012790;-0.571897
493;-1.753559;-0.487027;0.238200
494;1.668896;-0.229301;-0.419286
495;0.000157;0.102547;-0.053151
496;0.226332;-0.027274;-0.111394
497;-0.402676;-0.029900;-0.159575
498;0.325803;-0.048605;0.139090
499;0.209218;-0.037574;0.071498
500;-0.229048;-0.016428;-0.108937
501;0.027257;-0.020850;0.055919
502;0.074759;-0.003516;0.025623
503;-0.169513;-0.085636;0.041744
504;-0.020872;-0.121781;0.103771
505;-0.233553;-0.140471;0.169835
506;-0.273299;-0.178203;0.180825
507;-0.456223;-0.236575;0.312668
508;-0.856311;-0.703864;0.482513
509;-1.240148;-0.788829;1.293627
510;-0.536554;0.192715;0.318029
511;0.591660;-0.431305;0.115608
512;-0.178336;0.579415;0.277314
513;0.070958;0.124185;0.025707
514;-0.060218;0.694531;-0.108077
515;-0.177424;0.490537;-0.121587
516;0.187919;0.315974;-0.134433
517;0.249357;-0.079276;-0.092338
518;0.038705;-0.378199;-0.353240
519;0.454504;-0.689700;-0.297207
520;0.335785;-0.390353;-0.346030
521;0.708299;-0.234116;-0.356371
522;0.352327;-0.432937;0.490727
523;-0.206820;-0.095301;-0.460485
524;1.046097;0.045859;-0.320642
525;0.240863;-0.047520;0.124231
526;-0.082661;-0.015160;-0.163117
527;0.228630;-0.037200;0.053845
528;0.151429;0.008546;0.019819
529;-0.134292;-0.006024;-0.034817
530;0.099988;0.003293;-0.005980
531;-0.051177;-0.010792;0.026871
532;-0.088649;-0.048918;0.082659
533;0.006002;-0.109195;0.034616
534;-0.202485;-0.109434;0.132032
535;-0.180256;-0.197420;0.188086
536;-0.380803;-0.249555;0.181343
537;-0.686373;-0.676493;0.400053
538;-0.976658;-0.872200;0.705440
539;-0.666137;0.053664;0.400437
540;0.177859;-0.552970;-0.205181
541;0.097833;0.447057;0.179013
542;-0.320462;0.304321;0.128447
543;-0.019504;0.554300;-0.166048
544;-0.050437;0.464693;0.041949
545;0.269184;0.307019;0.007045
546;0.303275;0.118561;-0.093631
547;0.246743;-0.146764;-0.148683
548;0.668062;-0.555825;-0.054830
549;0.104689;-0.394281;-0.475004
550;0.235998;-0.436500;-0.377644
551;0.490264;-0.183832;-0.567367
552;-1.171053;-0.438422;0.073505
553;1.108365;-0.226966;-0.482953
554;0.372697;-0.017596;0.019677
555;0.281762;-0.127611;-0.177155
556;-0.673424;0.078160;-0.214396
557;0.566500;-0.164624;0.216710
558;0.056750;0.030686;0.090703
559;-0.300367;0.041856;-0.001050
560;0.158378;-0.031887;0.055455
561;-0.067193;-0.083875;-0.098744
562;-0.089979;-0.066950;0.058290
563;0.071725;-0.115423;0.072207
564;-0.129308;-0.169270;0.035527
565;-0.147497;-0.175590;0.225383
566;-0.481081;-0.201889;0.510331
567;-0.969144;-0.672580;0.615641
568;-1.191341;-0.663508;0.944386
569;-0.632048;-0.133077;0.425006
570;0.307610;-0.580203;-0.190969
571;-0.018645;0.507778;0.189370
572;-0.274560;0.281121;0.076524
573;0.021177;0.576799;-0.219728
574;-0.197388;0.609578;-0.115704
575;-0.130902;0.345910;-0.233137
576;0.126089;0.115570;-0.276563
577;0.458565;-0.432341;-0.287959
578;0.274836;-0.747789;-0.258120
579;0.148687;-0.337448;-0.517937
580;0.603209;-0.403318;-0.044890
581;0.149584;-0.362568;0.236611
582;-0.400675;0.086463;-0.260413
583;1.551051;0.196082;-0.148828
584;0.761489;-0.087410;0.296329
585;-0.418514;-0.082153;-0.289535
586;-0.311373;0.041872;-0.256735
587;0.662427;0.003740;0.198889
588;-0.092122;-0.006075;0.020902
589;-0.088348;0.022855;-0.047217
590;0.042753;0.021157;0.066497
591;-0.041620;-0.039441;0.026508
592;0.046925;-0.189726;0.040116
593;-0.190995;-0.060356;0.198626
594;-0.289820;-0.181006;0.226690
595;-0.323155;-0.201274;0.269121
596;-0.659289;-0.657758;0.493231
597;-1.037410;-0.674370;0.954093
598;-0.528736;-0.058277;0.396982
599;0.111614;-0.693726;0.032486
600;0.306086;0.427086;-0.049592
601;-0.276320;0.557436;0.276994
602;0.168089;0.364665;0.038006
603;-0.025352;0.777851;-0.141272
604;-0.377111;0.563293;-0.195420
605;-0.022902;0.207402;-0.139415
606;0.310387;-0.434392;-0.004132
607;0.327608;-0.696723;-0.094869
608;0.489309;-0.431344;-0.438540
609;0.405404;-0.467902;-0.180399
610;0.282949;-0.150963;-0.506572
611;-0.397633;-0.359030;0.603392
612;0.873922;-0.021486;-0.384929
613;0.853402;-0.177039;-0.348912
614;0.044384;-0.129538;-0.023536
615;-0.480244;0.077051;-0.188589
616;0.463504;-0.083419;0.155605
617;0.156583;0.013561;-0.070780
618;-0.306501;-0.028264;-0.053126
619;0.242945;-0.045926;0.058591
620;-0.030451;-0.017919;-0.090030
621;0.105144;-0.125729;-0.026461
622;-0.063505;-0.171675;0.064642
623;-0.283646;-0.062899;0.210240
624;-0.261144;-0.185711;0.274427
625;-0.469536;-0.190207;0.353108
626;-0.659980;-0.655589;0.395043
627;-0.975426;-0.537982;0.703175
628;-0.679904;0.019517;0.577252
629;-0.015056;-0.398699;-0.074163
630;0.076759;0.114685;0.372337
631;-0.366138;0.266173;0.141485
632;0.015965;0.314786;-0.150576
633;-0.164572;0.439583;-0.076725
634;0.080909;0.355865;-0.098327
635;0.143764;0.223754;-0.176353
636;0.108608;-0.098337;-0.310123
637;0.328781;-0.511673;-0.186023
638;0.115271;-0.602804;-0.289693
639;0.535331;-0.462537;-0.194552
640;0.614140;-0.256474;-0.543233
641;-0.997579;-0.527144;0.257110
642;1.099937;-0.150851;-0.659049
643;0.620166;-0.058580;-0.232483
644;0.239107;-0.110873;0.154906
645;-0.317090;0.061654;-0.260806
646;0.059363;-0.077570;0.090588
647;0.287072;0.010467;0.114279
648;-0.144908;0.020088;0.001905
649;-0.038219;-0.051691;0.029552
650;-0.062770;0.014759;0.074464
651;0.081277;-0.044697;-0.003196
652;-0.031520;-0.175454;-0.048116
653;-0.120764;-0.108465;0.111362
654;-0.288445;-0.172383;0.193071
655;-0.387962;-0.169018;0.364301
656;-0.605058;-0.482513;0.630303
657;-0.898024;-0.578598;0.624443
658;-0.870093;-0.168521;0.448817
659;0.017463;-0.308082;-0.059210
660;0.512322;0.070094;0.175043
661;-0.217346;0.501376;0.253270
662;0.071568;0.455688;-0.104093
663;-0.057035;0.596632;0.017178
664;0.004837;0.298115;-0.095682
665;0.150851;0.163387;-0.153193
666;-0.027300;-0.072167;-0.309954
667;0.584656;-0.307736;-0.168644
668;0.396756;-0.536330;-0.298711
669;0.464628;-0.364806;-0.476851
670;0.710123;-0.299670;-0.342084
671;-0.468097;-0.402719;0.513218
672;0.284624;-0.296717;-0.611823
673;0.503634;0.003361;-0.133056
674;0.625956;-0.091650;0.276937
675;-0.249659;0.015508;-0.184909
676;-0.231369;-0.068115;-0.013016
677;0.354799;0.037930;0.177577
678;0.023729;0.051057;-0.022154
679;-0.078298;-0.039454;-0.080413
680;0.042744;0.001904;0.013704
681;0.030909;-0.051866;0.020846
682;0.001025;-0.153201;0.055073
683;-0.187292;-0.122207;0.133158
684;-0.454890;-0.114528;0.280371
685;-0.433832;-0.235812;0.485206
686;-0.800925;-0.703104;0.561231
687;-0.975222;-0.634045;0.885604
688;-0.655786;-0.085792;0.433815
689;-0.021839;-0.589512;-0.310108
690;-0.034824;0.720149;0.238788
691;0.046307;0.143992;0.071553
692;0.058679;0.740432;-0.153483
693;-0.225804;0.637262;-0.149805
694;0.054507;0.379417;-0.190114
695;0.293108;-0.216343;-0.122531
696;0.305389;-0.385090;-0.248618
697;0.302256;-0.765762;-0.147567
698;0.418494;-0.359153;-0.195101
699;0.414768;-0.286187;-0.519640
700;0.207006;-0.390119;0.226041
701;0.189334;-0.310548;-0.395222
702;1.027501;0.168099;-0.330713
703;0.259551;-0.244882;0.024579
704;-0.238588;0.071707;-0.342270
705;0.508778;-0.094264;0.057364
706;0.148700;0.021139;-0.102377
707;-0.234395;0.018029;-0.086797
708;0.103609;0.051310;0.080486
709;-0.187613;0.004151;0.070037
710;0.068756;-0.049666;0.002030
711;-0.044979;-0.124126;0.092989
712;-0.125947;-0.173027;0.081497
713;-0.354902;-0.144768;0.175076
714;-0.422199;-0.221148;0.391361
715;-0.599817;-0.471298;0.528844
716;-0.721211;-0.641006;0.590852
717;-0.776016;-0.017488;0.430984
718;-0.352168;-0.330524;0.066996
719;0.528288;-0.014277;0.118481
720;-0.326370;0.544591;0.182292
721;-0.042572;0.325032;-0.218734
722;-0.051486;0.803326;-0.111916
723;-0.073777;0.375661;-0.093316
724;0.135058;0.196859;-0.189485
725;0.022899;-0.301654;-0.371251
726;0.515936;-0.999753;-0.082321
727;0.487247;-0.283986;-0.488827
728;0.832485;-0.507401;0.172692
729;0.639200;-0.071394;-0.627384
730;-2.178153;-0.691704;-0.323313
731;1.391703;-0.116408;-0.350255
732;0.529447;0.057768;0.239771
733;0.358478;-0.148513;0.083372
734;-0.510994;0.015619;-0.467131
735;-0.114699;-0.120982;0.054572
736;0.475534;0.035419;0.314782
737;-0.255018;0.018183;-0.067864
738;-0.119968;-0.038208;-0.013858
739;0.013684;-0.004262;0.058439
740;0.054190;-0.071165;-0.008081
741;-0.110760;-0.084080;0.108913
742;-0.012477;-0.177696;0.144525
743;-0.229945;-0.206587;0.201175
744;-0.538435;-0.325864;0.466643
745;-0.793657;-0.488776;0.343663
746;-1.153810;-0.545133;0.665445
747;-0.447615;-0.177667;0.285499
748;0.540913;-0.205231;0.110191
749;-0.237437;0.579180;0.251560
750;-0.286898;0.274926;-0.066179
751;0.100135;0.745223;-0.053318
752;-0.011548;0.463305;0.024011
753;0.355828;0.341106;-0.055200
754;0.246529;-0.026674;-0.263827
755;0.172124;-0.716287;-0.214807
756;-0.014959;-0.544436;-0.272383
757;0.575591;-0.469838;-0.187022
758;0.607604;-0.262250;-0.468948
759;-0.566315;-0.788631;0.424775
760;0.079752;0.184509;-0.410989
761;1.516438;0.053792;0.015620
762;0.676760;-0.098879;0.337003
763;-0.485246;-0.050958;-0.430363
764;-0.357508;0.002535;-0.304987
765;0.569145;-0.028816;0.167992
766;0.106372;0.053258;0.078361
767;-0.308370;0.014446;-0.104305
768;0.194444;0.010747;0.015509
769;-0.005772;-0.047084;-0.007843
770;-0.046669;-0.113058;0.062244
771;-0.108423;-0.202137;0.202607
772;-0.305533;-0.265954;0.325900
773;-0.591560;-0.313845;0.369641
774;-0.812015;-0.606717;0.432108
775;-1.021572;-0.638218;0.668464
776;-0.392394;0.118783;0.230533
777;0.281427;-0.338860;-0.085293
778;0.082686;0.491526;0.076651
779;-0.256092;0.471250;0.170636
780;0.283570;0.457343;-0.057486
781;-0.072897;0.619997;0.019568
782;0.002229;0.212237;-0.183408
783;0.024441;0.020897;-0.222184
784;0.459745;-0.456331;-0.016088
785;0.434589;-0.450624;-0.135274
786;0.402113;-0.382476;-0.261832
787;0.110964;-0.404781;-0.309908
788;0.345505;-0.087463;-0.479992
789;-1.296340;-0.584083;0.232763
790;1.259293;0.138539;-0.367124
791;1.189921;0.028624;-0.200680
792;0.247508;-0.275423;0.058436
793;-0.790273;0.141418;-0.353632
794;0.385813;-0.175422;0.283066
795;0.103689;0.073585;0.118286
796;-0.184238;0.036382;-0.104115
797;0.122510;-0.034142;0.001353
798;-0.070775;-0.026969;-0.014106
799;0.007385;-0.051024;0.016493
800;0.115349;-0.089523;0.030043
801;-0.090918;-0.163480;0.048713
802;-0.315323;-0.123878;0.160182
803;-0.404728;-0.150386;0.320458
804;-0.606068;-0.510897;0.526977
805;-0.654345;-0.626753;0.506137
806;-0.956245;-0.104716;0.556683
807;-0.523583;-0.430986;0.198146
808;0.496983;-0.099786;-0.461250
809;-0.580643;0.659438;0.273096
810;0.269030;0.266716;0.093341
811;0.577652;0.668448;0.221234
812;0.187754;0.545510;0.026662
813;-0.168503;0.497362;-0.392226
814;-0.508652;-0.197252;-0.546502
815;0.834521;-0.813358;0.196779
816;0.748424;-0.378746;-0.357580
817;0.719987;-0.506213;-0.054778
818;0.355958;-0.172906;-0.603250
819;-0.505510;-0.187328;0.693216
820;0.601539;-0.059591;-0.652177
821;0.692179;0.071799;-0.092778
822;0.645301;-0.143273;0.106076
823;-0.563080;-0.033858;-0.539660
824;-0.061982;-0.134591;-0.048694
825;0.518213;0.063941;0.149640
826;-0.179813;-0.010048;-0.056267
827;0.031602;0.012687;-0.008929
828;-0.008338;-0.027355;0.029795
829;0.004571;-0.067420;0.000487
830;-0.034859;-0.133181;0.067271
831;-0.054036;-0.168288;0.106420
832;-0.234850;-0.172356;0.202840
833;-0.472607;-0.191334;0.366043
834;-0.885509;-0.462020;0.602912
835;-0.932703;-0.757960;0.629766
836;-0.641217;-0.081264;0.342936
837;0.131315;-0.547487;-0.112683
838;0.038920;0.454693;0.211226
839;-0.393811;0.247132;0.084482
840;0.017829;0.615560;-0.135131
841;-0.021464;0.485466;0.001225
842;0.104718;0.433375;-0.070683
843;0.223573;0.140193;-0.204623
844;0.037827;-0.411434;-0.366786
845;0.253051;-0.779701;-0.193589
846;-0.073554;-0.368565;-0.839455
847;0.616756;-0.515930;0.023304
848;0.527539;0.028311;-0.609550
849;-1.757446;-0.753424;0.155857
850;1.509746;0.176860;-0.302732
851;0.707276;0.056069;-0.229475
852;0.065841;-0.247736;0.080529
853;-0.249719;0.079859;-0.394629
854;0.166554;-0.061427;0.001065
855;0.234624;-0.042621;0.111892
856;-0.148271;0.029765;-0.055665
857;-0.028745;-0.017230;0.009882
858;-0.010260;-0.061123;0.002856
859;-0.040515;-0.127720;0.014827
860;-0.027625;-0.183286;0.066806
861;-0.188982;-0.162881;0.174916
862;-0.399035;-0.211936;0.272957
863;-0.594336;-0.355288;0.486381
864;-0.899446;-0.623717;0.833540
865;-0.931442;-0.135453;0.480105
866;-0.324232;-0.233853;0.208967
867;0.743616;-0.273489;-0.090100
868;-0.468765;0.591705;0.183110
869;-0.286859;0.487212;-0.251180
870;0.525249;0.561957;0.106498
871;0.160191;0.543506;0.155953
872;0.203920;0.334759;-0.297734
873;-0.360385;0.015571;-0.281589
874;0.669354;-0.694022;0.007165
875;0.510978;-0.658102;-0.215359
876;0.090690;-0.486598;-0.554963
877;0.834587;-0.293802;-0.475646
878;0.092499;-0.196068;0.641635
879;0.204817;-0.289579;-0.925233
880;1.010721;0.144406;-0.317383
881;0.908028;-0.144212;0.167206
882;-0.461696;0.009406;-0.345084
883;-0.178322;-0.021670;-0.151888
884;0.380567;0.154163;0.194033
885;0.119632;-0.064949;0.062237
886;-0.325814;0.042218;-0.129831
887;0.242623;0.024700;0.012827
888;-0.006045;-0.027544;-0.010614
889;-0.045890;-0.069305;-0.038873
890;0.015291;-0.151909;0.097817
891;-0.089765;-0.179837;0.140323
892;-0.367883;-0.213085;0.218342
893;-0.573901;-0.618963;0.493383
894;-0.840327;-0.829048;0.637099
895;-0.962281;-0.013848;0.478392
896;-0.353423;-0.154214;0.302526
897;0.621738;-0.187385;-0.135567
898;-0.151292;0.690149;0.329916
899;-0.007465;0.094302;0.072435
900;0.098960;0.819081;-0.152942
901;-0.308079;0.516539;-0.100022
902;0.149548;0.409080;-0.134905
903;0.408233;-0.152577;-0.082590
904;0.255976;-0.626706;-0.265376
905;-0.152827;-0.730803;-0.216282
906;0.867229;-0.557885;-0.213824
907;0.340472;-0.311920;-0.512256
908;0.202635;0.045051;0.458284
909;-0.076553;-0.110549;-0.476006
910;1.421781;-0.107343;-0.008978
911;0.850388;0.181990;0.031454
912;-0.585396;-0.087739;-0.220538
913;0.012639;0.115985;-0.157573
914;0.576760;-0.036301;0.259458
915;-0.302182;0.037478;-0.019138
916;-0.056956;0.044000;0.025195
917;0.126925;0.039756;0.008984
918;-0.090796;-0.033244;-0.022618
919;-0.026526;-0.136507;-0.048923
920;-0.137677;-0.168631;0.108099
921;-0.149294;-0.177062;0.167002
922;-0.343632;-0.192502;0.326417
923;-0.532600;-0.321467;0.421551
924;-1.052209;-0.734215;0.914966
925;-0.849859;-0.145905;0.451168
926;-0.237628;-0.269041;-0.198420
927;0.432392;0.071346;0.136569
928;-0.206758;0.685414;0.191308
929;0.156312;0.235484;-0.029152
930;-0.076435;0.810386;-0.155528
931;-0.075986;0.382591;-0.179489
932;0.166458;0.065011;-0.150331
933;0.124194;-0.317233;-0.282475
934;0.529101;-0.642685;-0.019694
935;0.762805;-0.443912;-0.547097
936;0.370601;-0.399987;-0.224481
937;0.583595;-0.029418;-0.736444
938;-2.105345;-0.994551;-0.117590
939;1.555104;-0.076769;-0.057906
940;-0.020975;0.268543;-0.048026
941;0.146037;-0.008715;-0.219375
942;0.070759;-0.002291;-0.220731
943;0.280599;-0.025704;0.062206
944;-0.076954;-0.024390;-0.088562
945;0.204319;-0.011284;-0.079530
946;-0.070406;-0.037079;-0.008523
947;-0.008465;0.005629;0.052792
948;0.016191;-0.006356;0.014048
949;-0.013300;-0.077239;-0.001051
950;-0.088670;-0.157615;0.102777
951;-0.308468;-0.166663;0.258785
952;-0.477892;-0.235431;0.349389
953;-0.766181;-0.546359;0.544573
954;-0.840293;-0.555254;0.443462
955;-0.822983;-0.053866;0.441746
956;0.339299;-0.501359;0.121520
957;-0.275844;0.427897;0.281413
958;-0.194714;0.079851;0.014249
959;0.180485;0.568048;0.054454
960;0.066756;0.413610;-0.009554
961;0.041315;0.481736;-0.141912
962;0.222442;0.078613;-0.355412
963;0.201503;-0.432856;-0.327784
964;0.580469;-0.571044;-0.184624
965;0.544443;-0.375598;-0.393700
966;0.786421;-0.308756;-0.189823
967;-0.079795;-0.891324;0.559721
968;-0.414366;0.082565;-0.399198
969;1.347774;0.009061;-0.163339
970;0.644388;0.033783;0.114741
971;-0.691407;-0.075957;-0.257380
972;0.191001;-0.032903;0.007095
973;0.441036;0.001881;0.117606
974;-0.298861;-0.007955;-0.124310
975;0.157988;0.008732;-0.013401
976;-0.002850;0.003290;-0.073197
977;0.077528;-0.099359;-0.045594
978;-0.123255;-0.219433;-0.024995
979;-0.126730;-0.167386;0.122612
980;-0.089118;-0.126026;0.247804
981;-0.271782;-0.137593;0.382174
982;-0.779721;-0.593541;0.530647
983;-0.950001;-0.644771;0.698914
984;-0.762180;-0.033506;0.668118
985;0.123458;-0.572758;0.076465
986;-0.059468;0.265487;0.043723
987;-0.346893;0.350452;0.053496
988;-0.041475;0.371583;-0.142501
989;-0.150328;0.610468;-0.113273
990;-0.061010;0.489084;-0.141023
991;0.289957;0.134295;-0.055159
992;0.103479;-0.167373;-0.311628
993;0.351381;-0.605544;0.081243
994;0.473585;-0.486029;-0.456805
995;0.442467;-0.490709;-0.225734
996;0.469142;-0.097067;-0.661565
997;-1.006832;-0.591586;0.007529
998;1.498148;0.114876;-0.295767
999;0.522236;0.060817;-0.215588
1000;-0.299331;-0.042526;-0.164337
1001;0.090352;0.004334;-0.096846
1002;0.326606;-0.075768;0.136927
1003;-0.262433;0.004057;-0.041630
1004;0.231048;-0.011567;-0.063685
1005;-0.051503;-0.001889;-0.047587
1006;0.018343;-0.053056;-0.009988
1007;0.008723;-0.085804;0.018542
1008;-0.060083;-0.101961;0.069447
1009;-0.195273;-0.121744;0.142078
1010;-0.372477;-0.113481;0.247490
1011;-0.392295;-0.283702;0.427400
1012;-0.818429;-0.537544;0.619196
1013;-1.054849;-0.328168;0.748535
1014;-0.467134;-0.101396;0.269168
1015;0.350982;-0.350587;-0.010573
1016;-0.343664;0.556929;0.177738
1017;-0.251707;0.097933;-0.271512
1018;0.149902;0.702876;0.018047
1019;0.323350;0.303326;0.168839
1020;0.360376;0.405362;-0.116841
1021;-0.127812;0.103561;-0.431521
1022;0.441729;-0.565142;-0.238693
1023;0.598382;-0.506388;-0.186563
1024;0.442188;-0.318972;-0.355375
1025;0.561954;-0.361078;-0.349502
1026;-0.156024;-0.483955;0.389319
1027;0.528143;0.244236;-0.516954
1028;1.132603;0.144270;-0.255699
1029;0.365107;-0.388311;0.005981
1030;-0.517239;0.139611;-0.422862
1031;0.428779;-0.146319;0.078602
1032;0.319900;0.000775;0.072160
1033;-0.331790;0.058416;-0.101848
1034;0.163836;-0.042043;0.101655
1035;-0.009665;0.014294;-0.078355
1036;-0.143986;-0.078103;-0.033796
1037;0.074462;-0.181824;0.065921
1038;-0.232543;-0.211528;0.101951
1039;-0.330467;-0.201866;0.201658
1040;-0.318175;-0.212916;0.349729
1041;-0.835635;-0.592293;0.543672
1042;-1.121386;-0.731015;1.214610
1043;-0.495439;0.028366;0.366021
1044;-0.111492;-0.540303;-0.153780
1045;0.235788;0.286310;0.053963
1046;-0.359559;0.443067;0.058468
1047;0.147476;0.512892;-0.269849
1048;-0.185929;0.833648;-0.068489
1049;0.227734;0.271986;-0.016582
1050;0.344548;-0.081078;-0.483210
1051;-0.471359;-0.154672;-0.534684
1052;0.705603;-0.652147;-0.274943
1053;0.663857;-0.493563;-0.270368
1054;0.658420;-0.343694;-0.152524
1055;0.258663;-0.588585;-0.149820
1056;-1.073441;0.059810;-0.584208
1057;1.508446;0.136248;-0.092168
1058;0.615659;-0.016772;0.342362
1059;-0.185840;0.026446;-0.338879
1060;-0.153199;0.019340;-0.186470
1061;0.634843;-0.004275;0.071402
1062;-0.165506;-0.020595;-0.014187
1063;-0.051800;0.012812;0.002339
1064;0.090633;-0.028264;0.028940
1065;-0.102170;-0.087154;-0.040304
1066;-0.009535;-0.144394;0.040743
1067;-0.056565;-0.109083;0.067087
1068;-0.179331;-0.125588;0.166288
1069;-0.234519;-0.161920;0.254200
1070;-0.510639;-0.443859;0.501648
1071;-0.729620;-0.643009;0.711811
1072;-1.068226;-0.191882;0.498563
1073;-0.222079;-0.218276;0.159145
1074;0.485392;-0.073981;-0.128865
1075;-0.425962;0.582414;0.221021
1076;0.113047;0.263278;-0.130303
1077;0.033832;0.706744;-0.108957
1078;-0.114506;0.446019;-0.135160
1079;0.072838;0.334698;-0.219053
1080;0.106118;-0.205037;-0.191888
1081;0.560288;-0.683239;-0.141682
1082;0.478945;-0.509710;-0.415665
1083;0.778545;-0.482031;-0.195050
1084;0.429515;-0.078276;-0.721063
1085;-2.282700;-0.765065;-0.391049
1086;1.915858;0.092291;-0.034878
1087;0.664827;0.099702;0.318301
1088;-0.356898;-0.124284;-0.243413
1089;-0.282382;0.119869;-0.224854
1090;0.624184;-0.050246;0.198465
1091;-0.121760;-0.015614;-0.054349
1092;0.087795;-0.012025;-0.154598
1093;0.093070;-0.021011;-0.068348
1094;-0.034625;-0.034045;-0.091666
1095;-0.025430;-0.155482;0.100445
1096;-0.127560;-0.128161;0.154590
1097;-0.252204;-0.145375;0.211916
1098;-0.396562;-0.152694;0.247708
1099;-0.538819;-0.523090;0.339296
1100;-0.927828;-0.706167;0.428659
1101;-0.670164;0.032630;0.273646
1102;0.167749;-0.454132;-0.108293
1103;-0.191915;0.430613;0.099186
1104;0.000859;0.181173;0.026855
1105;0.010377;0.586505;-0.090690
1106;-0.048301;0.587916;-0.064044
1107;0.236934;0.422726;-0.063468
1108;0.333577;0.147190;-0.170569
1109;0.031573;-0.391267;-0.395622
1110;0.303245;-0.730694;0.087571
1111;0.085705;-0.346593;-0.672746
1112;0.504816;-0.448578;-0.090208
1113;0.337696;-0.106723;-0.599578
1114;-1.123865;-0.438412;-0.515423
1115;1.629852;-0.020788;0.016752
1116;0.263428;-0.091593;0.047230
1117;-0.422162;0.069478;-0.132839
1118;0.271821;-0.088434;0.112383
1119;0.245828;-0.019855;0.035661
1120;-0.221914;0.052597;-0.065486
1121;0.318738;0.018302;0.021179
1122;-0.052443;-0.076193;-0.157758
1123;-0.043920;-0.050749;-0.062612
1124;0.052688;-0.084650;0.028917
1125;-0.041719;-0.185859;0.048414
1126;-0.285397;-0.095475;0.154788
1127;-0.345536;-0.155392;0.337048
1128;-0.476193;-0.256610;0.373821
1129;-0.859932;-0.674482;0.463550
1130;-0.861777;-0.328592;0.584893
1131;-0.600709;-0.124809;0.104971
1132;0.536445;-0.290664;0.069105
1133;-0.215684;0.683002;0.286444
1134;0.030632;0.062478;-0.072105
1135;-0.054507;0.876017;-0.103901
1136;-0.176035;0.455447;-0.234617
1137;0.241435;0.267815;-0.113531
1138;0.065289;-0.302049;-0.377524
1139;0.225867;-0.635675;-0.015072
1140;0.792568;-0.439055;-0.421497
1141;0.588915;-0.432434;-0.155495
1142;0.355645;-0.063428;-0.560150
1143;-2.024008;-0.951846;-0.244377
1144;1.832835;-0.081874;-0.203105
1145;0.205039;0.179717;0.360919
1146;0.336702;0.047336;-0.304187
1147;-0.082448;-0.068482;-0.249101
1148;0.190477;0.026294;-0.045711
1149;0.108945;-0.006800;0.022733
1150;0.049018;0.000865;-0.045647
1151;-0.042768;-0.010539;0.005635
1152;-0.028103;0.007886;0.037495
1153;0.078221;-0.094755;0.004793
1154;-0.120781;-0.152659;0.061717
1155;-0.144339;-0.216098;0.121403
1156;-0.334481;-0.198720;0.225162
1157;-0.576078;-0.431062;0.465465
1158;-0.827458;-0.684408;0.705602
1159;-0.788657;-0.144421;0.501253
1160;-0.134878;-0.490356;0.106502
1161;0.045259;0.103215;-0.074641
1162;0.271483;0.441616;0.045856
1163;-0.312954;0.485904;0.099732
1164;-0.012398;0.717618;-0.131585
1165;-0.097769;0.681070;-0.205894
1166;-0.135710;0.341154;-0.149800
1167;0.336937;-0.207347;-0.374921
1168;0.746392;-0.499420;-0.128570
1169;0.428044;-0.534488;-0.361893
1170;0.649022;-0.490753;-0.332793
1171;0.614890;-0.331061;-0.472102
1172;-1.803094;-0.455137;-0.395342
1173;1.637706;0.042891;-0.285969
1174;0.451532;0.009086;0.219471
1175;-0.187846;0.016811;-0.244770
1176;0.077946;0.017217;-0.010535
1177;0.266938;0.019963;0.139165
1178;-0.173367;0.002135;-0.024670
1179;0.135513;-0.028611;-0.060071
1180;-0.093845;-0.036932;-0.075395
1181;0.115980;-0.062055;-0.024057
1182;0.019795;-0.150319;-0.074078
1183;-0.069813;-0.124935;0.083457
1184;-0.303837;-0.146854;0.285888
1185;-0.436141;-0.181824;0.385514
1186;-0.760216;-0.738621;0.441853
1187;-1.067571;-0.881148;0.888428
1188;-0.500638;-0.019667;0.275418
1189;-0.039010;-0.433156;-0.204767
1190;-0.011761;0.310710;-0.153514
1191;-0.616445;0.705183;0.132563
1192;0.439985;0.302777;-0.029781
1193;0.186727;0.676809;0.074770
1194;0.083956;0.342451;-0.207918
1195;-0.139586;0.197180;-0.418700
1196;0.377464;-0.543548;-0.086386
1197;0.411070;-0.617414;-0.299570
1198;-0.205957;-0.390899;-0.673197
1199;0.742238;-0.452231;-0.121769
1200;0.549358;-0.140210;-0.203063
1201;-0.934687;-0.314345;-0.462542
1202;1.493904;0.314746;-0.254082
1203;0.725826;-0.158026;0.172678
1204;-0.267063;0.091392;-0.284757
1205;0.011311;-0.039219;0.002561
1206;0.488141;0.019591;0.101926
1207;-0.173088;0.012618;-0.116849
1208;0.119446;-0.020691;-0.133676
1209;-0.026031;-0.031169;-0.055046
1210;-0.030606;-0.059858;-0.045098
1211;0.015450;-0.129771;-0.025480
1212;-0.111245;-0.165806;0.113704
1213;-0.127148;-0.188442;0.225020
1214;-0.413064;-0.189643;0.356247
1215;-0.691039;-0.588833;0.513595
1216;-0.866844;-0.773568;0.992196
1217;-0.543049;0.108462;0.368684
1218;0.467518;-0.383800;-0.212089
1219;-0.066885;0.526021;0.304261
1220;-0.738464;0.047755;-0.271256
1221;-0.188696;0.996207;-0.348768
1222;-0.158433;0.374179;0.042269
1223;0.527076;0.283146;0.132440
1224;0.343677;0.001895;-0.273374
1225;-0.328265;-0.227800;-0.440294
1226;0.294100;-0.595186;-0.164729
1227;0.310827;-0.499742;-0.396885
1228;0.646426;-0.389706;-0.161068
1229;0.564084;-0.204444;-0.434471
1230;-0.782854;-0.283745;0.247765
1231;0.813453;-0.147779;-0.505302
1232;0.660820;0.026498;-0.274352
1233;0.335879;-0.183621;0.232195
1234;-0.157023;0.037494;-0.285045
1235;-0.172844;-0.043548;0.002385
1236;0.317138;0.030127;0.118928
1237;0.050750;0.028782;-0.020981
1238;-0.194470;0.023580;-0.069261
1239;0.032704;0.050920;0.051340
1240;0.079685;-0.083940;-0.032549
1241;0.069828;-0.125894;-0.111831
1242;-0.026312;-0.139470;0.016325
1243;-0.201169;-0.182932;0.205191
1244;-0.321948;-0.254870;0.392534
1245;-0.535734;-0.515181;0.678321
1246;-1.162718;-0.543266;0.891625
1247;-0.608527;-0.052928;0.350305
1248;0.096058;-0.410408;-0.195395
1249;-0.094870;0.468493;0.030023
1250;-0.154486;0.418445;0.186958
1251;0.352272;0.448485;-0.089865
1252;-0.011216;0.703015;-0.103933
1253;0.019292;0.404782;-0.196450
1254;0.192653;0.053344;-0.253881
1255;0.152501;-0.332621;-0.370129
1256;0.168443;-0.590218;-0.191634
1257;0.472818;-0.470888;-0.461915
1258;0.581099;-0.516553;-0.207069
1259;0.563596;-0.391305;0.038705
1260;-0.671291;-0.310722;-0.423189
1261;1.264069;0.307424;-0.222189
1262;0.662294;-0.057233;0.086554
1263;-0.127905;0.011491;-0.230120
1264;-0.077153;0.021000;-0.234921
1265;0.458091;-0.039417;0.040199
1266;0.020905;-0.034662;-0.015617
1267;-0.156644;0.003581;-0.042351
1268;0.076286;0.001429;0.024924
1269;-0.015610;-0.040908;0.016327
1270;-0.056983;-0.081278;-0.015831
1271;-0.037140;-0.164623;0.067570
1272;-0.099376;-0.213879;0.124343
1273;-0.383713;-0.209080;0.258699
1274;-0.588869;-0.590151;0.470120
1275;-0.822030;-0.709642;0.683705
1276;-0.770867;-0.010514;0.424394
1277;-0.023833;-0.376441;-0.148016
1278;0.204997;0.350590;0.227701
1279;-0.098943;0.228053;0.168959
1280;-0.043669;0.631500;-0.183579
1281;-0.135649;0.667374;-0.164272
1282;0.111653;0.389950;-0.088819
1283;0.346401;0.020633;-0.139240
1284;0.037712;-0.288292;-0.406691
1285;0.421091;-0.580240;-0.142325
1286;0.622627;-0.511419;-0.345733
1287;0.671032;-0.464484;-0.152391
1288;0.429910;-0.175614;-0.554677
1289;-2.172893;-0.602869;-0.583470
1290;1.632253;-0.034098;-0.053816
1291;0.575118;0.118988;0.154155
1292;-0.187564;-0.006648;-0.347343
1293;-0.298238;0.087696;-0.141347
1294;0.649952;-0.071465;0.211583
1295;-0.324764;0.014919;-0.102455
1296;0.194420;0.007257;-0.095747
1297;0.003285;-0.009209;-0.014402
1298;-0.065459;-0.000087;-0.017362
1299;0.109050;-0.079592;0.036785
1300;0.000221;-0.149082;-0.041596
1301;-0.152116;-0.213977;0.059341
1302;-0.364489;-0.143720;0.296123
1303;-0.510647;-0.207411;0.531046
1304;-0.802477;-0.491074;0.603663
1305;-0.957389;-0.533927;0.814338
1306;-0.412495;-0.038875;0.165002
1307;0.547202;-0.320636;0.106719
1308;-0.200415;0.561342;0.273861
1309;-0.140563;0.097233;-0.120135
1310;-0.032317;0.763138;-0.161291
1311;-0.166395;0.361182;-0.087129
1312;0.261236;0.291941;-0.148129
1313;0.161305;-0.019875;-0.226837
1314;0.364480;-0.307603;-0.209634
1315;0.514300;-0.541012;-0.136834
1316;0.130189;-0.418687;-0.522747
1317;0.506850;-0.308940;-0.484961
1318;0.373889;-0.316861;-0.258881
1319;-0.593792;-0.406807;-0.288679
1320;1.630624;0.160870;-0.325924
1321;0.160715;-0.446941;0.035602
1322;-0.003129;0.269090;-0.399128
1323;0.349497;-0.196396;0.122514
1324;0.212188;0.049821;-0.023203
1325;-0.154869;0.024147;-0.093941
1326;0.171053;-0.013022;-0.086916
1327;-0.157809;-0.021986;-0.006132
1328;0.035162;-0.012476;0.041928
1329;-0.102089;-0.113442;0.001681
1330;-0.139000;-0.115342;0.081462
1331;-0.089281;-0.144505;0.140599
1332;-0.257738;-0.210150;0.265927
1333;-0.733272;-0.592739;0.446799
1334;-0.829506;-0.510348;0.483449
1335;-0.668892;-0.065851;0.681042
1336;0.021085;-0.478248;0.043703
1337;0.073891;0.253335;0.166482
1338;-0.277519;0.229609;0.119015
1339;-0.088660;0.488190;-0.235196
1340;-0.046876;0.566186;-0.060216
1341;0.269900;0.389322;-0.009480
1342;0.329803;0.205239;-0.148251
1343;-0.050683;-0.167273;-0.404892
1344;0.494882;-0.707971;-0.091467
1345;0.495835;-0.526651;-0.570763
1346;0.759589;-0.382307;-0.272111
1347;0.736671;-0.068062;-0.644022
1348;-1.837354;-0.537882;-0.335699
1349;1.600245;0.214284;-0.040169
1350;0.660691;-0.047020;0.318846
1351;-0.289024;0.075195;-0.388458
1352;0.077239;-0.044963;-0.109386
1353;0.595687;0.005865;0.015970
1354;-0.290857;-0.037378;-0.147478
1355;0.221454;-0.014808;-0.061106
1356;-0.021427;-0.019099;0.001731
1357;-0.029773;-0.042529;-0.012839
1358;0.003239;-0.146068;0.010246
1359;-0.080803;-0.132361;0.102716
1360;-0.114631;-0.153028;0.090367
1361;-0.288337;-0.162098;0.208768
1362;-0.726278;-0.530240;0.581436
1363;-0.795570;-0.541238;0.650775
1364;-0.867815;-0.114090;0.648464
1365;-0.354326;-0.360383;0.114223
1366;0.455435;-0.018160;0.093504
1367;-0.305893;0.547125;0.213942
1368;0.106888;0.159748;-0.205602
1369;-0.236462;0.714593;-0.131355
1370;-0.119709;0.355320;-0.157143
1371;0.180082;0.181561;-0.176343
1372;0.038586;-0.083678;-0.246628
1373;0.443333;-0.451134;-0.286452
1374;0.396912;-0.518123;-0.393250
1375;0.515255;-0.396860;-0.379842
1376;0.848832;-0.183673;-0.542114
1377;-1.548082;-0.672189;0.018229
1378;1.098743;-0.170131;-0.419587
1379;0.760189;0.148881;0.231387
1380;0.447955;-0.167013;-0.046430
1381;-0.878671;0.125781;-0.415298
1382;0.599417;-0.152210;0.156063
1383;0.216369;-0.005040;0.044158
1384;-0.262565;0.012381;-0.157522
1385;0.317230;-0.060773;0.028251
1386;-0.121802;-0.009848;-0.020666
1387;0.003239;-0.073321;0.011588
1388;-0.097688;-0.116922;0.025709
1389;-0.210182;-0.131729;0.106836
1390;-0.072562;-0.190029;0.161225
1391;-0.408069;-0.203968;0.314883
1392;-0.916505;-0.717287;0.515636
1393;-1.174167;-0.539218;0.909602
1394;-0.399362;0.055789;0.242298
1395;0.575276;-0.494604;0.069627
1396;-0.231418;0.555629;0.215056
1397;-0.211315;0.059300;-0.136591
1398;-0.081152;0.775190;-0.245301
1399;-0.117523;0.380137;-0.115454
1400;0.230438;0.288770;-0.178619
1401;0.130585;-0.020698;-0.339034
1402;0.362979;-0.404412;-0.342499
1403;0.604147;-0.518050;-0.254278
1404;0.540737;-0.419118;-0.465287
1405;0.711641;-0.371327;-0.225258
1406;0.480765;-0.318788;-0.143702
1407;-0.830694;-0.073146;-0.540591
1408;1.588317;-0.023805;-0.248137
1409;0.413481;0.130810;0.102474
1410;-0.355083;0.033195;-0.199483
1411;0.209834;-0.012474;0.066770
1412;0.247186;0.044388;0.127333
1413;-0.220044;-0.002874;-0.032127
1414;0.100827;-0.000639;-0.004531
1415;-0.042969;0.019785;-0.040755
1416;-0.003140;0.014642;0.011215
1417;0.112252;-0.042111;-0.038809
1418;-0.053364;-0.169920;-0.040359
1419;-0.174171;-0.175888;0.066559
1420;-0.299943;-0.130563;0.206263
1421;-0.342993;-0.160248;0.325557
1422;-0.778319;-0.538000;0.511109
1423;-1.059083;-0.609616;0.916726
1424;-0.554691;-0.097369;0.439660
1425;0.528670;-0.601479;-0.091625
1426;-0.056593;0.574869;0.155394
1427;-0.106635;0.180672;0.093592
1428;0.115872;0.710384;-0.146040
1429;-0.193714;0.549749;-0.148619
1430;0.067060;0.365457;-0.170106
1431;0.201882;-0.036368;-0.204996
1432;0.353655;-0.365271;-0.241673
1433;0.251476;-0.592119;-0.240368
1434;0.777846;-0.397993;-0.329080
1435;0.623353;-0.344860;-0.364412
1436;-0.384412;-0.800311;0.624269
1437;0.301364;0.048931;-0.571279
1438;1.186517;-0.027819;-0.115241
1439;0.347823;-0.235945;0.157020
1440;-0.469124;0.082573;-0.414372
1441;0.267349;-0.089613;0.104852
1442;0.318138;0.096618;0.070112
1443;-0.197456;-0.002655;-0.130481
1444;0.176688;-0.024095;-0.062659
1445;0.046362;-0.014151;-0.057815
1446;0.030619;-0.124305;-0.018924
1447;-0.125015;-0.282921;0.162983
1448;-0.263810;-0.191903;0.300022
1449;-0.404372;-0.271056;0.314430
1450;-0.551445;-0.404105;0.470836
1451;-0.841505;-0.464731;0.325602
1452;-0.476864;0.129201;0.187264
1453;0.262998;-0.424507;-0.149300
1454;-0.091320;0.556766;0.302831
1455;-0.039882;0.021030;-0.147618
1456;-0.275522;0.762870;-0.209746
1457;-0.176058;0.404126;-0.153031
1458;0.367489;0.243167;-0.045406
1459;0.140376;0.070703;-0.144012
1460;0.146199;-0.169362;-0.345365
1461;0.594485;-0.451690;-0.093216
1462;0.173427;-0.402011;-0.424579
1463;0.324605;-0.480272;-0.232483
1464;0.247810;-0.220979;-0.539538
1465;-1.297653;-0.120405;-0.304609
1466;1.691290;-0.189919;-0.142194
1467;0.512601;0.117724;-0.031782
1468;-0.219464;-0.199134;-0.191345
1469;-0.252412;0.113346;-0.327826
1470;0.628280;-0.163680;0.177921
1471;0.167624;-0.038603;-0.099950
1472;-0.215512;0.010451;-0.213127
1473;0.286049;-0.025183;0.011715
1474;-0.115599;0.001048;-0.021216
1475;0.023280;-0.092758;-0.020556
1476;-0.010261;-0.129371;0.059235
1477;-0.052612;-0.102388;0.094103
1478;-0.253169;-0.132544;0.172984
1479;-0.286192;-0.167161;0.249849
1480;-0.799527;-0.553128;0.357799
1481;-0.868749;-0.453935;0.544280
1482;-0.778937;-0.077257;0.502666
1483;-0.134324;-0.431143;0.169556
1484;0.174247;0.117854;0.323834
1485;-0.312411;0.133135;0.288211
1486;-0.142238;0.404620;-0.232124
1487;-0.162894;0.564018;-0.100563
1488;0.165650;0.411586;0.030888
1489;0.557731;0.202401;-0.023408
1490;0.006498;0.056724;-0.506715
1491;0.261227;-0.553271;-0.238933
1492;0.520000;-0.698335;-0.332298
1493;0.435777;-0.357508;-0.420319
1494;0.827383;-0.190258;-0.417519
1495;-1.150633;-0.423193;0.299957
1496;1.123746;-0.205536;-0.543941
1497;0.776935;0.004648;-0.193807
1498;0.165271;-0.080630;0.146146
1499;-0.383720;0.031602;-0.297513
1500;0.202178;-0.119988;0.076257
1501;0.176016;0.063192;0.096162
1502;-0.069796;0.001779;-0.099088
1503;0.134302;-0.084955;-0.097246
1504;-0.066762;-0.045097;-0.005800
1505;0.139454;-0.075665;-0.020418
1506;-0.073047;-0.137539;0.012303
1507;-0.025380;-0.158470;0.121321
1508;-0.347567;-0.154131;0.262702
1509;-0.569152;-0.275975;0.453523
1510;-0.707863;-0.567679;0.453532
1511;-0.825841;-0.430135;0.764730
1512;-0.379059;-0.208679;0.225558
1513;0.233651;-0.155714;0.026261
1514;-0.260878;0.509055;0.157465
1515;-0.118647;0.245628;-0.167103
1516;-0.163010;0.744870;-0.170288
1517;-0.068676;0.363280;-0.105184
1518;0.292229;0.198583;-0.107521
1519;0.076300;-0.046365;-0.318658
1520;0.504347;-0.381685;-0.289312
1521;0.516459;-0.493702;-0.337057
1522;0.454785;-0.425683;-0.374292
1523;0.448181;-0.323882;-0.337563
1524;-0.107379;-0.480846;0.314089
1525;-0.067883;-0.029485;-0.263543
1526;1.377765;0.021200;-0.324160
1527;0.371695;-0.273005;0.275353
1528;-0.413952;0.130534;-0.369734
1529;0.123155;-0.141090;-0.041845
1530;0.415723;0.035794;0.030882
1531;-0.143958;0.050510;-0.126329
1532;0.128534;0.006075;-0.095364
1533;0.081557;-0.011171;-0.077940
1534;0.066347;-0.099590;-0.046546
1535;0.031890;-0.164939;0.046633
1536;-0.096429;-0.173854;0.136244
1537;-0.333352;-0.131684;0.240574
1538;-0.526607;-0.177007;0.520489
1539;-0.647727;-0.554015;0.486741
1540;-1.324695;-0.504149;0.757601
1541;-0.272393;-0.128650;0.161043
1542;0.559547;-0.032567;0.275430
1543;-0.300314;0.217355;0.021903
1544;-0.260286;0.607958;-0.199766
1545;-0.037613;0.537951;-0.062118
1546;0.113173;0.414718;-0.054507
1547;0.196808;0.217872;-0.154165
1548;-0.142138;-0.123214;-0.275691
1549;0.282037;-0.462914;-0.145806
1550;0.081906;-0.510016;-0.385034
1551;0.357306;-0.429040;-0.311607
1552;0.519709;-0.323873;-0.242059
1553;0.704716;0.091336;-0.533975
1554;-0.988361;-0.611626;-0.107534
1555;0.982319;0.097713;-0.230547
1556;0.859502;0.062857;-0.224716
1557;-0.056680;-0.041818;0.100387
1558;0.021025;0.016260;-0.338530
1559;0.140026;-0.063612;-0.049465
1560;0.208443;0.017187;0.051530
1561;-0.032275;0.005886;0.003843
1562;-0.092018;0.013819;-0.030513
1563;-0.075851;0.022575;0.067686
1564;0.139807;-0.046293;-0.080199
1565;-0.044633;-0.109489;-0.053450
1566;-0.070664;-0.170506;0.100983
1567;-0.168260;-0.236349;0.125562
1568;-0.292638;-0.227960;-0.037995
1569;-0.288579;-0.302038;0.163050
1570;-0.428628;-0.380466;0.356206
1571;-0.827700;-0.506160;0.626364
1572;-0.637503;0.047285;0.388493
1573;0.361348;-0.687167;-0.052200
1574;-0.154114;0.469897;0.320538
1575;-0.263379;-0.133273;-0.054477
1576;-0.122979;0.643998;-0.152940
1577;-0.085064;0.287323;-0.101282
1578;0.331472;0.243694;-0.032826
1579;0.222168;-0.023818;-0.201586
1580;0.129471;-0.221351;-0.245133
1581;0.699253;-0.341735;-0.204007
1582;0.533616;-0.305215;-0.343439
1583;0.598103;-0.097053;-0.374314
1584;0.614188;0.239356;-0.419872
1585;-0.006352;-1.147373;-0.326046
1586;0.006123;0.523996;-0.342974
1587;0.955009;-0.198968;-0.263599
1588;-0.101568;0.005851;0.015176
1589;0.127826;-0.049896;-0.182434
1590;0.149153;-0.018461;0.002292
1591;0.258413;-0.015769;0.000544
1592;-0.052009;-0.008167;-0.132382
1593;0.072383;-0.015924;-0.065937
1594;0.063947;0.001506;0.009384
1595;0.132517;-0.088013;-0.120245
1596;-0.049383;-0.160177;0.002399
1597;-0.159859;-0.185192;0.183000
1598;-0.609392;-0.159902;0.210502
1599;-0.371644;-0.209789;0.298945
1600;-0.646735;-0.404958;0.489163
1601;-0.598859;-0.450917;0.446390
1602;-0.623008;0.019630;0.479764
1603;-0.132280;-0.405143;0.072681
1604;0.242018;0.119585;0.130274
1605;-0.386999;0.342683;0.213518
1606;-0.104843;0.226359;-0.288438
1607;-0.139664;0.532710;-0.074385
1608;0.187741;0.325108;-0.053795
1609;0.332578;0.121318;-0.172571
1610;0.025355;-0.105313;-0.358812
1611;0.445539;-0.335015;-0.195221
1612;0.566038;-0.438848;-0.312200
1613;0.520381;-0.307636;-0.391982
1614;0.416307;-0.251026;-0.297320
1615;0.421082;-0.008904;-0.468079
1616;-0.281395;-0.587821;0.446131
1617;0.412223;0.075768;-0.327651
1618;0.634764;0.130929;-0.249891
1619;0.075719;-0.134817;0.061487
1620;0.053078;0.016699;-0.253446
1621;0.174973;-0.092489;-0.080954
1622;0.179799;-0.019527;-0.003241
1623;0.092879;0.013208;-0.066608
1624;0.093833;-0.023921;-0.054625
1625;-0.051370;0.006639;0.017517
1626;-0.059648;-0.000359;0.034924
1627;-0.018874;-0.053817;0.038027
1628;-0.019322;-0.099675;0.002087
1629;-0.099026;-0.143124;0.014624
1630;-0.177441;-0.193754;0.047224
1631;-0.124852;-0.152567;0.024381
1632;-0.240909;-0.129800;0.175687
1633;-0.766109;-0.435082;0.471058
1634;-0.748002;-0.403768;0.625219
1635;-0.545009;-0.008219;0.397252
1636;-0.019187;-0.498747;-0.000443
1637;0.148234;0.153353;0.149082
1638;-0.557126;0.346508;0.127914
1639;0.008339;0.274127;-0.262283
1640;-0.131269;0.438778;-0.059128
1641;0.272111;0.225836;-0.137868
1642;0.267777;0.096359;-0.190885
1643;0.101316;-0.105220;-0.395839
1644;0.587670;-0.313484;-0.281434
1645;0.542036;-0.327654;-0.312426
1646;0.454408;-0.260768;-0.478291
1647;0.387712;-0.233079;-0.337979
1648;0.377484;-0.046572;-0.361566
1649;0.414968;-0.052656;-0.015752
1650;-1.016848;-0.355977;-0.016991
1651;0.534849;0.006271;-0.281828
1652;0.248829;-0.032042;0.308826
1653;0.269028;0.100549;-0.112198
1654;-0.326496;-0.004513;-0.155936
1655;0.040531;-0.028642;0.038214
1656;0.234032;-0.007907;0.047769
1657;0.028740;-0.019738;-0.102704
1658;0.013651;-0.061506;-0.067943
1659;0.085546;0.020769;0.000360
1660;-0.005634;0.009196;-0.041374
1661;-0.047860;-0.016750;-0.061262
1662;-0.000542;0.001002;-0.032304
1663;-0.036754;-0.005770;-0.008527
1664;0.027603;-0.010984;-0.031258
1665;-0.029169;-0.019292;-0.029504
1666;-0.064771;-0.036265;0.038270
1667;0.029322;-0.013152;0.048256
1668;-0.031673;-0.010274;0.033683
1669;0.057660;-0.013001;-0.002827
1670;0.090135;-0.006134;-0.017164
1671;-0.014588;-0.069692;0.035328
1672;-0.051105;-0.052508;0.017701
1673;-0.106326;-0.065235;0.075723
1674;-0.088174;-0.092549;0.087074
1675;-0.095976;-0.105085;0.035246
1676;-0.152135;-0.125927;0.024800
1677;-0.234145;-0.159585;0.028418
1678;-0.304479;-0.132313;-0.013082
1679;-0.189376;0.016060;-0.036375
1680;-0.001961;0.125698;-0.067704
1681;0.238236;0.169496;0.218155
1682;0.209079;0.150921;0.034556
1683;-0.120452;0.286896;-0.127100
1684;-0.035878;0.182466;-0.127242
1685;0.007614;0.117594;-0.163391
1686;0.036494;0.075223;-0.128246
1687;0.341048;-0.000319;-0.106009
1688;0.146727;-0.029555;-0.208753
1689;0.262555;-0.086028;-0.154701
1690;0.263491;-0.096373;-0.192432
1691;0.430796;-0.069273;-0.178470
1692;0.159191;0.106743;-0.108440
1693;0.035629;0.055435;-0.090616
1694;0.162293;-0.111470;-0.037204
1695;0.113910;-0.068119;-0.051096
1696;-0.062619;-0.045600;-0.067665
1697;-0.040998;-0.000491;-0.075653
1698;0.059881;-0.012921;0.001119
1699;0.086429;-0.026437;0.043396
1700;0.056129;-0.013911;-0.038740
1701;-0.033810;-0.020125;-0.084164
1702;0.012317;0.003318;-0.067790
1703;0.009434;-0.009754;0.005937
1704;0.085460;-0.022678;0.002214
1705;0.075336;-0.023255;-0.036238
1706;0.014590;0.015399;-0.036768
1707;0.006280;-0.022048;-0.001744
1708;0.056440;-0.015711;-0.038166
1709;-0.020753;-0.018824;-0.034020
1710;0.022597;-0.013668;-0.019260
1711;0.068438;-0.007137;-0.026470
1712;0.015116;-0.006990;-0.040179
1713;0.052564;-0.009421;-0.071167
1714;0.031311;0.005800;-0.020692
1715;0.038580;-0.019174;-0.024104
1716;0.038951;-0.002939;-0.048732
1717;0.032753;-0.014517;-0.060121
1718;0.066779;-0.012672;-0.049573
1719;0.034869;0.001474;-0.028066
1720;0.004726;-0.003951;-0.026274
1721;0.013394;-0.012257;-0.009023
1722;0.025188;-0.007935;-0.015930
1723;-0.013585;0.000136;-0.018676
1724;0.001965;-0.005186;-0.019812
1725;0.021504;-0.000737;-0.012050
1726;0.018988;-0.008782;-0.029366
1727;0.013619;-0.002423;-0.017467
1728;0.014543;-0.006326;-0.021894
1729;0.016617;-0.006082;-0.011380
1730;0.022668;-0.004803;-0.019351
1731;0.010704;-0.001596;-0.017696
1732;0.030008;-0.007153;-0.015095
1733;0.019500;-0.006612;-0.017983
1734;0.015236;-0.005972;-0.013171
1735;0.019208;-0.001004;-0.013771
1736;0.005913;-0.002296;-0.014417
1737;0.012643;-0.004090;-0.010716
1738;0.023013;-0.007360;-0.006759
1739;0.003827;-0.002342;-0.013862
1740;0.011703;-0.005295;-0.010139
1741;0.007569;-0.003285;-0.007084
1742;0.007242;-0.005840;-0.008873
1743;0.006224;-0.008087;-0.000813
1744;0.013786;-0.001071;-0.007637
1745;0.009625;-0.003597;-0.007358
1746;0.018781;-0.004667;-0.010072
1747;0.001118;-0.003227;-0.007938
1748;0.011288;-0.003804;-0.009096
1749;0.004652;-0.005339;-0.011039
1750;-0.012418;-0.005341;-0.018728
1751;0.010510;-0.006422;-0.007013
1752;0.021055;0.016231;0.002093
1753;-0.007840;-0.003029;-0.010357
1754;0.000570;-0.002380;-0.013727
1755;0.018784;-0.001670;-0.006320
1756;-0.000583;-0.005424;-0.005556
1757;0.007997;-0.004084;-0.008289
1758;0.006020;-0.001709;-0.001692
1759;-0.001960;-0.004057;-0.006310
1760;0.008179;-0.005492;-0.007017
1761;0.009211;-0.001987;-0.003228
1762;-0.001477;-0.005290;-0.005769
1763;0.011183;-0.003807;-0.003938
1764;0.001756;-0.000916;-0.001829
1765;0.056213;0.014605;0.011321
1766;-0.040017;-0.003530;-0.012885
1767;0.015559;-0.008390;-0.008945
1768;-0.027931;0.002713;-0.033899
1769;0.051522;-0.003573;0.018012
