index;x;y;z
0;0.006135;-0.007423;-0.003898
1;0.004910;0.003318;0.005595
2;0.000653;-0.012225;-0.000334
3;-0.005453;-0.004416;-0.003637
4;0.007654;-0.002131;-0.003079
5;0.002948;-0.001594;0.001041
6;-0.013086;-0.001281;0.002610
7;-0.012125;-0.008623;0.007060
8;-0.001022;-0.000708;-0.007011
9;0.003106;-0.005177;-0.018305
10;0.017937;-0.000603;-0.027148
11;0.023269;-0.021745;-0.003977
12;0.005063;-0.005791;0.002787
13;-0.012306;0.006435;-0.000389
14;-0.000836;-0.004573;0.000125
15;0.005990;-0.011154;0.008294
16;0.009271;-0.006781;-0.000654
17;0.003914;-0.001453;0.000270
18;0.002571;-0.007609;-0.003605
19;0.000992;-0.002807;0.000777
20;-0.009814;-0.001086;0.002319
21;-0.022893;0.002700;0.004758
22;-0.012267;-0.004489;0.011288
23;0.004015;0.002701;0.021409
24;0.010313;-0.004291;-0.000480
25;0.027001;-0.012249;0.014604
26;0.021545;-0.013578;0.005658
27;0.018174;-0.005616;-0.005651
28;0.027433;-0.011229;-0.006230
29;0.037125;-0.022900;-0.011750
30;0.023345;0.000923;0.000440
31;-0.007637;-0.011170;-0.004009
32;-0.017225;-0.001448;0.010198
33;-0.020301;-0.005605;0.019431
34;-0.029957;0.012968;-0.013649
35;0.001350;-0.008634;0.006970
36;0.030656;-0.020908;0.010821
37;0.028115;0.001350;0.017558
38;-0.013015;0.001164;0.018951
39;-0.050518;0.001584;0.008604
40;-0.017678;0.001856;-0.014182
41;-0.000804;-0.010992;-0.008778
42;-0.009865;0.004221;0.011891
43;-0.043365;0.014642;0.018417
44;-0.014173;0.015215;0.014304
45;0.005077;-0.012336;0.013873
46;0.003054;-0.011671;0.009114
47;-0.012181;-0.005200;0.006291
48;-0.008457;0.000660;0.001978
49;0.011823;-0.004812;-0.002360
50;0.005741;-0.009553;0.005763
51;-0.007135;-0.001239;-0.002534
52;-0.011664;-0.002526;-0.008221
53;0.005774;-0.014905;-0.004463
54;0.009812;-0.004187;-0.009664
55;-0.012789;0.009433;-0.002887
56;-0.012834;-0.006136;0.006365
57;0.001662;-0.002672;0.004612
58;0.000054;-0.006418;-0.005882
59;-0.007326;-0.002059;-0.006045
60;-0.014190;-0.014010;-0.011409
61;0.003164;-0.023300;0.000614
62;-0.025857;0.017062;0.013036
63;0.012930;-0.009544;0.052621
64;0.084323;-0.076426;0.011607
65;0.142641;-0.011532;0.031633
66;0.054557;0.029994;0.101739
67;0.035807;-0.045238;0.029080
68;0.086933;-0.055682;0.048449
69;0.078972;0.067664;0.058824
70;-0.047438;0.021509;0.091221
71;-0.076592;-0.000261;0.035588
72;-0.067601;0.005444;0.066392
73;-0.174846;0.018033;-0.059026
74;-0.159253;0.062829;-0.063897
75;-0.065566;0.089238;0.037258
76;-0.064646;0.041392;0.057811
77;-0.066507;-0.036474;-0.014481
78;-0.035161;-0.049587;-0.024254
79;0.000313;-0.035126;-0.015971
80;0.020018;-0.045994;-0.089953
81;0.046495;-0.041880;-0.157731
82;0.019362;-0.098004;-0.173825
83;-0.003085;-0.087102;-0.177919
84;-0.026342;-0.139150;-0.116044
85;-0.131037;0.247250;-0.006707
86;-0.126697;0.260250;0.071018
87;-0.085574;-0.104473;0.056280
88;0.031090;-0.309749;0.242496
89;0.005178;0.006541;0.247990
90;0.036510;0.238575;-0.043056
91;0.082337;-0.030317;0.042703
92;0.036543;-0.094648;0.054321
93;0.089820;-0.050769;0.001979
94;0.005998;-0.075707;0.004217
95;0.067862;-0.022103;-0.086927
96;0.145840;0.004978;-0.124072
97;0.064620;-0.096887;-0.030827
98;0.019598;-0.002238;-0.054832
99;0.060445;0.095071;-0.081529
100;0.188517;0.184342;0.033435
101;0.126904;0.067558;0.031774
102;-0.067668;-0.133737;0.073096
103;-0.196131;-0.106619;0.085460
104;-0.102096;0.079250;0.011123
105;0.161460;0.208819;0.010248
106;-0.020661;0.075880;-0.008439
107;-0.040869;-0.064847;0.047927
108;-0.031417;-0.066740;0.025355
109;-0.048132;-0.127051;0.016728
110;-0.039593;-0.144300;0.005389
111;-0.041719;-0.050130;-0.070420
112;0.022680;-0.081219;-0.068221
113;0.011576;-0.062696;-0.112674
114;0.094977;-0.065193;-0.174141
115;0.008420;0.139459;-0.127741
116;-0.057642;0.449828;0.103427
117;-0.155541;-0.016643;0.026772
118;-0.158065;-0.294196;0.176087
119;-0.100311;-0.092468;0.340608
120;-0.048771;0.334764;0.093027
121;0.111473;0.003197;-0.023655
122;-0.004366;-0.169530;0.185951
123;0.044097;-0.068867;0.056325
124;0.038141;-0.030497;-0.060282
125;0.008368;-0.053751;-0.073223
126;0.163833;-0.025797;-0.169244
127;0.110007;-0.055162;-0.123000
128;0.104228;-0.007607;-0.120880
129;0.115825;0.121623;-0.247707
130;0.250567;0.251189;0.008023
131;0.184940;0.119328;0.097029
132;-0.141601;-0.192720;0.062473
133;-0.434537;-0.005508;0.166816
134;-0.194133;0.175414;-0.018989
135;0.032909;0.162539;0.009507
136;-0.001212;-0.062952;0.066038
137;0.013099;-0.050953;-0.064644
138;-0.039426;-0.121190;0.118664
139;-0.090581;-0.265569;-0.042694
140;0.032401;-0.138921;-0.078033
141;0.020713;0.022544;-0.121798
142;-0.033455;0.051043;-0.183454
143;0.264400;-0.154034;-0.139838
144;-0.149897;0.527571;0.103244
145;-0.162211;0.111345;0.097590
146;-0.093274;-0.366356;0.246128
147;0.097880;-0.267165;0.310002
148;0.042034;0.396304;0.052145
149;0.023689;0.049840;-0.165410
150;0.066928;-0.234895;0.140257
151;-0.013764;-0.214524;0.034564
152;0.032364;-0.026730;-0.054208
153;0.077997;-0.041003;-0.135843
154;0.072303;0.020918;-0.149300
155;0.131526;-0.106581;-0.028522
156;0.120907;0.128546;-0.203608
157;0.183729;0.242945;-0.157150
158;0.338390;0.079939;0.225852
159;-0.257763;-0.065444;0.084245
160;-0.358254;-0.011076;0.071043
161;0.095028;0.214018;-0.009032
162;0.087342;0.203497;-0.066371
163;-0.007134;-0.013218;0.069718
164;-0.058389;-0.104061;0.098265
165;-0.216254;-0.253046;0.121363
166;-0.119581;-0.391073;-0.029950
167;0.053243;-0.163221;-0.146073
168;-0.060625;0.175958;-0.079244
169;-0.034914;0.149393;-0.326595
170;0.103714;0.254937;-0.083924
171;-0.043045;0.292303;0.235323
172;0.005197;-0.186353;0.130574
173;0.062383;-0.359835;0.383586
174;-0.137310;0.078808;0.272235
175;-0.087034;0.275572;-0.175934
176;0.179041;-0.049059;0.114975
177;0.002325;-0.229736;0.079675
178;-0.072275;-0.193348;0.001392
179;0.056139;-0.017374;-0.050742
180;0.073250;0.024481;-0.108486
181;0.190204;0.047952;-0.244913
182;0.183628;0.070344;-0.114188
183;0.083926;0.054631;-0.185383
184;0.088587;0.113980;0.200270
185;-0.268318;-0.041194;0.140631
186;-0.232450;0.160366;-0.093541
187;0.199167;0.359797;0.051989
188;0.072621;0.074640;-0.002213
189;0.063650;-0.181302;0.048082
190;-0.062851;-0.363014;0.163403
191;-0.118306;-0.393817;0.085360
192;0.037377;-0.165141;-0.057081
193;-0.101946;0.024286;-0.066586
194;-0.070422;0.339562;-0.313842
195;0.009454;0.060386;-0.440537
196;-0.146302;0.434909;0.449315
197;-0.260269;-0.113587;0.058563
198;0.189155;-0.309564;0.255228
199;0.141980;0.045547;0.277895
200;-0.164279;0.323267;-0.008929
201;0.002911;0.056343;-0.019251
202;0.067953;-0.173247;0.186946
203;-0.068398;-0.269241;0.041163
204;-0.025303;-0.051805;-0.069289
205;0.166492;-0.044863;-0.259880
206;0.160702;-0.142150;-0.048761
207;0.135445;0.034731;-0.217329
208;0.215993;0.179932;-0.290862
209;0.323669;0.198938;0.052890
210;-0.140794;-0.035705;0.087735
211;-0.414538;0.013466;0.096429
212;0.006126;0.228364;0.060689
213;0.130983;0.372032;-0.050102
214;0.130016;0.022582;0.085095
215;-0.061658;-0.119229;0.106175
216;-0.190235;-0.259053;0.145277
217;-0.081800;-0.390805;-0.146304
218;0.110858;-0.255120;0.001138
219;-0.145750;0.197326;-0.149570
220;0.140421;0.007498;-0.473209
221;0.057118;0.169024;0.197589
222;-0.364814;0.463732;0.310795
223;0.110577;-0.204963;0.050971
224;0.126229;-0.147016;0.422381
225;-0.037066;0.296272;-0.013404
226;-0.023977;0.023550;-0.119166
227;0.140088;-0.153676;0.195705
228;-0.021050;-0.269028;0.058904
229;-0.081861;-0.082375;-0.092332
230;0.173113;-0.026140;-0.153000
231;0.128601;-0.054838;-0.162891
232;0.289090;-0.055343;-0.048874
233;0.207867;0.179311;-0.296154
234;0.216757;0.344343;-0.046886
235;-0.004726;-0.036588;0.056785
236;-0.410946;-0.145578;0.043602
237;-0.193182;0.240321;0.238519
238;-0.026077;0.361414;-0.082125
239;0.093519;0.091375;-0.008165
240;0.027562;-0.147960;0.176774
241;-0.197873;-0.246265;0.065407
242;-0.107868;-0.275388;-0.028103
243;0.016360;-0.233880;-0.163532
244;0.027707;-0.162636;-0.144813
245;0.057093;0.242587;-0.222017
246;0.023420;0.101175;-0.459638
247;-0.185421;0.645398;0.528316
248;-0.079979;-0.206412;0.151171
249;0.159051;-0.200891;0.323119
250;-0.062655;0.204266;0.277111
251;-0.206700;0.108363;-0.013138
252;0.024189;-0.082044;0.200957
253;0.010899;-0.198584;0.116326
254;-0.030298;-0.114292;-0.088732
255;0.038879;-0.060577;-0.097994
256;0.143805;-0.098316;-0.229674
257;0.167176;-0.095845;-0.074443
258;0.229972;0.115540;-0.256444
259;0.251465;0.131600;-0.273797
260;0.340421;0.148502;0.020546
261;-0.073246;-0.028037;0.131102
262;-0.520420;0.014780;0.000716
263;-0.062966;0.166845;0.121498
264;0.186065;0.236312;-0.036161
265;0.173235;0.037537;0.024031
266;0.003236;-0.038109;0.129759
267;-0.193010;-0.219442;0.097085
268;-0.157513;-0.375323;0.046710
269;-0.015446;-0.220559;-0.039530
270;0.005953;-0.128943;-0.098145
271;-0.021632;0.373723;-0.240280
272;0.201358;0.049531;-0.484905
273;0.037702;0.558615;0.313570
274;-0.342441;-0.005691;0.379637
275;-0.021231;-0.326776;0.109617
276;0.048873;-0.062672;0.409114
277;-0.131436;0.231174;0.115128
278;0.015031;-0.038845;-0.025761
279;0.097883;-0.198820;0.123711
280;-0.014159;-0.207284;-0.020799
281;0.102359;-0.020357;-0.065934
282;0.109923;-0.093443;-0.174844
283;0.089609;-0.076855;-0.169388
284;0.272574;-0.001406;-0.233844
285;0.401628;0.202305;-0.257002
286;0.286127;0.243147;-0.021109
287;0.042824;0.016027;0.122474
288;-0.493372;0.074044;0.061584
289;-0.196802;0.219419;0.152443
290;0.106611;0.268678;-0.013773
291;0.120013;0.056135;-0.084024
292;0.034485;-0.149015;0.199125
293;-0.228064;-0.183106;0.146648
294;-0.191287;-0.329961;0.013170
295;-0.000128;-0.309391;-0.031920
296;-0.023335;-0.058943;0.042017
297;0.178604;0.375502;-0.337958
298;0.123274;-0.005124;-0.298445
299;-0.265922;0.549288;0.490297
300;-0.240627;-0.084902;0.234852
301;0.024794;-0.213701;0.238890
302;-0.117994;0.150930;0.188743
303;-0.052524;0.119619;-0.048439
304;0.112370;-0.030669;0.136374
305;0.049144;-0.238873;0.048769
306;-0.034534;-0.213391;-0.006611
307;0.085587;-0.003593;-0.139757
308;0.109145;-0.055780;-0.190509
309;0.150528;-0.062885;-0.127918
310;0.424330;0.097605;-0.274108
311;0.390540;0.157021;-0.192907
312;0.258421;0.182994;0.061997
313;-0.279535;-0.022898;0.084793
314;-0.359051;0.060350;0.094158
315;0.068547;0.172907;0.147670
316;0.169068;0.147848;-0.054070
317;0.025860;-0.001966;0.090426
318;-0.145713;-0.139268;0.170782
319;-0.235673;-0.237276;0.094967
320;-0.031151;-0.274577;-0.028269
321;0.012034;-0.143662;-0.126064
322;-0.187457;0.089456;-0.069201
323;-0.079580;0.277487;-0.334743
324;0.088061;0.365981;-0.343177
325;-0.153042;0.227501;0.588278
326;-0.104033;-0.201330;0.183278
327;0.216951;-0.263829;0.290934
328;-0.229210;0.096463;0.315830
329;-0.227141;0.119289;-0.089284
330;0.204984;-0.050357;0.038646
331;0.033889;-0.214836;0.117819
332;0.086781;-0.100115;-0.080231
333;0.135538;-0.059671;-0.195027
334;0.101168;-0.048226;-0.250947
335;0.108783;-0.074263;-0.183609
336;0.300287;0.147940;-0.310531
337;0.322756;0.064777;-0.026192
338;0.199875;0.105970;0.248150
339;-0.468983;0.219399;0.057765
340;-0.142114;0.227012;0.103402
341;0.221680;0.163047;0.044873
342;0.269929;-0.041565;0.005012
343;0.007218;-0.079406;0.166635
344;-0.242895;-0.222374;0.132504
345;-0.177749;-0.341753;0.070438
346;0.042180;-0.227632;0.004554
347;-0.082683;-0.105962;0.000071
348;-0.100832;0.323908;-0.264671
349;0.227881;-0.094494;-0.449596
350;-0.108162;0.405295;0.425220
351;-0.373882;0.271334;0.272089
352;0.108424;-0.314606;0.159027
353;-0.022223;-0.149223;0.473719
354;-0.175034;0.310733;-0.006487
355;0.000909;0.067058;-0.094757
356;0.161644;-0.174903;0.203783
357;0.026153;-0.288141;0.039176
358;0.004659;-0.034406;-0.125439
359;0.115483;-0.066333;-0.224612
360;0.074637;-0.086349;-0.223250
361;0.200625;-0.063839;-0.106974
362;0.160146;0.241292;-0.312251
363;0.112463;0.219833;-0.150252
364;0.251367;0.089126;0.182793
365;-0.391177;-0.040204;0.180143
366;-0.176273;0.284337;-0.015747
367;0.029506;0.194987;0.003206
368;0.139668;-0.023872;-0.046937
369;0.114305;-0.178054;0.180783
370;-0.088326;-0.180972;0.057741
371;-0.151253;-0.359009;0.109164
372;-0.058656;-0.256055;-0.079943
373;0.089092;-0.121193;-0.157741
374;-0.069252;0.317698;-0.224119
375;0.159474;0.135424;-0.446384
376;-0.025134;0.643641;0.392480
377;-0.158664;-0.110365;0.186287
378;-0.049764;-0.370193;0.193810
379;-0.018001;-0.175252;0.378511
380;-0.005042;0.333208;0.010866
381;0.089201;-0.024020;-0.134548
382;0.019339;-0.191296;0.256937
383;-0.003798;-0.154900;-0.058888
384;-0.004744;-0.014606;-0.063992
385;0.110333;-0.110668;-0.229490
386;0.127319;-0.030464;-0.300698
387;0.236224;-0.006706;-0.148383
388;0.298241;0.066796;-0.344075
389;0.277710;0.207417;0.102264
390;-0.219274;0.066343;0.215932
391;-0.375069;0.397527;0.062872
392;0.007053;0.204528;0.100764
393;0.153895;0.131273;-0.024325
394;-0.018836;-0.171105;0.058048
395;-0.082308;-0.265165;0.200043
396;-0.230972;-0.380907;0.036503
397;-0.042688;-0.189288;-0.155798
398;0.026336;-0.137609;-0.048535
399;-0.132969;0.035674;-0.142806
400;0.114182;0.217727;-0.439288
401;-0.141795;0.679055;0.209456
402;0.098587;0.138617;0.179456
403;-0.070836;-0.313242;0.367382
404;0.000054;-0.179369;0.317253
405;-0.055233;0.239968;0.093422
406;-0.008504;0.008024;-0.163274
407;0.013387;-0.229015;0.215978
408;0.072528;-0.286332;-0.018158
409;0.039564;-0.075435;-0.106913
410;0.186223;0.007012;-0.197063
411;0.108655;-0.060136;-0.301743
412;0.278897;-0.046587;-0.175683
413;0.115898;0.122495;-0.228954
414;0.283645;0.516323;0.009652
415;-0.041839;-0.019826;0.067417
416;-0.315710;0.116014;0.000417
417;0.109075;0.206578;0.225223
418;0.095237;0.105773;-0.110673
419;0.068641;-0.073361;0.177163
420;-0.192937;-0.181120;0.175036
421;-0.236190;-0.421576;0.089379
422;-0.008372;-0.179714;-0.171384
423;0.226194;-0.149275;-0.203202
424;0.119815;0.085438;-0.137125
425;0.104093;0.101891;-0.364938
426;-0.401191;0.529593;0.265988
427;-0.017745;0.157918;0.318725
428;-0.024474;-0.296389;0.301074
429;0.034491;0.017640;0.181083
430;-0.072248;0.106361;0.066946
431;0.083838;-0.038592;0.036688
432;0.126500;-0.260529;0.043035
433;-0.028984;-0.258513;0.029197
434;0.098813;0.038391;-0.267870
435;0.148121;-0.035336;-0.304607
436;0.183710;-0.143969;-0.206074
437;0.200860;0.052166;-0.182768
438;0.315301;0.324254;-0.077471
439;0.101971;0.219358;0.253029
440;-0.685868;0.137136;0.055531
441;-0.115578;0.168071;0.213819
442;0.153642;0.163511;0.040277
443;0.135259;-0.034207;-0.067664
444;0.044448;-0.154665;0.146997
445;-0.162347;-0.361347;0.188856
446;-0.181154;-0.422965;0.009450
447;0.045620;-0.189094;-0.150747
448;0.095894;-0.070578;-0.131168
449;-0.016716;0.469168;-0.284828
450;0.135268;0.061531;-0.393367
451;-0.198844;0.589429;0.500756
452;-0.162902;-0.117539;0.176546
453;-0.005884;-0.319249;0.222584
454;-0.001500;0.043252;0.436945
455;-0.288054;0.275381;0.027846
456;0.009150;-0.013108;-0.053332
457;0.092456;-0.189345;0.198048
458;-0.006191;-0.197503;-0.038285
459;0.179289;-0.041598;-0.072678
460;0.137285;-0.061043;-0.233122
461;0.074097;-0.154692;-0.093913
462;0.237919;0.032143;-0.233974
463;0.282785;0.179344;-0.212786
464;0.149412;0.234114;-0.030842
465;-0.062945;-0.031996;0.166909
466;-0.353600;0.028144;0.117086
467;0.024316;0.285876;0.089704
468;0.093672;0.266484;-0.103710
469;0.105190;-0.057455;0.080035
470;-0.010061;-0.203161;0.236684
471;-0.273235;-0.301437;0.121681
472;-0.165888;-0.377081;-0.088318
473;0.111296;-0.220597;-0.036638
474;0.094631;-0.048550;-0.061787
475;0.113504;0.380183;-0.427510
476;0.049346;0.152949;-0.341347
477;-0.260496;0.590005;0.479620
478;-0.155414;-0.244348;0.185104
479;0.027451;-0.377410;0.231664
480;-0.047716;0.270203;0.329511
481;-0.072177;0.209731;-0.135811
482;0.157399;-0.157729;0.112724
483;0.016302;-0.340131;0.074544
484;-0.055542;-0.070644;-0.009343
485;0.070444;-0.060825;-0.108130
486;0.151771;-0.115774;-0.189999
487;0.100484;-0.082799;-0.174734
488;0.237712;0.103251;-0.223131
489;0.280955;0.266681;-0.198235
490;0.319034;0.160171;0.086416
491;-0.223389;0.014430;0.062054
492;-0.520804;0.145887;-0.074608
493;0.032871;0.332905;0.082740
494;0.217429;0.129450;-0.054025
495;-0.003463;-0.162896;0.156180
496;-0.140069;-0.277487;0.158893
497;-0.135536;-0.288202;0.073569
498;-0.092599;-0.364807;-0.101832
499;0.076320;-0.228543;-0.095404
500;0.032815;0.108920;-0.134939
501;0.173673;0.276366;-0.545219
502;0.017687;0.672897;0.102699
503;-0.272568;-0.045569;0.508419
504;-0.068913;-0.378252;0.213532
505;-0.079086;-0.078904;0.329962
506;-0.266238;0.327829;0.104169
507;0.050146;-0.033019;-0.076023
508;0.254086;-0.160723;0.220096
509;0.029389;-0.284899;-0.010001
510;0.021801;-0.037797;-0.046686
511;0.230739;-0.010304;-0.217960
512;0.134685;-0.056668;-0.171236
513;0.270198;-0.059704;-0.129627
514;0.384038;0.161313;-0.267046
515;0.281030;0.181434;0.070911
516;-0.173393;-0.039597;0.086244
517;-0.569679;0.063738;0.107876
518;-0.118148;0.366258;0.169519
519;0.143401;0.308411;0.001232
520;-0.008047;0.069653;-0.012087
521;0.024198;-0.038258;0.176768
522;-0.176870;-0.221551;0.046621
523;-0.193348;-0.475930;0.053522
524;0.012602;-0.287982;-0.106223
525;0.011506;-0.115228;-0.111433
526;0.084105;0.376539;-0.325692
527;0.167955;0.004789;-0.470735
528;-0.210710;0.692568;0.526009
529;-0.248443;-0.035193;0.218893
530;-0.048703;-0.334364;0.162239
531;-0.070910;-0.126797;0.487760
532;-0.071626;0.307217;-0.086536
533;0.249670;0.012119;0.142834
534;0.052947;-0.274799;0.045505
535;-0.078403;-0.190897;0.029743
536;0.020378;-0.044717;-0.103270
537;0.157378;-0.086136;-0.149568
538;0.110341;-0.089376;-0.260003
539;0.258184;-0.033643;-0.192169
540;0.477623;0.137244;-0.260720
541;0.313426;0.200444;-0.062698
542;0.035811;0.063562;0.132970
543;-0.457875;0.025535;0.108756
544;-0.213273;0.261840;0.186293
545;0.067918;0.214780;-0.047130
546;0.182750;0.059283;-0.095257
547;0.075083;-0.068734;0.116385
548;-0.175793;-0.276418;0.131118
549;-0.228249;-0.390976;0.041392
550;0.000635;-0.219363;-0.115015
551;0.064143;-0.105129;-0.025272
552;-0.005365;0.462453;-0.348856
553;0.021647;0.126752;-0.445931
554;-0.291802;0.472552;0.606013
555;-0.123372;-0.181845;0.276036
556;0.136365;-0.265011;0.259565
557;-0.154106;0.082282;0.115824
558;0.044432;0.167918;0.052273
559;0.055135;-0.059083;0.102589
560;0.036966;-0.191810;0.050661
561;0.023855;-0.126806;-0.040843
562;0.092384;-0.045333;-0.121771
563;0.215149;-0.068213;-0.282017
564;0.246577;-0.093412;-0.026249
565;0.282043;0.115575;-0.315917
566;0.315440;0.158393;-0.174981
567;0.193413;0.075398;0.106020
568;-0.381173;-0.009720;0.118468
569;-0.273680;0.198237;0.069437
570;-0.072445;0.256991;0.131545
571;0.140935;0.151855;-0.065114
572;0.139709;-0.054507;0.070049
573;-0.087300;-0.145588;0.153532
574;-0.240341;-0.315458;0.151450
575;-0.121675;-0.355061;-0.008122
576;0.079038;-0.194674;-0.120296
577;-0.048779;0.093061;-0.187677
578;0.191707;0.268270;-0.426539
579;0.072669;0.302170;-0.205760
580;-0.329353;0.395109;0.540148
581;-0.001099;-0.270226;0.243668
582;0.039816;-0.249472;0.166708
583;-0.231512;0.217223;0.267081
584;0.021744;0.139644;-0.020004
585;0.156102;-0.102317;0.127247
586;-0.067245;-0.306097;0.119902
587;-0.082258;-0.087264;-0.081520
588;0.132815;-0.071226;-0.125092
589;0.148210;-0.091326;-0.184784
590;0.243448;-0.026663;-0.093515
591;0.331982;0.127082;-0.262721
592;0.264726;0.211608;-0.135225
593;0.136315;0.160549;0.091125
594;-0.382618;-0.120087;0.086442
595;-0.330845;0.182182;0.163344
596;0.004245;0.325515;-0.075203
597;0.217382;0.166712;-0.025618
598;0.053905;-0.149856;0.130813
599;-0.092951;-0.259419;0.172953
600;-0.254321;-0.386874;0.139737
601;-0.068169;-0.256039;-0.072013
602;0.087045;-0.143535;-0.162293
603;-0.079097;0.278644;-0.138337
604;0.070376;0.226642;-0.495135
605;0.118723;0.414647;0.042327
606;-0.231082;0.056280;0.328985
607;-0.087744;-0.216390;0.194874
608;0.001944;-0.207816;0.329232
609;-0.075874;0.224064;0.149551
610;-0.060223;0.036132;-0.099305
611;0.269756;-0.084412;0.149269
612;0.016159;-0.258544;0.097641
613;-0.051055;-0.097668;-0.051361
614;0.117383;-0.101469;-0.141333
615;0.123874;-0.029077;-0.227095
616;0.222932;-0.090913;-0.074663
617;0.274205;0.095343;-0.214155
618;0.348542;0.309330;-0.144810
619;0.185167;0.183378;-0.005202
620;-0.256072;-0.052671;0.148471
621;-0.463140;0.063682;0.071223
622;-0.027704;0.231472;0.086944
623;0.231247;0.181429;-0.082692
624;0.089545;-0.051261;0.070968
625;-0.026396;-0.210243;0.186578
626;-0.239031;-0.335626;0.132358
627;-0.157054;-0.313470;0.022898
628;0.041133;-0.159081;-0.136636
629;-0.003109;0.061610;-0.087285
630;0.071650;0.278011;-0.406541
631;0.146997;0.206806;-0.318956
632;-0.377393;0.532437;0.463838
633;-0.186929;-0.251591;0.251447
634;0.084623;-0.346674;0.239871
635;-0.098215;0.165667;0.272505
636;-0.149757;0.255097;-0.013277
637;0.225309;-0.021456;0.147528
638;-0.042538;-0.269847;0.144430
639;-0.009767;-0.142888;-0.050592
640;0.134314;-0.034867;-0.141551
641;0.083868;-0.039994;-0.180428
642;0.133238;-0.186657;-0.124123
643;0.392123;0.135860;-0.289982
644;0.368187;0.148099;-0.160142
645;0.349603;0.154081;0.068547
646;-0.340231;-0.013184;0.101649
647;-0.446453;0.137106;0.101833
648;-0.013956;0.271462;0.307464
649;0.358740;0.120467;-0.184629
650;0.122735;-0.053762;0.034666
651;-0.099613;-0.117666;0.154598
652;-0.250873;-0.348642;0.151378
653;-0.122523;-0.381582;-0.046061
654;0.038003;-0.218888;-0.024750
655;-0.033402;0.195343;-0.035770
656;-0.002883;0.272774;-0.558028
657;0.125943;0.289147;-0.152195
658;-0.251354;0.278647;0.463664
659;-0.106239;-0.185994;0.105529
660;0.130131;-0.365126;0.296339
661;-0.119683;0.171114;0.289038
662;-0.123140;0.139990;-0.144628
663;0.212989;-0.060672;0.134687
664;0.034686;-0.262664;0.042974
665;-0.038662;-0.142641;-0.002102
666;0.122022;-0.057476;-0.109103
667;0.106687;-0.031729;-0.222573
668;0.139842;-0.117964;-0.128809
669;0.378932;0.137901;-0.240721
670;0.321814;0.204998;-0.240226
671;0.273676;0.244194;-0.030084
672;-0.283823;-0.004893;0.136444
673;-0.535543;0.078102;0.067539
674;-0.075149;0.178780;0.211526
675;0.250374;0.197769;-0.111678
676;0.144883;-0.044581;0.054340
677;-0.064639;-0.161928;0.138340
678;-0.289182;-0.324578;0.103207
679;-0.116104;-0.305497;-0.043841
680;0.142884;-0.207385;-0.131426
681;0.004674;0.023053;-0.067790
682;0.104083;0.362053;-0.473267
683;-0.014912;0.437774;-0.057961
684;-0.324621;0.104398;0.482352
685;0.021483;-0.219594;0.197446
686;0.153695;-0.249140;0.399767
687;-0.153875;0.291301;0.104380
688;-0.021169;0.027837;-0.094615
689;0.211028;-0.142204;0.187879
690;-0.007633;-0.242924;0.027854
691;-0.053217;-0.119249;-0.050198
692;0.161966;-0.065627;-0.154221
693;0.102650;-0.055365;-0.233292
694;0.292232;-0.105617;-0.073491
695;0.329081;0.052751;-0.214940
696;0.386195;0.412787;-0.115027
697;0.197803;0.158492;0.064038
698;-0.278669;-0.100492;0.112490
699;-0.520155;0.065470;0.115894
700;-0.113312;0.241997;0.099720
701;0.233568;0.179264;-0.069510
702;0.090733;-0.050125;0.076764
703;-0.061783;-0.158002;0.185626
704;-0.240136;-0.324117;0.117438
705;-0.109679;-0.351225;0.017861
706;0.111918;-0.184701;-0.249687
707;-0.030264;0.028864;-0.109778
708;-0.024947;0.349409;-0.412978
709;0.143240;0.259663;-0.432385
710;-0.235876;0.331682;0.576223
711;-0.095386;-0.168227;0.214669
712;0.177332;-0.232039;0.262072
713;-0.101667;0.102969;0.253019
714;-0.190049;0.048875;-0.049977
715;0.228281;-0.071276;0.083336
716;-0.022368;-0.229713;0.098079
717;-0.032742;-0.161111;-0.054464
718;0.105404;-0.052103;-0.077667
719;0.099254;-0.034465;-0.243424
720;0.162693;-0.090379;-0.081151
721;0.310568;0.097033;-0.235787
722;0.287492;0.250853;-0.209875
723;0.311463;0.132398;0.014112
724;-0.243712;-0.011725;0.123893
725;-0.527950;0.085790;0.116984
726;0.021689;0.210926;0.198222
727;0.207908;0.203664;-0.089851
728;0.097700;0.008491;0.092888
729;-0.084584;-0.120247;0.172707
730;-0.246050;-0.337069;0.139674
731;-0.161152;-0.386596;-0.045290
732;0.121796;-0.175141;-0.124337
733;0.009323;0.024662;-0.021512
734;0.021293;0.353340;-0.499393
735;0.031918;0.333465;-0.357871
736;-0.256980;0.220098;0.615111
737;-0.044837;-0.227007;0.133162
738;0.222727;-0.295273;0.295700
739;-0.130836;0.188064;0.332940
740;-0.232583;0.161948;-0.179678
741;0.231320;-0.069136;0.172315
742;-0.039021;-0.246764;0.136386
743;-0.004609;-0.108533;-0.047608
744;0.063243;-0.071344;-0.104624
745;0.133312;-0.050036;-0.257813
746;0.158469;-0.125376;-0.027463
747;0.281014;0.084529;-0.276538
748;0.318100;0.170114;-0.211889
749;0.271279;0.183557;0.028298
750;-0.216650;-0.015404;0.092429
751;-0.531603;0.063159;0.099403
752;-0.043548;0.252921;0.164177
753;0.176775;0.248697;-0.136058
754;0.059271;-0.022290;0.028483
755;-0.017252;-0.131961;0.159989
756;-0.181603;-0.269736;0.099828
757;-0.089095;-0.386649;0.024032
758;0.111946;-0.173528;-0.268872
759;-0.014838;0.018376;-0.102582
760;0.056023;0.162178;-0.291458
761;-0.271363;0.461664;0.020148
762;0.034294;0.229285;0.316013
763;-0.000615;-0.263822;0.352377
764;0.126519;-0.224766;0.265086
765;-0.120211;0.322650;0.045829
766;0.035333;0.053367;-0.014016
767;0.142981;-0.187481;0.080519
768;0.064980;-0.308895;0.030671
769;-0.023106;-0.150943;-0.075500
770;0.172561;-0.034163;-0.144751
771;0.185614;-0.073013;-0.243472
772;0.274864;-0.125975;-0.061201
773;0.268135;0.093043;-0.187410
774;0.307004;0.531859;-0.092900
775;0.135395;0.111765;-0.011021
776;-0.285579;-0.115033;0.027137
777;-0.285669;0.115638;0.025865
778;0.087602;0.179923;0.082267
779;0.248276;0.142938;-0.195525
780;-0.038448;-0.069432;0.291281
781;-0.200346;-0.228639;0.196830
782;-0.156566;-0.394780;0.125102
783;-0.110079;-0.149858;-0.212192
784;0.115743;-0.141955;-0.224230
785;-0.121354;0.052327;-0.075530
786;0.068533;0.195394;-0.464543
787;-0.087148;0.592238;0.045399
788;-0.268891;0.039222;0.368233
789;0.085077;-0.243174;0.059872
790;0.200796;-0.190556;0.393834
791;-0.220932;0.385950;0.077538
792;-0.031747;0.005111;-0.237517
793;0.281383;-0.218982;0.325536
794;-0.069833;-0.283660;0.072028
795;-0.146605;-0.065795;-0.015728
796;0.078327;-0.137683;-0.225515
797;0.143753;-0.070172;-0.236693
798;0.219067;0.036522;-0.131640
799;0.289050;0.127825;-0.329862
800;0.417255;0.308311;0.046369
801;0.013744;0.084359;0.095656
802;-0.539823;0.122508;0.061148
803;0.034553;0.217266;0.217361
804;0.207253;0.171660;-0.076509
805;0.182586;-0.044466;0.046915
806;-0.028962;-0.132935;0.148036
807;-0.339389;-0.272142;0.117770
808;-0.153586;-0.369717;-0.011253
809;0.062697;-0.175042;-0.014049
810;0.104018;-0.128800;-0.048524
811;0.117283;0.297033;-0.452513
812;0.383499;-0.206704;-0.278572
813;-0.414839;0.774661;0.423063
814;-0.221939;0.047319;0.313514
815;0.055901;-0.303648;0.095120
816;-0.072463;-0.092905;0.366177
817;-0.139249;0.312252;-0.029918
818;0.190678;-0.042156;0.134028
819;0.061719;-0.299877;0.104885
820;-0.146201;-0.165020;-0.034914
821;0.025708;0.011177;-0.178884
822;0.152257;-0.066381;-0.281392
823;0.301807;-0.174381;-0.038857
824;0.316010;0.049314;-0.306796
825;0.273983;0.221790;-0.215665
826;0.188968;0.213056;0.030907
827;-0.161391;-0.018431;0.115151
828;-0.479869;0.180490;0.118391
829;-0.119763;0.259367;0.149868
830;0.231457;0.165639;-0.158358
831;0.150816;-0.096201;0.106674
832;-0.066776;-0.223870;0.231891
833;-0.213527;-0.341019;0.144629
834;-0.130229;-0.269866;-0.079261
835;0.071170;-0.148661;-0.122910
836;0.016707;0.026647;-0.116649
837;0.104745;0.242451;-0.527023
838;0.065328;0.539881;0.039448
839;-0.407137;0.016461;0.503353
840;0.102334;-0.357920;0.093557
841;0.170998;-0.171671;0.390020
842;-0.195028;0.390342;0.118390
843;-0.150222;0.060149;-0.154607
844;0.173864;-0.216503;0.225710
845;-0.042281;-0.270572;0.058802
846;0.006097;-0.046053;-0.088060
847;0.195796;-0.107275;-0.145298
848;0.166898;-0.102684;-0.267646
849;0.267259;-0.032472;-0.039534
850;0.335802;0.176119;-0.328488
851;0.236676;0.341821;0.002700
852;-0.032988;0.095684;0.126276
853;-0.459817;-0.045309;0.064139
854;-0.088103;0.212377;0.089446
855;0.071467;0.228460;-0.010232
856;0.189945;0.030635;-0.013271
857;0.022145;-0.144761;0.198874
858;-0.181762;-0.220686;0.115297
859;-0.156896;-0.367240;0.120931
860;0.000002;-0.258780;-0.102767
861;0.061417;-0.103304;-0.217977
862;-0.046116;0.390938;-0.228487
863;0.222486;0.155483;-0.537246
864;-0.175291;0.588902;0.598531
865;-0.158891;-0.137883;0.143707
866;0.100148;-0.305009;0.238094
867;-0.074916;0.015410;0.310824
868;-0.155879;0.151894;-0.012511
869;0.156900;-0.069270;0.039704
870;0.047804;-0.190154;0.110909
871;0.018586;-0.110338;-0.046819
872;0.023578;-0.073189;-0.105261
873;0.142809;-0.082453;-0.153413
874;0.118512;-0.073566;-0.132084
875;0.297622;0.057951;-0.328646
876;0.414445;0.150254;-0.192181
877;0.257223;0.156331;0.057878
878;-0.342150;0.077219;0.092550
879;-0.562222;0.195281;0.084027
880;-0.008456;0.312636;0.068637
881;0.212588;0.197015;-0.013957
882;0.024850;-0.100133;0.111026
883;-0.179900;-0.168021;0.080121
884;-0.149037;-0.326446;0.145519
885;-0.118423;-0.397003;-0.086777
886;0.085267;-0.211804;-0.225522
887;0.011264;0.052174;-0.045419
888;0.036425;0.317658;-0.571817
889;0.041257;0.526745;0.137591
890;-0.283927;0.042065;0.353365
891;0.029434;-0.265226;0.132604
892;0.063027;-0.199918;0.447030
893;-0.166454;0.373972;0.066456
894;0.006092;0.036218;-0.071792
895;0.144759;-0.152321;0.178158
896;-0.065222;-0.305039;0.096152
897;0.017234;-0.094738;-0.054042
898;0.200734;-0.040028;-0.182579
899;0.101555;-0.140273;-0.146051
900;0.167944;-0.061652;-0.181975
901;0.369220;0.070236;-0.243289
902;0.240164;0.191025;-0.123327
903;0.243081;0.096432;0.170870
904;-0.309326;-0.023236;0.126331
905;-0.276459;0.245469;0.083597
906;0.090460;0.244064;0.042163
907;0.259593;0.120418;-0.102544
908;0.057406;-0.093754;0.114507
909;-0.041350;-0.105886;0.152039
910;-0.195637;-0.367842;0.063767
911;0.024187;-0.306173;-0.039340
912;-0.062526;-0.214828;0.112708
913;-0.187911;0.227566;-0.249705
914;0.252274;0.005977;-0.414603
915;-0.222905;0.406751;0.122292
916;-0.075533;0.191202;0.324495
917;0.030521;-0.288925;0.183318
918;0.028067;-0.185218;0.330527
919;-0.099381;0.360645;0.035968
920;0.111235;0.004615;-0.027093
921;0.226283;-0.148611;0.160305
922;-0.081100;-0.229936;0.027480
923;-0.141672;-0.033514;-0.090279
924;0.150698;-0.007288;-0.189851
925;0.179052;-0.097111;-0.130908
926;0.334734;-0.048430;-0.102883
927;0.268960;0.079009;-0.290815
928;0.124463;0.040421;-0.249253
929;0.114075;-0.020013;0.106360
930;-0.136123;-0.076105;0.187373
931;-0.368814;0.187787;0.063139
932;-0.144851;0.391182;0.046774
933;0.110388;0.254258;0.048412
934;0.103805;-0.030726;0.085841
935;-0.092156;-0.031479;0.069691
936;-0.202999;-0.297685;0.150242
937;-0.111825;-0.460283;0.095158
938;0.091127;-0.235492;-0.021667
939;0.001985;0.153698;-0.195234
940;0.043302;0.259210;-0.376012
941;0.123170;-0.114602;-0.334069
942;0.008136;0.505799;0.325604
943;-0.232108;-0.130125;0.249193
944;-0.150710;-0.361584;0.226901
945;0.066645;0.028574;0.219507
946;0.074036;0.372285;-0.000244
947;0.073574;-0.041708;0.038156
948;0.131245;-0.222117;0.160129
949;-0.116998;-0.151842;-0.064343
950;-0.105118;-0.002204;-0.069323
951;0.127849;-0.099904;-0.149343
952;0.151111;-0.043406;-0.104999
953;0.490867;0.074107;-0.286978
954;0.458746;0.086521;-0.274506
955;0.223886;0.106359;-0.093257
956;0.022381;-0.036987;0.175747
957;-0.514180;0.025239;0.128029
958;-0.253816;0.434099;0.087721
959;-0.077082;0.335964;-0.066053
960;0.297415;0.009577;-0.041115
961;0.123453;-0.167296;0.207835
962;-0.215165;-0.337078;0.158079
963;-0.176279;-0.344299;0.049450
964;0.007883;-0.146692;-0.114497
965;0.041666;-0.153367;-0.045493
966;0.008542;0.389802;-0.286061
967;0.087758;-0.007452;-0.388193
968;-0.079816;0.221806;0.284148
969;-0.164138;0.145770;0.304039
970;0.049313;-0.342581;0.220910
971;0.146810;-0.144506;0.281123
972;-0.031399;0.419502;0.051839
973;-0.087335;-0.009576;-0.026353
974;0.135560;-0.226702;0.173946
975;-0.059755;-0.128211;0.002003
976;0.012924;0.036927;-0.115930
977;0.187456;-0.052271;-0.254717
978;0.125302;-0.118930;-0.070423
979;0.410048;0.066730;-0.303952
980;0.333668;-0.012608;-0.235324
981;0.174264;0.130594;0.083441
982;-0.091721;0.034898;0.144264
983;-0.421581;0.221709;0.072599
984;-0.031381;0.275685;0.167522
985;0.109791;0.200947;-0.109530
986;0.143762;-0.153784;0.110057
987;-0.032597;-0.191561;0.135051
988;-0.161502;-0.194628;0.099385
989;-0.180644;-0.319397;0.021004
990;0.026192;-0.194249;-0.070706
991;-0.060446;0.020251;-0.109730
992;-0.146273;0.306052;-0.316015
993;0.238735;-0.051469;-0.437956
994;-0.257671;0.621039;0.585173
995;-0.143114;-0.134573;0.103531
996;0.175831;-0.264164;0.292850
997;-0.044135;0.079637;0.174461
998;-0.161878;0.231789;-0.140836
999;0.042698;-0.074100;0.172407
1000;0.086251;-0.253143;0.122122
1001;-0.090470;-0.204421;-0.012181
1002;0.078583;-0.041489;-0.223291
1003;0.199567;-0.086611;-0.180068
1004;0.148885;-0.133607;-0.061555
1005;0.356777;0.175362;-0.362380
1006;0.302482;0.170527;-0.185198
1007;0.246341;0.232209;0.077299
1008;-0.221197;-0.047787;0.016091
1009;-0.402965;0.084106;0.124765
1010;0.062136;0.234536;0.193211
1011;0.224222;0.191033;-0.184777
1012;0.103486;-0.074822;0.155960
1013;-0.080188;-0.138871;0.121382
1014;-0.177965;-0.305184;0.125479
1015;-0.072672;-0.367632;-0.047747
1016;0.114611;-0.162964;-0.132015
1017;-0.123716;0.164533;-0.106153
1018;0.042818;0.204776;-0.481048
1019;0.077593;0.071347;-0.197031
1020;-0.280524;0.502995;0.471482
1021;0.007501;-0.154255;0.068581
1022;0.189445;-0.345252;0.373264
1023;0.026039;0.117415;0.261688
1024;-0.209011;0.150697;-0.125286
1025;0.133809;-0.055569;0.117241
1026;0.039782;-0.266817;0.041786
1027;-0.064612;-0.167509;0.023084
1028;0.105236;-0.030072;-0.134682
1029;0.110993;-0.014816;-0.243893
1030;0.120987;-0.094226;-0.165250
1031;0.239209;0.077855;-0.193556
1032;0.242984;0.248775;-0.214673
1033;0.202233;0.235521;0.106670
1034;-0.273649;-0.057673;0.104123
1035;-0.474055;0.123473;0.051723
1036;-0.028226;0.236343;0.056531
1037;0.119518;0.114663;-0.065917
1038;0.039339;-0.131539;0.150510
1039;-0.104443;-0.184475;0.046860
1040;-0.082588;-0.250802;0.104444
1041;-0.120186;-0.308859;-0.007033
1042;0.054309;-0.107021;-0.213129
1043;-0.045134;0.117555;-0.232442
1044;0.109415;0.107213;-0.333951
1045;-0.085555;0.216945;-0.092773
1046;-0.189932;0.532361;0.316554
1047;-0.001924;-0.235276;0.173170
1048;0.130363;-0.324251;0.223634
1049;-0.109595;0.125350;0.186566
1050;-0.056959;0.152417;-0.042308
1051;0.136410;-0.096122;0.103143
1052;-0.033644;-0.296605;0.121387
1053;-0.079928;-0.068639;-0.092079
1054;0.183235;-0.034450;-0.175528
1055;0.157842;-0.101307;-0.247832
1056;0.203107;-0.143565;-0.094350
1057;0.296522;0.095838;-0.274622
1058;0.396566;0.236772;-0.049132
1059;0.121274;0.140767;0.138676
1060;-0.439663;0.037760;0.058129
1061;-0.236147;0.239757;0.118315
1062;0.123457;0.128279;0.074617
1063;0.229509;0.111952;-0.145998
1064;0.156647;-0.126036;0.246144
1065;-0.110016;-0.209331;0.090823
1066;-0.245073;-0.293824;0.046137
1067;0.009179;-0.196205;-0.076213
1068;0.066069;-0.195317;0.031096
1069;-0.057688;0.106512;-0.126195
1070;0.193432;0.012312;-0.435499
1071;-0.085050;0.247562;-0.022950
1072;-0.336260;0.394839;0.452107
1073;0.045570;-0.221997;0.177537
1074;-0.035406;-0.088254;0.232274
1075;-0.235025;0.230765;0.073208
1076;-0.039967;0.002101;0.006971
1077;0.362142;-0.135511;0.192543
1078;-0.130705;-0.260102;0.045973
1079;-0.060837;-0.077858;-0.034723
1080;0.171373;-0.051437;-0.268557
1081;0.219649;-0.091425;-0.202730
1082;0.208913;0.072683;-0.146907
1083;0.170844;0.103085;-0.303446
1084;0.185102;0.078215;0.017723
1085;0.162949;0.048247;0.169494
1086;-0.363781;0.100658;-0.030512
1087;-0.067437;0.272290;0.123025
1088;-0.000389;0.186655;-0.020971
1089;0.210650;-0.050062;-0.063234
1090;0.036955;-0.165499;0.113747
1091;-0.230419;-0.223544;0.083860
1092;-0.143014;-0.342277;0.047038
1093;-0.003959;-0.296651;0.000528
1094;0.082934;-0.100296;-0.074637
1095;0.124901;0.406243;-0.394525
1096;0.215948;0.236036;-0.338020
1097;-0.329986;0.547028;0.538023
1098;-0.205367;-0.392391;0.165220
1099;0.028409;-0.254158;0.143519
1100;-0.041227;0.427660;0.185258
1101;-0.030205;0.075022;-0.123105
1102;0.057367;-0.169005;0.241557
1103;0.006304;-0.250695;0.023066
1104;-0.103370;-0.086444;-0.017151
1105;0.244164;-0.037319;-0.208007
1106;0.131576;-0.086554;-0.118023
1107;0.155208;-0.058165;-0.141971
1108;0.345110;0.191080;-0.295987
1109;0.335282;0.237557;-0.114224
1110;0.221529;0.087654;0.124508
1111;-0.409769;-0.092625;0.145408
1112;-0.409717;0.197224;0.039337
1113;0.050840;0.287494;-0.020167
1114;0.241679;0.094266;-0.023202
1115;0.034354;-0.105167;0.124581
1116;-0.231935;-0.168202;0.046664
1117;-0.132387;-0.332083;0.104141
1118;-0.025533;-0.310690;-0.081795
1119;0.122104;-0.215819;-0.181524
1120;0.028265;0.163059;-0.158544
1121;0.195736;0.187994;-0.543309
1122;-0.005371;0.641104;0.293468
1123;-0.205418;-0.075842;0.279815
1124;-0.067278;-0.372558;0.154488
1125;0.033679;-0.131382;0.333131
1126;-0.018333;0.328863;0.032105
1127;0.101185;-0.000863;-0.088163
1128;0.098679;-0.185634;0.180290
1129;-0.038195;-0.197290;-0.011618
1130;-0.061091;0.007609;-0.047385
1131;0.247778;-0.080116;-0.233526
1132;0.171872;-0.114859;-0.231429
1133;0.320664;-0.050721;-0.160798
1134;0.401908;0.094353;-0.373685
1135;0.224240;0.241061;0.031819
1136;-0.098560;0.070766;0.137519
1137;-0.381232;0.275497;0.069400
1138;-0.108002;0.255018;0.208177
1139;-0.067788;0.178615;-0.015352
1140;0.068887;-0.069322;-0.012608
1141;0.003617;-0.171218;0.183125
1142;-0.146850;-0.251645;0.078916
1143;-0.035954;-0.307525;0.029088
1144;0.119234;-0.262273;-0.022029
1145;0.026560;-0.148152;-0.039602
1146;-0.061789;0.405981;-0.284992
1147;0.107927;0.061705;-0.585215
1148;-0.184141;0.620097;0.642208
1149;-0.191499;-0.219349;0.226895
1150;0.042493;-0.209260;0.169860
1151;0.007910;0.262802;0.106358
1152;0.000823;0.117224;0.029107
1153;0.124596;-0.167200;0.218889
1154;-0.024824;-0.279346;0.094040
1155;-0.125510;-0.134119;-0.039973
1156;0.136987;-0.045824;-0.054839
1157;0.141898;-0.057496;-0.271982
1158;0.204644;-0.101804;-0.097611
1159;0.299556;0.130745;-0.279325
1160;0.334077;0.178003;-0.188676
1161;0.168823;0.224251;0.051063
1162;-0.383481;-0.032770;0.088636
1163;-0.339848;0.100667;0.099792
1164;0.044073;0.244323;0.102002
1165;0.168415;0.194098;-0.049599
1166;0.081731;-0.062547;0.030625
1167;-0.064129;-0.178657;0.109399
1168;-0.244282;-0.265194;0.202155
1169;-0.115907;-0.411263;0.044886
1170;0.113938;-0.281032;-0.079330
1171;0.131351;0.220936;-0.310671
1172;0.189555;0.169946;-0.470694
1173;-0.015160;0.292410;0.058690
1174;-0.229453;0.146276;0.394062
1175;-0.109491;-0.167537;0.055301
1176;0.250327;-0.210450;0.346089
1177;0.032981;0.269272;0.041690
1178;0.042207;-0.007686;-0.095910
1179;0.075535;-0.164549;0.151083
1180;0.002680;-0.227767;0.045035
1181;-0.117669;-0.069542;-0.026001
1182;0.164561;-0.039109;-0.177627
1183;0.044487;-0.045328;-0.273320
1184;0.253529;-0.067866;-0.064748
1185;0.205618;0.075798;-0.194633
1186;0.252990;0.371579;-0.129609
1187;0.019439;0.118788;0.167832
1188;-0.335439;0.010503;0.076317
1189;-0.173812;0.229283;0.150009
1190;0.036933;0.199964;-0.091627
1191;-0.056340;0.032828;-0.016074
1192;-0.002417;-0.129046;0.216789
1193;-0.210578;-0.312909;0.085613
1194;-0.124955;-0.418528;0.037542
1195;0.119572;-0.244305;-0.225483
1196;0.075324;-0.050968;-0.202375
1197;0.120366;0.199019;-0.316970
1198;-0.077742;0.263196;-0.202074
1199;-0.175466;0.468552;0.319771
1200;-0.023283;-0.121860;0.216034
1201;0.116911;-0.226541;0.293138
1202;-0.087759;0.254420;0.180267
1203;-0.036765;0.050437;-0.025368
1204;0.165839;-0.137573;0.176340
1205;0.015822;-0.303850;0.036590
1206;-0.078038;-0.128920;-0.008191
1207;0.184412;0.021285;-0.157520
1208;0.176042;-0.056129;-0.226443
1209;0.193169;-0.105071;-0.081926
1210;0.217391;0.049538;-0.240396
1211;0.299329;0.209633;-0.181672
1212;0.184610;0.149856;0.122541
1213;-0.124104;-0.027190;0.133125
1214;-0.384502;0.247130;0.006838
1215;0.036453;0.263849;0.027291
1216;0.225034;0.076950;0.045842
1217;0.167627;-0.130332;0.118981
1218;-0.098887;-0.167816;0.086056
1219;-0.273710;-0.290415;0.110420
1220;-0.094874;-0.353036;-0.015270
1221;0.151348;-0.238362;-0.116145
1222;-0.015963;0.035286;-0.035304
1223;0.031544;0.324500;-0.420649
1224;0.033994;0.116216;-0.281307
1225;-0.243699;0.571940;0.453083
1226;-0.063390;-0.216457;0.165698
1227;0.023033;-0.320094;0.303200
1228;-0.099277;0.076464;0.190664
1229;-0.144607;0.138700;-0.081216
1230;0.174790;-0.015887;0.186192
1231;0.071090;-0.253036;0.005704
1232;-0.027090;-0.156560;0.001519
1233;0.102163;-0.059104;-0.182225
1234;0.054990;-0.046931;-0.255831
1235;0.148516;-0.087419;-0.152088
1236;0.284081;0.137881;-0.300237
1237;0.369831;0.204141;-0.127007
1238;0.364025;0.218906;0.073684
1239;-0.357681;0.015624;0.060229
1240;-0.426786;0.043910;0.055632
1241;0.106965;0.158631;0.119162
1242;0.263032;0.116613;-0.021405
1243;0.145985;-0.069276;0.030736
1244;-0.057930;-0.105298;0.148610
1245;-0.179366;-0.245578;0.069122
1246;-0.085626;-0.255912;-0.092821
1247;0.103332;-0.220752;0.003124
1248;-0.046341;-0.038543;-0.168469
1249;0.128079;0.227713;-0.413536
1250;0.081801;-0.053190;-0.187248
1251;-0.435595;0.812927;0.469802
1252;-0.093377;-0.087225;0.250933
1253;0.176469;-0.241444;0.320899
1254;-0.035910;0.165112;0.216764
1255;-0.308180;0.007482;0.040179
1256;0.250045;-0.058946;0.175145
1257;0.039781;-0.206683;0.053021
1258;-0.084599;-0.199997;0.028716
1259;0.048752;-0.058945;-0.146943
1260;0.109698;-0.038213;-0.195758
1261;0.172745;-0.053725;-0.115390
1262;0.280897;0.053109;-0.297069
1263;0.334970;0.079810;-0.226927
1264;0.334202;0.319859;0.030305
1265;-0.111274;0.057506;0.065850
1266;-0.234709;0.005726;0.138961
1267;-0.095417;0.171556;0.129814
1268;0.018943;0.165516;-0.064797
1269;0.076982;-0.022755;0.071730
1270;0.031223;-0.151337;0.113823
1271;-0.107786;-0.212926;0.067879
1272;-0.137965;-0.349889;-0.008414
1273;0.043271;-0.238959;0.017171
1274;-0.006570;-0.017737;-0.126565
1275;0.070864;0.391370;-0.317324
1276;0.207947;-0.146822;-0.214887
1277;-0.274622;0.417122;0.304081
1278;-0.303631;0.102311;0.262528
1279;0.164504;-0.205123;0.066736
1280;0.048464;0.020941;0.314694
1281;-0.168833;0.141743;0.047330
1282;-0.095042;-0.090857;-0.045034
1283;0.228587;-0.161620;0.094595
1284;0.011169;-0.174200;-0.026938
1285;-0.001254;-0.054280;-0.053888
1286;-0.028070;-0.168751;-0.183749
1287;0.142426;-0.067505;-0.085672
1288;0.215139;0.127673;-0.250655
1289;0.319122;0.207190;-0.319232
1290;0.352271;0.290319;0.122392
1291;0.033358;0.019937;0.109116
1292;-0.462357;-0.009202;0.107898
1293;-0.084419;0.186460;0.114215
1294;0.152326;0.264665;-0.118105
1295;0.029692;-0.028855;0.093100
1296;-0.064413;-0.156005;0.114717
1297;-0.077465;-0.272314;0.103689
1298;-0.147199;-0.389664;0.006444
1299;0.052287;-0.222933;-0.061562
1300;0.080541;-0.068552;-0.093348
1301;-0.075457;0.344297;-0.231409
1302;0.172502;-0.041057;-0.459294
1303;0.029536;0.330050;0.241919
1304;-0.200526;0.233549;0.165848
1305;-0.099210;-0.188664;0.070127
1306;0.211887;-0.336730;0.341075
1307;0.103383;0.210214;0.149705
1308;-0.197909;0.103783;-0.114516
1309;0.131713;-0.153977;0.125742
1310;-0.047226;-0.272544;0.059440
1311;-0.105828;-0.046527;-0.013767
1312;0.106689;-0.075288;-0.160596
1313;0.071020;-0.021985;-0.200418
1314;0.240271;-0.003301;-0.274610
1315;0.260365;0.093571;-0.116216
1316;0.243846;0.409452;-0.132358
1317;0.144608;0.163087;0.051574
1318;-0.346161;-0.058559;0.049555
1319;-0.204552;0.141300;0.230258
1320;0.048166;0.180974;-0.029221
1321;-0.063526;0.045292;-0.039503
1322;-0.005121;-0.098176;0.184166
1323;-0.040906;-0.212114;0.113933
1324;-0.107714;-0.435460;-0.009896
1325;0.054219;-0.248622;-0.272244
1326;0.038830;-0.089335;-0.146343
1327;0.030476;0.145662;-0.341900
1328;0.099788;0.059199;-0.341098
1329;-0.268331;0.766904;0.463971
1330;0.001424;-0.063267;0.131836
1331;0.162672;-0.337609;0.327297
1332;-0.073577;0.070621;0.253229
1333;-0.112986;0.144017;-0.009531
1334;0.130510;-0.057729;0.116012
1335;0.067909;-0.267787;0.049522
1336;-0.069043;-0.163152;0.031467
1337;0.124667;0.048996;-0.140754
1338;0.130445;-0.032735;-0.208126
1339;0.159859;-0.043976;-0.212257
1340;0.282115;-0.071295;-0.191235
1341;0.255138;0.094378;-0.206618
1342;0.168349;0.366342;0.113071
1343;-0.177383;0.031746;0.088873
1344;-0.412660;0.127349;0.079573
1345;-0.035498;0.221436;0.137291
1346;0.188872;0.090820;-0.073810
1347;0.123373;-0.080156;0.012215
1348;0.038730;-0.164245;0.179902
1349;-0.207907;-0.295390;0.028210
1350;-0.122381;-0.327279;0.011289
1351;0.099972;-0.179458;-0.100043
1352;0.056675;-0.019905;-0.088722
1353;0.036041;0.187903;-0.252518
1354;0.317182;-0.111213;-0.429184
1355;0.035687;0.440055;0.063339
1356;-0.161110;0.276513;0.535674
1357;-0.330490;-0.309100;0.115265
1358;-0.045272;-0.235955;0.169395
1359;-0.021611;0.399724;0.173504
1360;-0.006477;0.148472;-0.154390
1361;0.242460;-0.252948;0.145890
1362;-0.131922;-0.370048;0.067949
1363;-0.024903;0.046803;-0.057458
1364;0.066435;-0.071233;-0.216239
1365;-0.010309;-0.050357;-0.166539
1366;0.199068;-0.019428;-0.166575
1367;0.279582;0.197600;-0.290589
1368;0.145890;0.115967;-0.216604
1369;0.195150;0.117734;0.170079
1370;-0.226375;-0.029547;0.155024
1371;-0.323129;0.297789;0.078665
1372;0.066389;0.260041;-0.060470
1373;0.263782;-0.012219;-0.009265
1374;0.176556;-0.188993;0.166687
1375;-0.255016;-0.221003;0.055487
1376;-0.181715;-0.374426;0.005360
1377;0.054538;-0.296113;-0.002481
1378;0.082077;-0.115800;-0.062201
1379;0.136754;0.297689;-0.391405
1380;0.250556;-0.007707;-0.380938
1381;-0.062633;0.755804;0.457083
1382;-0.164133;-0.018384;0.174885
1383;-0.096280;-0.355567;0.234680
1384;0.002279;-0.070682;0.361376
1385;-0.115151;0.285572;-0.006632
1386;0.024167;-0.042441;0.013340
1387;0.083492;-0.212429;0.129608
1388;-0.034455;-0.208987;-0.014954
1389;0.100120;0.002668;-0.112617
1390;0.101248;-0.068912;-0.170140
1391;0.057035;-0.076194;-0.239738
1392;0.195237;-0.063929;-0.049182
1393;0.306350;0.190033;-0.349743
1394;0.247770;0.123603;-0.073992
1395;0.134809;0.103899;0.140149
1396;-0.334803;-0.000691;0.148645
1397;-0.293165;0.275316;0.036817
1398;0.050169;0.185990;-0.024903
1399;0.313765;-0.009594;-0.011193
1400;0.118969;-0.111405;0.120301
1401;-0.220543;-0.160594;0.073264
1402;-0.147267;-0.375948;0.060632
1403;0.045445;-0.242092;-0.067274
1404;0.155248;-0.209109;-0.043533
1405;-0.055994;0.184876;-0.155005
1406;0.147648;0.158653;-0.438927
1407;0.082311;0.429781;0.073171
1408;-0.123251;0.124026;0.228186
1409;-0.134785;-0.196345;0.221036
1410;0.100602;-0.329270;0.303826
1411;-0.069326;0.291621;0.164430
1412;-0.157332;0.097092;-0.122764
1413;0.165750;-0.094211;0.170843
1414;-0.001344;-0.264392;0.010160
1415;-0.036505;-0.125567;0.037713
1416;0.135336;-0.014138;-0.146199
1417;0.096271;-0.059133;-0.207317
1418;0.137419;-0.134329;-0.078915
1419;0.271034;0.081767;-0.251362
1420;0.361892;0.146029;-0.229960
1421;0.131800;0.292458;0.106140
1422;-0.175423;-0.017963;0.131234
1423;-0.324613;0.112580;0.121203
1424;-0.026207;0.175573;0.091832
1425;0.060781;0.249135;-0.064314
1426;-0.056292;0.075067;-0.029377
1427;-0.075116;-0.130862;0.089894
1428;-0.112811;-0.259800;0.076524
1429;-0.104257;-0.487897;-0.027350
1430;0.070474;-0.301860;-0.099052
1431;0.114894;-0.028216;-0.100421
1432;-0.035169;0.226232;-0.325662
1433;0.272193;0.054376;-0.357185
1434;-0.075708;0.730137;0.280855
1435;-0.162868;0.001729;0.197019
1436;-0.094599;-0.406800;0.252715
1437;-0.086051;-0.159146;0.352897
1438;-0.144987;0.387816;0.031673
1439;0.117462;-0.018699;-0.027223
1440;0.169126;-0.261547;0.104759
1441;-0.005384;-0.244181;0.017302
1442;0.085846;0.019955;-0.081487
1443;0.192531;-0.060849;-0.209508
1444;0.174464;-0.086968;-0.172195
1445;0.303322;-0.070477;-0.103688
1446;0.301165;0.213011;-0.254933
1447;0.204802;0.358019;0.033736
1448;-0.162394;-0.009940;0.092233
1449;-0.418044;-0.032978;0.079861
1450;-0.042413;0.231724;0.062211
1451;0.113332;0.161532;-0.008357
1452;0.124273;-0.040473;0.004334
1453;0.038949;-0.196725;0.121262
1454;-0.189131;-0.250974;0.072105
1455;-0.129358;-0.351271;-0.061922
1456;0.054810;-0.267110;-0.144962
1457;0.182484;-0.138128;-0.116068
1458;0.158848;0.271358;-0.325382
1459;0.184094;0.263921;-0.282804
1460;-0.397662;0.753100;0.503572
1461;-0.175924;-0.370596;0.175366
1462;-0.009607;-0.244675;0.087083
1463;-0.071983;0.196937;0.304068
1464;-0.173358;0.114783;-0.031952
1465;0.165674;-0.177168;0.082055
1466;0.015121;-0.292377;0.091301
1467;0.029963;-0.077430;-0.069401
1468;0.124839;0.015671;-0.153390
1469;0.070441;-0.067947;-0.226229
1470;0.174883;-0.070050;-0.118454
1471;0.253913;0.100847;-0.277484
1472;0.230029;0.077125;-0.222355
1473;0.093159;0.163346;0.186196
1474;-0.186302;0.066278;0.138516
1475;-0.429264;0.376522;0.103307
1476;0.021472;0.205957;0.114859
1477;0.233294;-0.034324;-0.206845
1478;0.217484;-0.158405;0.192955
1479;-0.117428;-0.348986;0.082290
1480;-0.156571;-0.331215;0.063001
1481;0.015306;-0.236307;-0.020069
1482;0.054175;-0.114740;-0.018602
1483;0.005223;0.105930;-0.255223
1484;0.184219;0.177691;-0.403763
1485;0.151252;0.343700;0.033785
1486;-0.207546;0.163909;0.317564
1487;-0.233953;-0.306745;0.231612
1488;-0.077806;-0.218014;0.220430
1489;0.082948;0.238159;0.133052
1490;-0.076889;0.033075;-0.055008
1491;0.146322;-0.134566;0.112117
1492;0.008864;-0.223737;0.025582
1493;0.013028;0.006093;-0.064583
1494;0.142580;-0.054007;-0.140612
1495;0.022431;-0.056383;-0.197252
1496;0.226941;-0.050737;-0.187510
1497;0.238388;0.056757;-0.136785
1498;0.197035;0.132836;-0.235069
1499;0.027307;0.248452;0.181148
1500;-0.278162;0.025578;0.089338
1501;-0.222254;0.170096;0.087606
1502;0.064468;0.196730;0.031545
1503;0.092912;0.041043;-0.048064
1504;0.026563;-0.222943;0.119960
1505;-0.133588;-0.136471;0.106881
1506;-0.135918;-0.230537;-0.065666
1507;0.011271;-0.334288;-0.009194
1508;0.148659;-0.253814;-0.095802
1509;0.038020;0.057307;-0.266732
1510;0.148697;0.236186;-0.354415
1511;0.101478;0.358273;-0.264790
1512;-0.210717;0.386586;0.394738
1513;-0.209524;-0.227950;0.211260
1514;0.103453;-0.249871;0.233772
1515;-0.060738;0.211866;0.229727
1516;-0.244047;-0.035040;-0.035908
1517;0.248323;-0.047733;0.115730
1518;0.032166;-0.243445;0.087353
1519;-0.064790;-0.120996;-0.026121
1520;0.109201;-0.056555;-0.104935
1521;0.028488;-0.055936;-0.154955
1522;0.116183;-0.019191;-0.147426
1523;0.274552;0.051956;-0.131685
1524;0.267005;0.134905;-0.335892
1525;0.206000;0.158464;0.037114
1526;-0.074712;0.044062;0.208122
1527;-0.319947;0.011488;-0.011610
1528;-0.114592;0.224494;0.043967
1529;0.185307;0.216391;0.047983
1530;0.134697;-0.085231;-0.013891
1531;-0.092928;-0.153557;0.055195
1532;-0.149301;-0.155921;0.072746
1533;-0.035952;-0.325101;0.072044
1534;0.118661;-0.255417;0.043185
1535;0.096122;-0.066634;-0.207346
1536;0.032476;0.124524;-0.294332
1537;0.182636;-0.012579;-0.276427
1538;-0.040310;0.533055;0.108094
1539;-0.007186;0.089590;0.446171
1540;-0.178123;-0.200416;0.057739
1541;0.034183;0.031531;0.294061
1542;-0.126547;0.074439;0.036716
1543;0.017816;-0.052054;0.067384
1544;0.161755;-0.193808;0.050182
1545;-0.040539;-0.242850;0.015674
1546;0.034438;0.003838;-0.077856
1547;0.076674;-0.061180;-0.176778
1548;0.062774;-0.023194;-0.099953
1549;0.230275;0.017772;-0.146990
1550;0.297315;0.077882;-0.152602
1551;0.137503;0.268446;0.101614
1552;-0.134760;0.053646;0.071970
1553;-0.233149;0.009256;-0.138403
1554;0.047796;0.184668;0.076513
1555;0.052557;0.122410;0.004691
1556;-0.056452;-0.129310;0.053355
1557;-0.065770;-0.191237;0.123984
1558;-0.084386;-0.220832;-0.023596
1559;-0.008598;-0.252520;0.046798
1560;0.080734;-0.169361;-0.070693
1561;0.071710;0.006416;-0.236405
1562;0.049502;0.064053;-0.184009
1563;0.075041;0.039013;-0.221809
1564;0.007078;0.498240;-0.034026
1565;-0.015999;0.144817;0.298025
1566;-0.257287;-0.251422;0.286921
1567;0.040497;-0.142317;0.241551
1568;-0.281433;0.159554;0.134797
1569;-0.031583;0.006517;-0.060200
1570;0.295709;-0.081604;0.038958
1571;-0.014351;-0.240400;0.024534
1572;-0.015859;-0.112047;-0.056445
1573;0.117470;-0.071043;-0.207682
1574;0.143690;0.019595;-0.095480
1575;0.092926;0.019620;-0.161469
1576;0.257696;0.097775;-0.149005
1577;0.054830;0.181207;-0.196132
1578;0.201685;0.279029;0.121163
1579;-0.086939;-0.010968;0.112306
1580;-0.296741;-0.085488;-0.099154
1581;0.032099;0.099489;0.174459
1582;0.171799;0.196728;-0.068072
1583;0.152815;-0.064682;0.152784
1584;-0.079788;-0.152348;0.066274
1585;-0.094993;-0.275217;0.034589
1586;-0.058928;-0.226029;-0.038714
1587;0.032892;-0.090888;0.024496
1588;-0.015546;0.121727;-0.338520
1589;0.088411;-0.077611;-0.199728
1590;0.066185;0.235044;0.032732
1591;0.096422;0.279783;0.110618
1592;-0.197419;-0.087855;0.153782
1593;-0.077877;-0.198148;0.111060
1594;-0.019739;0.137436;0.094979
1595;0.058061;0.024979;0.038429
1596;0.093791;-0.091641;0.100880
1597;0.064884;-0.097736;0.044152
1598;-0.019117;-0.023947;0.000586
1599;0.038600;-0.010761;-0.057498
1600;0.111366;-0.027381;0.028598
1601;0.051905;-0.012961;-0.023509
1602;0.016084;-0.065449;-0.099121
1603;0.061718;-0.068519;-0.040497
1604;0.155500;0.039132;0.045909
1605;0.171904;0.159363;0.031448
1606;-0.046082;0.013436;-0.080777
1607;-0.011847;-0.006304;-0.029170
1608;0.040926;-0.046976;-0.028223
1609;0.079149;-0.071329;-0.022124
1610;0.000535;-0.023676;-0.038489
1611;-0.065878;0.011482;-0.038868
1612;-0.016443;0.006772;-0.062968
1613;0.001919;0.064262;-0.033333
1614;0.037067;0.070230;-0.043963
1615;-0.057923;0.007599;0.012022
1616;-0.020526;-0.031639;-0.020335
1617;-0.005848;-0.038149;-0.030840
1618;-0.017239;-0.064351;-0.044891
1619;0.060746;-0.055938;-0.106104
1620;0.020181;-0.024710;-0.079192
1621;0.032736;-0.046297;-0.074985
1622;0.027947;-0.089762;-0.028732
1623;0.017051;0.028082;-0.044375
1624;-0.117440;0.094091;0.053850
1625;-0.033354;0.027201;0.069590
1626;0.071029;-0.014164;-0.034860
1627;0.048113;-0.056359;0.075098
1628;-0.039465;-0.010432;0.067915
1629;0.040605;-0.011956;-0.014029
1630;0.081407;-0.019301;-0.011296
1631;0.043343;-0.012510;-0.020367
1632;0.037654;-0.022495;-0.014360
1633;0.035390;-0.008124;-0.008669
1634;0.020530;-0.010763;-0.020795
1635;0.015424;-0.000701;-0.004846
1636;0.008866;0.000717;-0.001857
1637;-0.007506;-0.008756;0.000431
1638;0.000904;0.002877;0.004994
1639;0.000984;0.001713;0.001588
1640;0.004283;-0.000637;-0.005826
1641;0.007544;-0.006177;0.000052
1642;0.009333;-0.011509;-0.009485
1643;0.020176;0.000530;-0.012138
1644;0.018348;-0.005838;-0.008890
1645;0.011275;-0.008928;-0.010683
1646;0.006969;-0.008425;-0.005974
1647;-0.003529;-0.006462;-0.001305
1648;-0.003790;-0.004072;-0.009804
1649;0.001363;-0.001635;-0.004670
1650;-0.002704;-0.012248;-0.001586
1651;0.001926;-0.003005;-0.003197
1652;0.009651;-0.006726;-0.014398
1653;0.003896;-0.006332;-0.016852