index;x;y;z
0;0.012759;-0.009293;0.004999
1;-0.014561;-0.038879;-0.006084
2;-0.014096;-0.023166;0.003671
3;0.013216;0.013982;0.006083
4;0.003662;0.005979;-0.008772
5;0.001628;-0.008496;-0.000199
6;-0.004016;-0.011182;0.001796
7;-0.007020;-0.005622;-0.004539
8;-0.000525;-0.001826;-0.004195
9;0.004621;0.002490;-0.007714
10;0.004265;-0.005068;-0.007747
11;-0.006008;-0.010460;0.003433
12;0.000013;-0.011825;0.011465
13;-0.004094;-0.003508;0.011248
14;0.002965;-0.008666;0.007522
15;0.022075;0.000692;-0.009766
16;0.026609;-0.007478;0.004087
17;0.042070;-0.020928;0.011972
18;0.026005;-0.006167;-0.015872
19;0.060209;-0.009534;-0.016784
20;0.033401;-0.006034;0.009051
21;-0.029076;0.022340;0.013755
22;-0.060373;0.009007;0.034754
23;-0.070556;0.000934;0.031326
24;-0.059047;0.014682;0.025773
25;-0.014250;-0.004893;-0.015902
26;0.042169;-0.031795;-0.017402
27;0.044740;-0.037818;-0.036436
28;0.033259;-0.025093;-0.042452
29;0.007464;-0.001769;-0.020575
30;-0.023686;-0.018529;-0.020164
31;-0.008990;0.001511;-0.003032
32;-0.022534;0.002220;-0.009837
33;-0.031969;-0.007431;0.004120
34;-0.064415;0.020124;-0.020538
35;-0.062147;0.020646;-0.032045
36;-0.039120;0.005026;0.006823
37;-0.030586;0.007597;0.013506
38;-0.033642;0.010777;0.029004
39;-0.028666;0.012385;0.021266
40;-0.021640;-0.005563;0.019204
41;-0.007075;-0.010206;0.009388
42;-0.000825;0.007464;0.022963
43;-0.029666;-0.017240;0.028918
44;-0.006419;-0.002131;0.012170
45;0.013079;-0.009241;-0.000967
46;0.009901;-0.008575;-0.011259
47;-0.025136;0.016257;-0.015404
48;-0.025464;-0.000436;0.005872
49;0.015999;0.012758;0.018330
50;0.052410;-0.024779;-0.010187
51;0.026714;-0.025824;-0.024570
52;-0.018982;0.000190;-0.008761
53;-0.021909;0.008326;0.002216
54;-0.024008;-0.002626;-0.004792
55;-0.011124;-0.004403;0.024241
56;0.004080;-0.012662;0.007654
57;0.030245;-0.004591;0.006804
58;0.012644;-0.017521;-0.005800
59;0.003231;-0.017250;0.003249
60;-0.017826;0.000851;0.028284
61;-0.014424;0.033168;0.051013
62;0.031835;-0.035251;0.054491
63;0.031557;-0.038232;0.044350
64;0.025567;0.027273;0.047125
65;-0.025181;0.023244;0.058834
66;-0.044919;0.016574;0.042953
67;-0.008812;-0.033036;0.060969
68;0.051884;-0.015897;-0.014091
69;0.089344;-0.003402;0.011795
70;0.062346;-0.018507;0.029269
71;0.030440;-0.001764;0.017298
72;0.033531;0.022520;0.027595
73;-0.023886;0.003412;0.072325
74;-0.138119;-0.034266;0.071692
75;-0.127830;-0.014239;-0.042402
76;-0.076721;0.029347;-0.154180
77;-0.039087;0.119445;-0.011052
78;-0.064264;0.039965;-0.050771
79;-0.013033;-0.098635;-0.041630
80;-0.012984;-0.135943;-0.077048
81;0.038670;-0.046468;-0.118311
82;-0.042333;-0.019772;-0.181380
83;-0.175698;-0.014262;-0.189221
84;-0.032597;-0.084338;-0.186412
85;0.016776;-0.190549;-0.124839
86;-0.053768;-0.163438;-0.013986
87;-0.134931;0.713425;-0.086471
88;-0.041820;0.012149;0.058666
89;0.042378;-0.236717;0.206201
90;0.073861;-0.128018;0.283252
91;-0.046737;0.162611;0.093490
92;0.043553;0.029655;-0.049106
93;0.145831;-0.121146;0.131521
94;0.053294;-0.059778;0.053159
95;0.035532;0.004293;0.039262
96;0.021968;-0.087215;-0.020759
97;0.084888;-0.052264;-0.007401
98;0.040486;-0.010923;-0.103240
99;0.075843;-0.046819;-0.080313
100;0.138967;-0.038844;-0.058190
101;0.107459;0.034763;0.011866
102;0.090797;0.204490;0.049502
103;0.111362;0.221598;-0.041168
104;-0.056200;0.019082;0.044967
105;-0.169808;-0.158239;0.093792
106;-0.064528;-0.086176;0.062251
107;0.091725;0.115367;0.035748
108;-0.037656;0.143029;0.040393
109;-0.111500;-0.047826;0.005665
110;-0.072531;-0.074381;0.061954
111;-0.101806;-0.066232;0.009324
112;-0.055822;-0.123320;-0.019227
113;0.077613;-0.072943;-0.013454
114;0.005141;-0.077833;-0.102878
115;-0.032279;-0.089184;-0.099356
116;0.037144;-0.000417;-0.142309
117;-0.015437;0.014706;-0.151335
118;0.115934;-0.117251;-0.247364
119;-0.004140;0.395632;-0.019074
120;-0.288642;0.220617;0.205527
121;-0.040413;-0.143574;0.068455
122;-0.083646;-0.290807;0.242716
123;-0.064169;0.091902;0.196606
124;-0.012061;0.172740;-0.070637
125;0.151898;-0.103034;0.096697
126;0.000879;-0.130712;0.105780
127;0.034876;-0.024478;0.036076
128;0.038086;-0.030463;0.017768
129;-0.053659;-0.068129;0.069745
130;0.067427;-0.021914;-0.059029
131;0.070931;0.053850;-0.073783
132;0.009021;-0.016324;-0.048345
133;0.124888;0.024959;-0.099388
134;0.112044;-0.010170;-0.127058
135;0.153247;0.056675;-0.056162
136;0.168501;0.082942;0.124644
137;-0.155050;0.036557;-0.018502
138;-0.174678;0.016867;-0.015299
139;0.073158;0.170684;0.033454
140;0.041115;0.053913;0.067808
141;-0.104552;0.062801;0.047168
142;-0.127203;-0.078292;0.047166
143;-0.084421;-0.106544;0.080743
144;-0.067991;-0.206410;0.022972
145;0.031142;-0.129004;0.083078
146;0.038639;-0.080324;-0.063849
147;-0.016039;-0.111741;-0.121522
148;0.084481;0.064847;-0.199376
149;0.135840;0.105413;-0.185071
150;-0.004118;0.168373;-0.204491
151;-0.222157;0.330985;0.198051
152;-0.278204;-0.062980;0.096791
153;-0.063642;-0.344173;0.350321
154;0.009598;-0.022488;0.288095
155;0.101567;0.325618;-0.109612
156;0.055523;-0.031717;0.101029
157;0.049772;-0.148311;0.092607
158;0.066574;-0.169748;0.011255
159;0.068092;-0.075849;-0.057696
160;0.162917;-0.098068;-0.098852
161;0.160319;-0.021325;-0.083290
162;0.059181;-0.001134;-0.113822
163;0.249044;0.164904;-0.139436
164;0.232917;0.231329;-0.041066
165;-0.042805;0.044705;0.129125
166;-0.377201;-0.090977;-0.031218
167;-0.076061;0.110671;0.066323
168;0.075882;0.236915;-0.001026
169;0.016880;0.041398;0.087114
170;-0.126540;-0.181638;0.091577
171;-0.150129;-0.173161;0.092368
172;-0.170919;-0.175062;-0.009338
173;-0.028694;-0.179116;-0.105000
174;-0.068492;0.055994;-0.022817
175;-0.079244;0.296485;-0.221660
176;0.010697;0.035631;-0.052720
177;-0.226026;0.229203;0.233078
178;0.000720;-0.032808;0.178349
179;-0.105838;-0.218092;0.412270
180;0.027812;0.091827;-0.085918
181;0.019570;0.096667;-0.074929
182;0.061829;-0.103919;0.024367
183;0.151156;-0.205311;0.020152
184;0.019089;-0.148798;-0.041517
185;0.135448;-0.041609;-0.098562
186;0.143886;-0.041160;-0.080312
187;0.257599;0.092755;-0.214133
188;0.288631;0.204279;-0.163814
189;0.311927;0.315495;-0.006833
190;-0.085012;-0.131410;0.119809
191;-0.434933;-0.130580;0.031806
192;-0.073612;0.236539;0.110086
193;0.223280;0.218963;-0.010185
194;0.015533;-0.062173;0.094300
195;-0.101731;-0.146216;0.146893
196;-0.201129;-0.180056;0.087803
197;-0.127058;-0.120900;-0.121202
198;0.033053;-0.129415;-0.162210
199;-0.004121;0.065786;0.059391
200;0.072168;0.038707;-0.360482
201;-0.208726;0.132125;0.269292
202;-0.165314;0.215415;0.227075
203;-0.009327;-0.224956;0.222684
204;0.086719;-0.102081;0.152860
205;0.037653;0.259047;0.037315
206;-0.056686;-0.006904;0.074056
207;0.071315;-0.170280;0.116014
208;-0.019977;-0.180536;-0.016549
209;0.075930;-0.007077;-0.132847
210;0.123995;-0.046710;-0.120741
211;0.173319;-0.096654;-0.136753
212;0.345141;0.095287;-0.261495
213;0.286078;0.093210;-0.084512
214;0.137404;0.178495;0.097683
215;-0.265236;0.024008;0.024341
216;-0.362941;0.120788;0.023416
217;0.113545;0.154154;0.128242
218;0.217330;0.209403;-0.024691
219;-0.010184;-0.066487;0.192572
220;-0.136084;-0.180915;0.131866
221;-0.225096;-0.150881;-0.032250
222;-0.041962;-0.296566;-0.035455
223;0.195325;-0.287335;0.065542
224;-0.073959;0.398615;-0.144962
225;-0.223426;0.067341;-0.426011
226;0.012384;0.369994;0.417665
227;-0.268543;-0.171978;0.200354
228;0.204283;-0.140152;0.407786
229;-0.051339;0.221715;0.202123
230;-0.131002;0.029186;-0.155136
231;-0.000848;-0.112965;0.138869
232;0.131700;-0.105692;0.076010
233;0.033727;-0.176517;-0.012030
234;0.099471;-0.078781;-0.064773
235;0.154341;-0.054278;-0.101476
236;0.121455;-0.032019;-0.178159
237;0.332121;0.138385;-0.200321
238;0.294557;0.171200;-0.136034
239;0.165945;0.299148;-0.065550
240;-0.193590;-0.094948;0.055443
241;-0.397135;-0.094571;0.047208
242;0.043896;0.101757;0.157795
243;0.110331;0.224062;-0.064810
244;-0.056946;-0.028438;0.094134
245;-0.096835;-0.124583;0.096946
246;-0.187111;-0.181878;0.069888
247;-0.148339;-0.228195;-0.133647
248;0.119275;-0.217849;-0.149410
249;0.096327;0.139798;-0.038258
250;0.029263;0.355741;-0.474435
251;-0.127633;0.233598;0.402079
252;-0.249745;-0.263361;0.369522
253;-0.007816;-0.107157;0.106243
254;0.001132;0.151905;0.225721
255;0.018557;0.173390;-0.081958
256;0.024897;-0.072691;0.111390
257;0.043043;-0.167373;0.029390
258;0.094442;-0.097175;-0.057785
259;0.116058;-0.022862;-0.186278
260;0.156628;-0.095352;-0.227938
261;0.157318;-0.109178;-0.123684
262;0.338148;0.048365;-0.320112
263;0.250507;0.255436;0.036379
264;-0.061755;0.186706;0.188768
265;-0.398267;0.178115;0.066144
266;-0.146468;0.152073;0.090841
267;0.104714;0.128222;-0.005767
268;0.201332;-0.047996;0.052830
269;-0.022828;-0.223224;0.189885
270;-0.189750;-0.212426;0.124310
271;-0.169759;-0.176480;-0.018700
272;-0.018821;-0.206231;-0.048729
273;-0.006975;-0.048109;-0.049137
274;0.049204;0.323137;-0.281174
275;-0.004755;0.173796;-0.261314
276;-0.330611;0.420989;0.393524
277;-0.082028;-0.186794;0.139972
278;0.079732;-0.293980;0.433715
279;-0.073577;0.213503;0.014101
280;-0.038621;0.089785;-0.082042
281;0.095383;-0.072564;0.225075
282;-0.000956;-0.205546;0.043090
283;0.002843;-0.129088;-0.031786
284;0.149920;-0.028842;-0.118662
285;0.115657;-0.089514;-0.152793
286;0.149104;-0.070280;-0.206195
287;0.406214;0.190520;-0.246959
288;0.307045;0.219595;-0.096995
289;0.189473;0.162485;0.034608
290;-0.448053;-0.027196;0.025149
291;-0.337130;0.059762;0.036338
292;0.131012;0.166643;0.099487
293;0.173858;0.158565;0.013543
294;0.036320;-0.096577;0.142988
295;-0.171012;-0.210599;0.158744
296;-0.162435;-0.228172;0.084370
297;-0.091996;-0.215119;-0.075755
298;0.050517;-0.197803;-0.116562
299;0.033549;0.185434;-0.093949
300;0.139030;0.115316;-0.481910
301;-0.050964;0.462871;0.147013
302;-0.393509;0.157261;0.401084
303;0.160328;-0.301092;0.185505
304;0.022533;-0.192718;0.439552
305;-0.125463;0.234298;0.036237
306;-0.113844;-0.009566;-0.107171
307;0.187330;-0.165576;0.212456
308;-0.019403;-0.231778;-0.005831
309;0.067483;-0.024498;-0.120623
310;0.153368;-0.069787;-0.156155
311;0.129100;-0.036133;-0.216083
312;0.305219;0.008023;-0.131265
313;0.290759;0.154356;-0.350003
314;0.211064;0.220341;0.019185
315;0.025012;0.086114;0.186732
316;-0.467046;0.081345;0.008579
317;-0.061892;0.203552;0.108885
318;0.136216;0.142564;-0.012036
319;0.041620;0.007620;0.112200
320;-0.056278;-0.192430;0.178365
321;-0.244396;-0.192064;0.130474
322;-0.249264;-0.259827;0.065221
323;-0.027616;-0.163907;-0.009753
324;0.109384;-0.074878;-0.159124
325;0.061731;0.328672;-0.311390
326;0.066701;-0.085745;-0.146867
327;-0.408806;0.570297;0.320361
328;-0.125146;0.061731;0.194505
329;0.208340;-0.288320;0.262810
330;0.197939;0.015503;0.223979
331;-0.202675;0.002787;-0.116933
332;-0.058360;-0.107866;0.125677
333;0.097359;-0.089921;0.126976
334;-0.003641;-0.138331;-0.091995
335;0.142921;-0.070419;-0.111638
336;0.184608;-0.063266;-0.164987
337;0.190825;-0.076882;-0.198114
338;0.152952;0.031198;-0.120636
339;0.249916;0.240221;-0.319017
340;0.183466;0.208267;0.116193
341;-0.188475;0.066485;0.113931
342;-0.365793;0.179461;-0.114167
343;-0.021208;0.184682;0.097274
344;0.153305;0.097282;0.032924
345;0.013387;-0.124171;0.142664
346;-0.114282;-0.219656;0.194718
347;-0.210263;-0.280352;0.156512
348;-0.114405;-0.256328;-0.027182
349;-0.000822;-0.088914;-0.213831
350;0.027667;0.098127;-0.220807
351;-0.004550;0.154160;-0.349409
352;0.037484;0.144424;-0.166834
353;-0.233205;0.577516;0.415624
354;-0.023370;-0.158014;0.186960
355;0.056572;-0.293695;0.329094
356;-0.023474;0.212024;0.181084
357;-0.188090;0.030332;-0.119332
358;0.147245;-0.106000;0.148257
359;0.044999;-0.232363;0.052238
360;-0.051043;-0.114658;-0.053625
361;0.140307;-0.009519;-0.126436
362;0.113086;-0.064810;-0.236975
363;0.217747;-0.092209;-0.135975
364;0.250982;0.047014;-0.139679
365;0.272421;0.253857;-0.289818
366;0.163002;0.187773;0.170830
367;-0.288685;0.072607;0.134129
368;-0.307264;0.208664;0.014137
369;-0.010441;0.141290;0.057073
370;0.115080;0.045191;0.041790
371;0.006726;-0.205365;0.178946
372;-0.193167;-0.302045;0.098160
373;-0.110524;-0.223254;0.009193
374;-0.065912;-0.165950;-0.054019
375;0.082479;-0.163831;-0.172608
376;0.093442;0.151753;-0.203661
377;0.098736;0.131174;-0.352911
378;-0.030246;0.525369;0.125894
379;-0.327911;0.164429;0.329211
380;-0.000884;-0.268782;0.281559
381;-0.037188;-0.222519;0.326868
382;-0.115270;0.219478;0.029618
383;-0.043748;0.012584;-0.065425
384;0.198628;-0.130926;0.170490
385;0.021466;-0.191198;0.038049
386;-0.014839;-0.019045;-0.086026
387;0.121952;-0.028160;-0.158260
388;0.090842;-0.092036;-0.211715
389;0.200336;-0.110038;-0.042164
390;0.248989;0.190762;-0.327341
391;0.229153;0.221662;-0.197061
392;0.160407;0.116530;0.192373
393;-0.402506;-0.020481;0.099496
394;-0.281002;0.221762;0.058313
395;-0.000119;0.240621;-0.006286
396;0.209588;0.093297;0.074540
397;0.070999;-0.160834;0.234667
398;-0.261273;-0.240271;0.073282
399;-0.165532;-0.269612;0.031832
400;0.023311;-0.220153;0.003371
401;0.061238;-0.085346;-0.121112
402;0.034292;0.098390;-0.227969
403;0.192603;-0.100371;-0.321756
404;-0.013059;0.650225;0.279580
405;-0.292552;0.225826;0.160031
406;0.050889;-0.421830;0.304913
407;0.057800;-0.184544;0.376643
408;-0.170536;0.400799;-0.066467
409;-0.025602;-0.038218;0.049481
410;0.089337;-0.167006;0.191467
411;0.046047;-0.202402;-0.061825
412;0.044404;-0.059283;-0.034254
413;0.178360;-0.060596;-0.155091
414;0.142622;-0.087505;-0.182524
415;0.273589;-0.092111;-0.065401
416;0.304324;0.201483;-0.300195
417;0.275968;0.336109;-0.028118
418;0.016156;0.042322;0.147685
419;-0.408019;-0.034359;0.034644
420;-0.158116;0.232207;0.050775
421;0.112868;0.188766;-0.021376
422;0.137739;-0.015609;0.071492
423;-0.004284;-0.163430;0.157142
424;-0.233581;-0.219604;0.134266
425;-0.219031;-0.297219;0.063150
426;-0.016396;-0.156011;-0.183673
427;0.082873;-0.153280;-0.117655
428;-0.022298;0.372989;-0.231053
429;0.039509;0.098506;-0.540914
430;-0.260178;0.486999;0.631752
431;-0.202794;-0.107983;0.130320
432;0.058899;-0.247144;0.299340
433;-0.103804;0.021015;0.234325
434;-0.129263;0.165265;-0.049967
435;0.132893;-0.004536;0.136685
436;0.063020;-0.215747;0.028614
437;0.018034;-0.180966;-0.000912
438;0.089263;0.011306;-0.176247
439;0.135440;-0.092011;-0.255575
440;0.215943;-0.144370;-0.154479
441;0.294270;-0.007072;-0.125118
442;0.254774;0.239533;-0.140749
443;0.199640;0.187324;0.026348
444;-0.278649;0.018641;0.023620
445;-0.345581;0.056545;0.074993
446;0.031817;0.240971;0.123074
447;0.189394;0.232290;-0.023577
448;-0.053350;-0.096865;0.108084
449;-0.078149;-0.177881;0.116659
450;-0.203957;-0.235817;0.089904
451;-0.157093;-0.274948;0.039395
452;0.020760;-0.177770;-0.109458
453;-0.017033;-0.033608;-0.215509
454;0.073638;0.266220;-0.367693
455;-0.037226;0.385783;-0.132469
456;-0.283226;0.221289;0.458198
457;0.040237;-0.186667;0.173506
458;0.011305;-0.269669;0.455615
459;-0.187106;0.264911;0.135117
460;-0.010208;0.048831;-0.108500
461;0.174938;-0.140985;0.281838
462;0.035881;-0.227735;-0.006362
463;0.075737;-0.079632;-0.073700
464;0.129618;-0.044632;-0.166749
465;0.110235;-0.086243;-0.227422
466;0.272529;-0.065432;-0.154940
467;0.194184;0.082295;-0.197219
468;0.212490;0.283281;-0.118508
469;0.253490;0.111115;0.124388
470;-0.344185;0.033119;0.021159
471;-0.282964;0.120791;0.069397
472;0.191940;0.124062;0.065259
473;0.181048;0.091594;0.029576
474;0.027701;-0.140640;0.142804
475;-0.188109;-0.225550;0.079883
476;-0.174703;-0.252463;0.085192
477;-0.029654;-0.227195;-0.075268
478;0.093246;-0.143133;-0.074487
479;-0.101877;0.257311;-0.246858
480;0.145092;0.012508;-0.400111
481;-0.056939;0.644645;0.383043
482;-0.314745;0.044594;0.262591
483;0.123731;-0.373054;0.215925
484;-0.146304;-0.172998;0.255229
485;-0.031236;0.347423;0.049327
486;0.046569;-0.031901;-0.051204
487;0.161883;-0.222813;0.184980
488;-0.022333;-0.188006;-0.017632
489;0.052720;-0.004561;-0.156343
490;0.150609;-0.044297;-0.193143
491;0.149343;-0.066994;-0.245276
492;0.279820;-0.018605;-0.107119
493;0.279640;0.222048;-0.202434
494;0.299791;0.186629;0.011675
495;-0.238549;0.022913;0.037465
496;-0.503933;0.153718;0.001499
497;-0.036749;0.158410;0.198899
498;0.215612;0.216890;-0.104616
499;0.026053;-0.067702;0.122663
500;-0.097442;-0.183666;0.185671
501;-0.235307;-0.316317;0.130399
502;-0.085129;-0.294456;0.022980
503;0.102745;-0.180055;-0.246952
504;0.012551;0.032129;-0.112125
505;0.011865;0.332570;-0.457967
506;-0.050607;0.547696;0.105619
507;-0.148685;-0.045723;0.363405
508;0.092062;-0.230765;0.198953
509;-0.068985;-0.095689;0.449859
510;-0.222539;0.258636;-0.107901
511;0.043390;-0.040045;0.041638
512;0.171146;-0.156106;0.217105
513;0.018240;-0.208452;-0.041960
514;-0.002722;-0.086580;-0.091751
515;0.131560;-0.068128;-0.167082
516;0.225331;-0.050702;-0.266617
517;0.292825;-0.067503;-0.083430
518;0.314992;0.173404;-0.351993
519;0.332529;0.273958;0.045240
520;-0.027579;0.091285;0.144750
521;-0.419519;0.123320;0.030087
522;-0.104519;0.189517;0.152152
523;0.228786;0.216623;-0.019734
524;0.100604;-0.050152;0.134198
525;-0.083168;-0.224127;0.189800
526;-0.214565;-0.247015;0.169264
527;-0.138856;-0.260571;0.010638
528;0.028132;-0.199629;-0.071690
529;-0.041764;-0.025001;-0.055315
530;0.044560;0.293007;-0.351048
531;0.148344;-0.014091;-0.324989
532;-0.304026;0.617415;0.502558
533;-0.216099;0.002497;0.087313
534;0.257937;-0.296694;0.380645
535;-0.082172;-0.054423;0.395930
536;-0.328258;0.186367;-0.168225
537;0.040284;-0.021827;0.101040
538;0.144892;-0.195562;0.130182
539;-0.034999;-0.228038;0.028229
540;0.029858;0.015108;-0.199066
541;0.086001;-0.041904;-0.228914
542;0.087734;-0.115072;-0.182968
543;0.201680;-0.027668;-0.200799
544;0.152140;0.233116;-0.339678
545;0.326747;0.438235;0.077944
546;0.045545;0.082123;0.112139
547;-0.446084;0.030841;-0.022398
548;-0.108262;0.136939;0.106928
549;0.278057;0.045663;-0.015704
550;0.186873;-0.006110;0.082353
551;-0.186077;-0.173317;0.044729
552;-0.216725;-0.280543;0.201611
553;-0.096080;-0.316789;-0.020888
554;0.079542;-0.152754;-0.113923
555;0.049830;0.001622;-0.206216
556;0.096495;0.303627;-0.379192
557;-0.043420;0.458267;-0.237321
558;-0.287185;0.114486;0.635297
559;-0.051555;-0.233989;0.082636
560;0.174862;-0.236326;0.398667
561;-0.132049;0.205143;0.116113
562;-0.015538;-0.003219;-0.124606
563;0.153302;-0.091545;0.221587
564;-0.026214;-0.211177;0.002301
565;-0.020239;-0.103125;-0.075540
566;0.181793;-0.013165;-0.149151
567;0.074207;-0.071541;-0.199767
568;0.282624;-0.079767;-0.182209
569;0.225160;0.038731;-0.176634
570;0.299579;0.225742;-0.240089
571;0.108250;0.175712;0.157373
572;-0.420039;0.058298;0.109097
573;-0.300074;0.208193;0.072301
574;0.072192;0.162081;-0.001183
575;0.095965;0.049522;0.027382
576;0.050736;-0.174542;0.183845
577;-0.205960;-0.287438;0.113749
578;-0.111652;-0.306183;0.083362
579;-0.011395;-0.210854;-0.077371
580;0.136725;-0.141989;-0.195796
581;-0.042756;0.241722;-0.191320
582;0.026994;0.121693;-0.414331
583;0.010924;0.440500;0.227451
584;-0.334140;0.170991;0.291375
585;0.079474;-0.197691;0.283089
586;0.061390;-0.210570;0.400443
587;-0.097803;0.247952;0.002259
588;-0.117725;0.016076;-0.011678
589;0.155010;-0.106972;0.178531
590;-0.078605;-0.293739;0.040295
591;-0.023044;-0.073752;-0.045909
592;0.214266;-0.049830;-0.210875
593;0.127022;-0.072815;-0.232649
594;0.186169;-0.094991;-0.078974
595;0.303663;0.265684;-0.338963
596;0.250331;0.303446;-0.060330
597;0.233805;0.063824;0.141024
598;-0.457244;-0.069344;0.063785
599;-0.258247;0.149639;-0.006562
600;0.177570;0.205519;0.082975
601;0.251452;0.110303;-0.009432
602;0.098927;-0.192530;0.155601
603;-0.220382;-0.290111;0.173082
604;-0.169509;-0.316076;-0.002913
605;-0.014421;-0.237330;-0.103021
606;0.110606;-0.148544;-0.104826
607;0.006247;0.375345;-0.242271
608;0.130473;0.150766;-0.414699
609;-0.127782;0.744477;0.442650
610;-0.166045;-0.228748;0.341585
611;0.006572;-0.326909;0.192530
612;-0.193008;0.011020;0.320884
613;-0.183096;0.300830;0.014309
614;0.117572;-0.087754;-0.012244
615;0.205070;-0.255741;0.110969
616;-0.029408;-0.137847;-0.018150
617;0.098509;0.011022;-0.160360
618;0.101687;-0.041561;-0.236920
619;0.166430;-0.117938;-0.129590
620;0.247565;0.061185;-0.240700
621;0.198507;0.135422;-0.295925
622;0.113748;0.226838;0.099328
623;-0.178248;0.037273;0.114166
624;-0.382651;0.163947;-0.047789
625;-0.042838;0.179287;0.134952
626;0.236384;0.124503;-0.049574
627;0.137530;-0.091676;0.119717
628;-0.077966;-0.230998;0.152651
629;-0.232647;-0.261404;0.132984
630;-0.165315;-0.251472;-0.018890
631;0.095799;-0.209594;-0.150384
632;0.105377;0.090939;-0.141845
633;0.017092;0.244935;-0.456079
634;0.076528;0.167719;-0.148094
635;-0.358399;0.518269;0.455936
636;-0.109863;-0.289406;0.150949
637;0.057723;-0.320349;0.304741
638;0.096370;0.260630;0.229546
639;-0.094602;0.050947;-0.116585
640;0.140553;-0.141952;0.167655
641;-0.057181;-0.267942;0.089509
642;-0.021787;-0.061816;-0.058932
643;0.134000;-0.004414;-0.143580
644;0.100085;-0.046890;-0.216718
645;0.297014;-0.042322;-0.008560
646;0.232806;0.134298;-0.294908
647;0.290398;0.252642;-0.108728
648;-0.006959;0.136978;0.112245
649;-0.381273;-0.067924;0.090786
650;-0.249777;0.205872;0.050478
651;0.068534;0.265084;-0.061988
652;0.154542;0.076936;0.037459
653;0.020604;-0.199242;0.134366
654;-0.136633;-0.181061;0.155896
655;-0.201740;-0.370413;0.026524
656;0.081265;-0.233427;-0.153965
657;0.151934;-0.112628;-0.111438
658;-0.039494;0.330575;-0.291898
659;0.146627;-0.005127;-0.374270
660;-0.162858;0.591974;0.359434
661;-0.289378;0.135672;0.253367
662;0.116140;-0.330993;0.208128
663;0.003743;-0.254220;0.323840
664;-0.067138;0.295106;0.082135
665;0.010079;0.011679;-0.055348
666;0.136081;-0.218191;0.156456
667;-0.063161;-0.265865;0.035277
668;-0.003930;0.002679;-0.059136
669;0.215828;-0.035202;-0.178110
670;0.165430;-0.073939;-0.051807
671;0.242097;0.003445;-0.212748
672;0.424672;0.199371;-0.323898
673;0.229085;0.281441;-0.022144
674;-0.114133;-0.003406;0.087303
675;-0.363548;0.003033;0.067838
676;-0.099470;0.265222;0.076248
677;0.159867;0.184227;-0.053564
678;0.108077;-0.040442;0.102318
679;0.010195;-0.199368;0.198190
680;-0.218443;-0.261758;0.110169
681;-0.097620;-0.294648;-0.010595
682;0.053439;-0.241831;-0.013416
683;0.011839;0.030656;-0.105815
684;0.001363;0.321682;-0.411606
685;0.266424;-0.172227;-0.345579
686;-0.080685;0.616938;0.407186
687;-0.218935;-0.006699;0.283774
688;-0.013615;-0.186169;0.260580
689;-0.092732;-0.008542;0.319312
690;-0.229373;0.181005;-0.047864
691;0.033491;-0.050747;0.043530
692;0.140695;-0.195961;0.176362
693;-0.082642;-0.151952;-0.061688
694;0.030157;-0.035698;-0.141032
695;0.139268;-0.041899;-0.196836
696;0.111103;-0.072835;-0.268221
697;0.328855;-0.053755;-0.091305
698;0.230138;0.237274;-0.310323
699;0.353910;0.350930;-0.081222
700;-0.003192;0.026920;0.065938
701;-0.447457;0.036351;0.054897
702;-0.173694;0.150449;0.203052
703;0.114004;0.248138;-0.040413
704;0.075298;0.065007;0.069212
705;-0.048553;-0.157762;0.158592
706;-0.111927;-0.181965;0.145784
707;-0.200676;-0.348142;0.009488
708;0.033779;-0.272054;-0.046165
709;0.098911;0.008419;-0.289156
710;-0.004951;0.224494;-0.392664
711;0.143372;0.132121;-0.303861
712;-0.199703;0.377645;0.646285
713;-0.233190;-0.051564;0.122222
714;0.089986;-0.270207;0.351342
715;-0.067186;0.106422;0.222020
716;-0.041318;0.115417;-0.097086
717;0.131522;-0.055653;0.173585
718;0.037033;-0.255884;0.021111
719;-0.049142;-0.207051;0.007076
720;0.194347;0.007061;-0.157072
721;0.128842;-0.026663;-0.225644
722;0.147739;-0.090854;-0.182701
723;0.180841;0.024421;-0.167045
724;0.254065;0.212985;-0.295803
725;0.201685;0.314332;0.071475
726;-0.206005;-0.036529;0.085476
727;-0.349686;0.146422;-0.052568
728;0.051329;0.293491;0.139982
729;0.167002;0.118318;-0.046955
730;0.094026;-0.144064;0.217242
731;-0.086791;-0.235875;0.189238
732;-0.273965;-0.266092;0.083154
733;-0.027539;-0.231541;-0.060109
734;0.112090;-0.220236;-0.112823
735;0.068884;0.068293;-0.167289
736;0.069772;0.192965;-0.432339
737;0.123609;0.254810;-0.166318
738;-0.287033;0.342966;0.582258
739;-0.249434;-0.261582;0.105368
740;0.057756;-0.204336;0.293560
741;-0.017678;0.296808;0.211738
742;-0.132054;0.048424;-0.184848
743;0.314835;-0.098530;0.270060
744;-0.025200;-0.267266;0.046681
745;-0.073330;-0.082598;-0.093677
746;0.174114;-0.023221;-0.157989
747;-0.016958;-0.069140;-0.213516
748;0.113059;-0.049016;-0.063460
749;0.250366;0.094579;-0.271902
750;0.283797;0.224136;-0.043261
751;0.170289;0.204839;0.130091
752;-0.432484;0.035755;0.024374
753;-0.204888;0.198497;0.019016
754;0.221493;0.170780;-0.000226
755;0.260610;0.031317;0.061915
756;0.002149;-0.218507;0.135827
757;-0.145840;-0.238279;0.229089
758;-0.237605;-0.271922;-0.021804
759;-0.040786;-0.222313;-0.003585
760;0.097845;-0.118770;-0.099562
761;-0.016241;0.199598;-0.294855
762;0.199305;0.154248;-0.338758
763;-0.004986;0.284047;0.114565
764;-0.429946;0.275298;0.345256
765;-0.128109;-0.271047;0.096979
766;0.100842;-0.267315;0.245319
767;0.129852;0.334177;0.203947
768;-0.157574;0.004262;-0.054141
769;0.237494;-0.159993;0.198316
770;-0.119583;-0.266349;0.065007
771;-0.060143;-0.006682;-0.142384
772;0.210883;-0.003874;-0.150909
773;0.084760;-0.100690;-0.184610
774;0.223002;-0.059323;-0.040060
775;0.259534;0.134479;-0.265428
776;0.153218;0.158683;-0.062550
777;-0.005603;0.162915;0.111394
778;-0.264080;-0.024287;0.103145
779;-0.284493;0.315252;-0.000363
780;0.032002;0.288417;-0.077510
781;0.201867;0.015039;0.062778
782;0.103737;-0.262778;0.160770
783;-0.177468;-0.215663;0.142990
784;-0.201582;-0.321298;0.005289
785;0.021433;-0.260069;-0.148274
786;0.168180;-0.196582;0.027459
787;-0.009126;0.312347;-0.223517
788;0.161831;0.057349;-0.413315
789;0.048983;0.547897;0.153567
790;-0.300183;0.110840;0.251800
791;-0.088816;-0.209097;0.166689
792;0.004863;-0.333817;0.230272
793;0.102639;0.185167;0.181314
794;-0.039682;0.069188;-0.117697
795;0.177813;-0.142517;0.155546
796;-0.031066;-0.245788;0.059542
797;-0.018733;-0.020959;-0.055076
798;0.160627;-0.044740;-0.151351
799;0.134685;-0.014790;-0.221609
800;0.295342;-0.060251;-0.234880
801;0.296956;0.023441;-0.071678
802;0.232871;0.402541;-0.064090
803;-0.200033;0.217252;0.091433
804;-0.475162;0.095452;0.042441
805;-0.074807;0.229464;0.178271
806;0.244480;0.167143;-0.105356
807;0.032852;-0.044966;0.112332
808;-0.116345;-0.230375;0.147907
809;-0.121814;-0.228668;0.192521
810;-0.223138;-0.284660;0.004603
811;-0.034384;-0.219815;-0.035945
812;0.144028;-0.068860;-0.243256
813;-0.084145;0.217092;-0.245686
814;0.211342;0.007830;-0.413722
815;-0.043897;0.446863;0.106080
816;-0.320880;0.318332;0.346669
817;0.036898;-0.220170;0.179636
818;0.079136;-0.288855;0.469353
819;-0.086445;0.154263;0.147313
820;-0.264084;0.102648;-0.113392
821;0.212333;-0.096445;0.215737
822;-0.045171;-0.302671;0.104204
823;-0.011162;-0.071832;-0.093488
824;0.175929;-0.040620;-0.230778
825;0.060426;-0.047372;-0.235444
826;0.240016;-0.105324;-0.045927
827;0.184448;0.054395;-0.241236
828;0.248926;0.298665;-0.188753
829;0.262729;0.249604;-0.021624
830;-0.183192;-0.027377;0.064091
831;-0.474471;-0.030197;0.064845
832;-0.019778;0.134612;0.101452
833;0.377300;0.203734;-0.120246
834;0.074491;-0.029665;0.160903
835;-0.039770;-0.121944;0.109941
836;-0.246916;-0.257466;0.081815
837;-0.121980;-0.312427;0.036094
838;0.029451;-0.159523;-0.079332
839;0.029115;-0.127390;-0.086270
840;-0.015805;0.370281;-0.274264
841;0.125136;-0.004144;-0.415266
842;-0.200428;0.639748;0.434279
843;-0.134954;-0.007121;0.333745
844;0.112642;-0.333165;0.218267
845;-0.088149;-0.103378;0.335400
846;-0.110886;0.350363;-0.060567
847;0.122856;-0.040618;0.047337
848;0.086219;-0.256091;0.108433
849;-0.030095;-0.216179;-0.000037
850;0.084217;-0.022750;-0.149649
851;0.142653;-0.068424;-0.192036
852;0.112158;-0.102350;-0.198275
853;0.273760;-0.096296;-0.086267
854;0.265284;0.193668;-0.308189
855;0.274414;0.306910;-0.098988
856;0.163295;0.099391;0.161676
857;-0.426035;-0.017346;0.060778
858;-0.256767;0.203277;0.078864
859;0.012169;0.175267;0.050953
860;0.290174;0.107291;-0.006053
861;0.000452;-0.142769;0.076251
862;-0.094932;-0.182577;0.130813
863;-0.183142;-0.379612;0.067100
864;-0.083357;-0.277962;0.013263
865;0.079702;-0.088466;-0.073738
866;-0.148602;0.190229;-0.154154
867;0.146250;0.203886;-0.512872
868;0.057430;0.204287;-0.185445
869;-0.237375;0.330224;0.461223
870;-0.136201;-0.153731;0.125213
871;0.066458;-0.337430;0.389968
872;-0.129989;0.064473;0.191229
873;-0.141212;0.130309;0.000200
874;0.254504;-0.082267;0.220377
875;-0.016004;-0.226317;0.040194
876;0.033608;-0.093708;-0.083424
877;0.161129;-0.052789;-0.113942
878;0.061143;-0.053704;-0.205640
879;0.092857;-0.070595;-0.227199
880;0.225334;-0.013208;-0.193914
881;0.210680;0.145103;-0.222948
882;0.235030;0.312328;0.073398
883;-0.159392;0.053504;0.097945
884;-0.479145;0.017857;0.002960
885;0.110758;0.202572;0.172438
886;0.264106;0.213947;-0.006999
887;0.140720;-0.078932;0.184519
888;-0.102239;-0.226010;0.096657
889;-0.189342;-0.229909;0.075368
890;-0.103676;-0.266543;0.002563
891;0.027133;-0.213705;-0.141340
892;0.039597;-0.087927;-0.150760
893;-0.080378;0.232432;-0.260607
894;0.211327;0.116683;-0.486633
895;-0.126958;0.747986;0.410742
896;-0.176708;-0.038094;0.250618
897;0.135228;-0.334725;0.172406
898;-0.080893;-0.168325;0.448480
899;-0.276046;0.321650;-0.086929
900;0.133168;-0.032669;-0.008966
901;0.148476;-0.175958;0.165807
902;-0.053573;-0.228410;0.023272
903;0.098933;-0.032886;-0.132948
904;0.180520;-0.113587;-0.166792
905;0.116009;-0.045385;-0.237838
906;0.266278;-0.131434;-0.098231
907;0.309246;0.213395;-0.298761
908;0.237439;0.369105;-0.121343
909;0.266553;0.055869;0.170963
910;-0.420320;0.008621;0.099623
911;-0.438825;0.236834;0.076443
912;0.058208;0.178187;0.024642
913;0.275681;0.048073;-0.005752
914;0.140848;-0.167940;0.183451
915;-0.181603;-0.195724;0.119082
916;-0.205519;-0.317840;0.015111
917;-0.079530;-0.288240;-0.015118
918;0.113829;-0.096438;-0.162452
919;-0.030600;0.230330;-0.137430
920;0.123900;0.178493;-0.486458
921;0.063830;0.547882;0.170492
922;-0.222518;0.096234;0.386210
923;-0.060296;-0.329681;0.124656
924;-0.037272;-0.294008;0.401695
925;-0.083930;0.351642;0.173665
926;-0.154676;0.068163;-0.153581
927;0.186860;-0.154831;0.339620
928;-0.058167;-0.254154;0.053648
929;-0.000344;-0.034392;-0.106842
930;0.231333;-0.092920;-0.128687
931;0.136788;-0.069977;-0.267497
932;0.310440;-0.082845;-0.058582
933;0.379178;0.227628;-0.263703
934;0.177735;0.281845;-0.154235
935;0.193385;0.141621;-0.056488
936;-0.154388;-0.129919;0.205805
937;-0.466158;0.060176;0.084325
938;-0.154225;0.226830;0.018102
939;0.254549;0.213879;-0.019447
940;0.255708;-0.103044;0.117013
941;-0.015307;-0.222220;0.142291
942;-0.223497;-0.309165;0.103302
943;-0.094628;-0.290015;0.005473
944;0.019347;-0.172811;-0.153975
945;0.013776;0.052009;-0.041327
946;-0.056596;0.379156;-0.454436
947;0.138563;0.314822;-0.317784
948;-0.127733;0.234026;0.553067
949;-0.129772;-0.236874;0.179203
950;0.071880;-0.274733;0.274346
951;-0.174479;0.093389;0.222140
952;-0.144152;0.121306;-0.120826
953;0.229253;-0.040967;0.176213
954;-0.041135;-0.289219;0.081554
955;-0.101804;-0.113963;-0.037985
956;0.117623;-0.030557;-0.133111
957;0.184181;-0.078470;-0.222482
958;0.196029;-0.071018;-0.053703
959;0.336983;0.119643;-0.252972
960;0.255341;0.264156;-0.227030
961;0.174252;0.093854;0.007384
962;-0.167501;-0.136207;0.136223
963;-0.455377;0.169403;0.150581
964;-0.069311;0.373908;-0.007897
965;0.114489;0.185800;-0.024013
966;0.184137;-0.091866;0.128983
967;-0.080000;-0.096614;0.102377
968;-0.205993;-0.253313;0.083317
969;-0.068697;-0.403405;-0.094699
970;0.115541;-0.304612;0.039902
971;0.021679;0.202628;-0.271484
972;0.013808;0.187088;-0.335594
973;0.003866;0.246714;-0.161838
974;-0.187177;0.364352;0.268856
975;-0.063901;-0.267893;0.311061
976;-0.105973;-0.427126;0.207018
977;-0.095055;0.324749;0.111477
978;0.023460;0.111612;-0.004730
979;0.154702;-0.134611;0.163330
980;0.025809;-0.287612;0.038551
981;-0.065155;-0.059277;-0.120609
982;0.122681;-0.023339;-0.168375
983;0.282519;-0.090757;-0.246521
984;0.240497;-0.102081;-0.039521
985;0.448837;0.173020;-0.380069
986;0.326119;0.274956;0.002915
987;-0.127134;0.036528;0.096617
988;-0.439157;0.036579;0.074480
989;-0.139961;0.346836;0.074746
990;0.097402;0.201010;0.059873
991;0.123105;0.073117;-0.015696
992;-0.055216;-0.192931;0.170226
993;-0.103253;-0.241278;0.121830
994;-0.133962;-0.296239;0.056553
995;-0.052601;-0.283295;-0.006039
996;0.066323;-0.139860;-0.101021
997;-0.046893;0.273750;-0.239683
998;0.203415;0.073039;-0.444058
999;-0.044495;0.540771;0.178148
1000;-0.269052;0.113771;0.383566
1001;-0.014114;-0.269791;0.156140
1002;-0.019297;-0.241099;0.363911
1003;-0.079067;0.297015;0.164423
1004;-0.152438;-0.029741;-0.086463
1005;0.248320;-0.148462;0.218946
1006;-0.073100;-0.224627;0.093725
1007;0.070413;-0.003727;-0.160022
1008;0.098477;-0.091895;-0.079504
1009;0.160405;-0.022652;-0.317362
1010;0.287554;-0.086159;-0.067304
1011;0.256017;0.102404;-0.293194
1012;0.254806;0.225496;-0.207783
1013;0.202534;0.121511;0.087917
1014;-0.302231;-0.060573;0.021722
1015;-0.389967;0.215516;0.138296
1016;0.058644;0.270112;0.053692
1017;0.153351;0.111131;0.012968
1018;-0.005889;-0.155672;0.137138
1019;-0.125434;-0.198862;0.194704
1020;-0.263788;-0.398489;0.103745
1021;-0.007985;-0.302723;-0.082794
1022;0.112689;-0.145934;-0.070757
1023;-0.002097;0.327378;-0.171486
1024;0.138339;0.137009;-0.506132
1025;-0.102172;0.646089;0.315870
1026;-0.236411;-0.113736;0.322040
1027;0.003121;-0.326234;0.104517
1028;-0.024896;-0.191539;0.437190
1029;0.086092;0.537055;-0.048817
1030;0.064662;-0.023524;-0.041842
1031;0.148682;-0.178977;0.206354
1032;-0.087442;-0.259392;0.036612
1033;-0.075709;-0.027788;-0.109598
1034;0.161634;-0.068039;-0.124599
1035;0.165838;-0.098321;-0.169626
1036;0.276259;-0.081877;-0.077186
1037;0.427888;0.173131;-0.312732
1038;0.302932;0.263725;-0.122087
1039;0.165886;0.019765;0.065383
1040;-0.391663;-0.164180;0.088324
1041;-0.322302;0.280488;0.008914
1042;0.044576;0.331623;0.063703
1043;0.219825;0.203592;0.000243
1044;-0.047276;-0.018540;0.122485
1045;-0.136791;-0.107124;0.226210
1046;-0.231615;-0.368407;0.082831
1047;-0.161999;-0.429901;-0.037790
1048;0.106829;-0.223050;-0.125355
1049;-0.000831;0.103265;-0.084479
1050;0.125720;0.268945;-0.608866
1051;0.005247;0.502472;-0.070616
1052;-0.290606;0.164763;0.512810
1053;-0.014840;-0.309414;0.134858
1054;-0.084948;-0.239855;0.479995
1055;-0.091398;0.412221;0.097227
1056;-0.035701;0.063726;-0.098875
1057;0.258643;-0.145290;0.235661
1058;-0.066212;-0.304752;0.038710
1059;-0.001699;-0.056188;-0.110341
1060;0.181486;-0.092449;-0.236502
1061;0.165951;-0.116015;-0.188114
1062;0.290378;-0.029092;-0.081285
1063;0.337346;0.163579;-0.296966
1064;0.242961;0.176638;-0.159950
1065;0.244576;0.096412;0.116750
1066;-0.214046;-0.114367;0.135893
1067;-0.437844;0.197959;0.012825
1068;-0.086403;0.293858;0.097126
1069;0.229519;0.173400;-0.061636
1070;0.121884;-0.138523;0.149132
1071;-0.180806;-0.200583;0.121743
1072;-0.247023;-0.334863;0.112618
1073;-0.103212;-0.286024;-0.085177
1074;0.069584;-0.208570;-0.077579
1075;-0.075034;0.218667;-0.093350
1076;0.085299;0.201350;-0.541967
1077;-0.011620;0.494886;0.069102
1078;-0.261611;0.068608;0.399413
1079;0.126067;-0.288698;0.183411
1080;-0.035954;-0.276455;0.418957
1081;-0.083891;0.286468;-0.041745
1082;0.062342;0.064936;-0.095406
1083;0.152432;-0.165181;0.220662
1084;0.012842;-0.259835;0.028123
1085;0.032693;-0.040048;-0.139617
1086;0.172435;-0.061756;-0.132351
1087;0.150688;-0.100341;-0.309765
1088;0.272424;-0.061982;-0.075020
1089;0.376868;0.250398;-0.320331
1090;0.253493;0.403052;-0.066635
1091;0.140934;0.031056;0.108013
1092;-0.432046;-0.108586;0.082274
1093;-0.324244;0.153028;0.013417
1094;0.021111;0.181871;0.076984
1095;0.286389;0.097004;0.002939
1096;0.039818;-0.133560;0.154278
1097;-0.132311;-0.172834;0.196804
1098;-0.254226;-0.321844;0.103897
1099;-0.083280;-0.262086;-0.118818
1100;0.084743;-0.134923;-0.169165
1101;-0.099432;0.249509;-0.050315
1102;0.078571;0.128372;-0.549564
1103;-0.029897;0.457911;0.118364
1104;-0.318959;0.261155;0.440775
1105;0.138655;-0.409531;0.120643
1106;-0.029542;-0.278120;0.356811
1107;-0.037703;0.303728;0.132164
1108;-0.030409;0.053189;-0.229143
1109;0.218059;-0.181194;0.265699
1110;-0.069067;-0.268530;0.029198
1111;-0.017821;-0.012196;-0.180926
1112;0.174871;-0.065632;-0.228400
1113;0.200022;-0.103813;-0.195114
1114;0.254121;-0.076710;-0.053622
1115;0.338628;0.173018;-0.280770
1116;0.269369;0.341729;-0.087538
1117;0.109800;0.116006;0.117141
1118;-0.459877;-0.057957;0.073403
1119;-0.268535;0.170666;0.099170
1120;0.026493;0.178872;-0.018580
1121;0.153730;0.094819;0.004565
1122;-0.016250;-0.129190;0.062835
1123;-0.080626;-0.202894;0.172405
1124;-0.256844;-0.385375;0.103915
1125;-0.027448;-0.262989;-0.084844
1126;0.102729;-0.154373;-0.073380
1127;-0.119680;0.430306;-0.217854
1128;0.087092;0.045707;-0.570684
1129;-0.099478;0.486056;0.402839
1130;-0.215192;0.211274;0.206676
1131;0.181508;-0.337739;0.278686
1132;-0.063713;-0.338939;0.389977
1133;-0.069340;0.321749;0.045290
1134;-0.030742;0.101994;-0.103512
1135;0.119540;-0.144558;0.148395
1136;0.050744;-0.292095;0.060618
1137;0.060762;-0.040207;-0.102838
1138;0.036815;-0.031420;-0.152824
1139;0.187734;-0.085067;-0.229789
1140;0.272821;-0.046940;-0.054299
1141;0.317582;0.113820;-0.295091
1142;0.253947;0.213734;-0.031766
1143;0.000308;0.027387;0.070438
1144;-0.301549;-0.072561;0.075899
1145;-0.097843;0.237687;0.059472
1146;0.144778;0.260741;-0.003172
1147;0.105306;0.119933;-0.009124
1148;0.038602;-0.079887;0.131773
1149;-0.159068;-0.183796;0.174672
1150;-0.245967;-0.342307;0.100700
1151;-0.057192;-0.294717;-0.027455
1152;0.072038;-0.114043;-0.142428
1153;-0.071781;0.312567;-0.199541
1154;0.021163;0.123362;-0.441896
1155;-0.054456;0.273314;0.142648
1156;-0.282686;0.198457;0.289335
1157;0.111162;-0.107399;0.234631
1158;0.004324;-0.228738;0.456569
1159;-0.041752;0.296121;-0.080378
1160;0.023815;0.000733;0.027999
1161;0.212825;-0.098860;0.058411
1162;-0.004366;-0.263102;0.045157
1163;-0.020026;-0.107642;-0.092345
1164;0.125161;-0.074763;-0.117539
1165;0.116354;-0.091383;-0.254595
1166;0.261770;-0.064630;0.037510
1167;0.259986;0.091497;-0.250784
1168;0.288133;0.195087;-0.329617
1169;0.300333;0.212842;-0.006085
1170;0.114506;-0.094107;0.196866
1171;-0.429377;0.039131;0.046901
1172;-0.290020;0.320628;0.027875
1173;0.091939;0.216725;0.021330
1174;0.164298;0.047848;0.040673
1175;-0.066227;-0.070798;0.098377
1176;-0.117181;-0.119077;0.181079
1177;-0.207381;-0.433581;0.064648
1178;-0.036356;-0.242615;-0.069151
1179;0.060841;-0.060153;-0.104405
1180;-0.077156;0.330863;-0.261873
1181;0.109692;-0.016046;-0.413661
1182;-0.116244;0.342511;0.396808
1183;-0.216834;0.247163;0.131893
1184;0.117489;-0.270893;0.255100
1185;-0.042284;-0.212807;0.397759
1186;-0.057256;0.338456;-0.098563
1187;0.055956;-0.021325;0.079792
1188;0.176722;-0.157397;0.061237
1189;-0.063918;-0.289232;-0.009151
1190;0.035582;-0.059427;-0.136892
1191;0.178614;-0.065835;-0.207210
1192;0.154975;-0.109477;-0.066091
1193;0.294071;-0.001161;-0.213780
1194;0.367566;0.170242;-0.280634
1195;0.267517;0.298698;-0.103104
1196;0.141518;0.049358;0.098048
1197;-0.397768;-0.107755;0.033473
1198;-0.329527;0.173566;0.012705
1199;-0.019088;0.170964;0.176711
1200;0.243879;0.226562;-0.191035
1201;0.068167;-0.027777;0.119590
1202;-0.058825;-0.178353;0.159019
1203;-0.197546;-0.398609;0.124299
1204;-0.059788;-0.259770;-0.010302
1205;0.084930;-0.153889;-0.187852
1206;-0.092254;0.166803;-0.176706
1207;0.045074;0.158783;-0.402173
1208;-0.095000;0.367516;0.185461
1209;-0.322401;0.265585;0.271156
1210;0.070245;-0.271617;0.186485
1211;0.050306;-0.250354;0.472387
1212;-0.090759;0.453709;-0.075431
1213;0.064699;-0.022098;0.039330
1214;0.163616;-0.179418;0.102980
1215;-0.056598;-0.252538;0.014445
1216;0.049976;-0.084574;-0.117550
1217;0.140071;-0.063006;-0.143681
1218;0.094805;-0.116291;-0.154548
1219;0.315945;-0.034101;-0.143431
1220;0.442278;0.139742;-0.265820
1221;0.227961;0.235634;-0.200154
1222;0.188218;0.136068;0.119835
1223;-0.323623;-0.092481;0.118188
1224;-0.478496;0.245064;-0.049493
1225;-0.040690;0.238361;0.063936
1226;0.359718;0.119715;0.003450
1227;0.061134;-0.108032;0.145639
1228;-0.198685;-0.164210;0.100367
1229;-0.208994;-0.353573;0.124466
1230;-0.073575;-0.343668;-0.003901
1231;0.096083;-0.204889;-0.119961
1232;0.023118;0.122722;-0.032788
1233;-0.010760;0.377042;-0.488412
1234;0.087476;0.183247;-0.353309
1235;-0.146525;0.276114;0.488087
1236;-0.226019;-0.119152;0.029748
1237;0.056940;-0.327655;0.307875
1238;-0.158935;0.016725;0.253043
1239;0.004797;0.242773;-0.101035
1240;0.221951;-0.069945;0.193234
1241;-0.034872;-0.218176;0.084158
1242;-0.091677;-0.102450;-0.068999
1243;0.136007;-0.030915;-0.159904
1244;0.130967;-0.047252;-0.236226
1245;0.197418;-0.098104;-0.000120
1246;0.286502;0.042917;-0.325536
1247;0.316527;0.116318;-0.237979
1248;0.176478;0.241243;0.053035
1249;-0.129246;-0.025955;0.122503
1250;-0.504603;0.128692;-0.018956
1251;-0.079668;0.315782;0.206735
1252;0.171212;0.286051;-0.112087
1253;0.173124;-0.088030;0.108395
1254;-0.033784;-0.222821;0.153250
1255;-0.209102;-0.290868;0.072743
1256;-0.128469;-0.319347;-0.015262
1257;0.063677;-0.280437;-0.017854
1258;0.015301;0.010311;-0.086281
1259;-0.016141;0.372027;-0.331666
1260;0.190779;-0.060093;-0.436150
1261;-0.240218;0.603688;0.358504
1262;-0.282195;0.025614;0.374947
1263;0.082117;-0.250856;0.123701
1264;-0.068325;-0.163747;0.400928
1265;-0.013012;0.357746;-0.040328
1266;0.149967;0.044950;0.070959
1267;0.065068;-0.233834;0.077121
1268;-0.093568;-0.256512;0.010851
1269;0.095671;0.005566;-0.169071
1270;0.119275;-0.059860;-0.227877
1271;0.175095;-0.144174;0.006082
1272;0.258144;0.017788;-0.342127
1273;0.405330;0.183436;-0.294127
1274;0.277963;0.291225;-0.033758
1275;0.018059;0.011812;0.110097
1276;-0.496105;0.016256;0.024277
1277;-0.162449;0.253570;0.173029
1278;0.116999;0.290023;-0.122778
1279;0.258024;0.004597;0.087803
1280;-0.014886;-0.154517;0.137000
1281;-0.231536;-0.303689;0.112278
1282;-0.090088;-0.393034;0.075160
1283;0.032421;-0.274879;-0.062235
1284;0.013498;-0.052656;-0.088400
1285;-0.076540;0.480440;-0.288580
1286;0.115877;0.033910;-0.528850
1287;-0.165942;0.603067;0.428548
1288;-0.171898;-0.092231;0.364809
1289;0.133076;-0.242446;0.207899
1290;-0.052192;-0.176346;0.390395
1291;0.003325;0.432202;-0.028266
1292;0.125481;-0.027499;0.037843
1293;0.182252;-0.260517;0.068835
1294;-0.095638;-0.275002;0.012824
1295;0.009157;-0.013992;-0.198016
1296;0.224335;-0.056980;-0.198490
1297;0.154328;-0.069969;0.044779
1298;0.539164;0.131827;-0.235507
1299;0.384135;0.142606;-0.373768
1300;0.138878;0.174626;-0.052494
1301;-0.023518;-0.095760;0.209874
1302;-0.335578;0.003402;0.191371
1303;-0.342650;0.417050;-0.004040
1304;-0.021291;0.315222;-0.041882
1305;0.198096;0.043962;0.034059
1306;-0.056658;-0.273037;0.106817
1307;-0.147638;-0.229206;0.140176
1308;-0.204167;-0.379604;0.105287
1309;-0.028684;-0.241484;-0.131285
1310;0.039161;-0.113553;-0.024037
1311;-0.077879;0.679524;-0.412479
1312;0.089311;-0.080365;-0.516759
1313;-0.283186;0.468750;0.630669
1314;-0.223040;-0.051683;0.081306
1315;0.191960;-0.186516;0.367482
1316;-0.132406;0.024513;0.314327
1317;-0.074935;0.187493;-0.230974
1318;0.257324;-0.054784;0.196217
1319;0.110844;-0.254460;0.009735
1320;-0.071199;-0.229544;-0.017567
1321;0.048989;-0.018505;-0.205391
1322;0.103176;-0.074424;-0.253594
1323;0.247627;-0.050074;-0.129505
1324;0.373344;0.113742;-0.257669
1325;0.257575;0.178318;-0.204211
1326;0.244681;0.140636;0.037768
1327;-0.293136;-0.108421;0.111723
1328;-0.372965;0.181909;-0.006038
1329;0.091263;0.322656;0.021024
1330;0.335107;0.182261;0.019910
1331;0.064474;-0.108710;0.188143
1332;-0.219742;-0.136863;0.137552
1333;-0.231278;-0.415893;0.131225
1334;-0.031156;-0.401356;-0.051305
1335;0.134504;-0.208746;-0.002132
1336;-0.105443;0.313331;-0.054516
1337;0.136325;0.172651;-0.699078
1338;-0.135674;0.314415;0.085867
1339;-0.259318;0.240917;0.490188
1340;0.086136;-0.139528;0.083427
1341;0.026507;-0.341463;0.496973
1342;-0.057588;0.275111;0.030409
1343;-0.078205;0.082093;-0.117445
1344;0.307571;-0.173003;0.210333
1345;-0.033407;-0.352884;0.061369
1346;-0.068630;-0.042599;-0.110656
1347;0.207400;-0.046106;-0.221486
1348;0.194078;-0.094304;-0.118622
1349;0.137982;-0.028518;-0.155089
1350;0.398487;0.183800;-0.281785
1351;0.199459;0.109668;-0.172501
1352;0.140083;0.118864;0.065408
1353;-0.190447;-0.091052;0.157768
1354;-0.430338;0.282108;-0.002338
1355;-0.123176;0.266542;0.090499
1356;0.215650;0.220494;-0.050221
1357;0.147011;-0.098812;0.162780
1358;-0.169815;-0.192129;0.099189
1359;-0.173705;-0.307494;0.128844
1360;-0.128558;-0.381645;-0.018483
1361;0.121583;-0.197236;-0.101490
1362;-0.094808;0.182573;-0.122372
1363;-0.071051;0.332151;-0.537250
1364;-0.025714;0.237484;-0.105734
1365;-0.190600;0.216767;0.503156
1366;-0.038303;-0.163289;0.132642
1367;0.087152;-0.292221;0.470571
1368;-0.044921;0.228337;0.069676
1369;-0.146598;0.071762;-0.140636
1370;0.231501;-0.065835;0.272109
1371;0.011433;-0.274684;0.016576
1372;-0.089907;-0.134922;-0.050050
1373;0.168671;-0.054442;-0.218856
1374;0.188693;-0.081875;-0.235704
1375;0.183507;-0.016844;-0.061888
1376;0.293130;0.119359;-0.308345
1377;0.260804;0.160624;-0.243743
1378;0.225511;0.219220;0.020747
1379;-0.124795;-0.117250;0.172190
1380;-0.441187;0.069937;0.020489
1381;-0.057525;0.292044;0.130087
1382;0.218661;0.206485;-0.110879
1383;0.171998;-0.043131;0.092930
1384;0.017062;-0.130148;0.195056
1385;-0.212426;-0.249816;0.078534
1386;-0.202775;-0.441490;0.000214
1387;0.050124;-0.241165;-0.081825
1388;-0.070105;0.095004;-0.072933
1389;0.003620;0.295758;-0.458283
1390;0.089070;0.090917;-0.341166
1391;-0.304615;0.592220;0.547597
1392;-0.060686;-0.099716;0.002460
1393;0.108267;-0.351850;0.458333
1394;-0.135163;0.035087;0.283593
1395;-0.295453;0.214103;-0.171238
1396;0.199448;-0.018111;0.187841
1397;0.067538;-0.222670;-0.004725
1398;-0.046340;-0.229183;0.016687
1399;0.190002;-0.061812;-0.236144
1400;0.124596;-0.052166;-0.234874
1401;0.172576;-0.068523;-0.121467
1402;0.330283;0.097825;-0.311982
1403;0.237274;0.237781;-0.232274
1404;0.256217;0.319291;0.041168
1405;-0.274965;-0.055483;0.127421
1406;-0.479349;-0.024196;0.052933
1407;-0.001252;0.230325;0.124601
1408;0.406221;0.249228;-0.144575
1409;0.196250;-0.071122;0.163531
1410;-0.162522;-0.204764;0.099605
1411;-0.361509;-0.373967;0.015145
1412;-0.018059;-0.316383;0.069677
1413;0.083803;-0.210791;-0.115985
1414;0.043974;0.019829;-0.086920
1415;0.129122;0.271737;-0.521922
1416;-0.092511;0.482024;-0.141870
1417;-0.140859;0.187829;0.509799
1418;-0.168991;-0.252832;0.107248
1419;0.074958;-0.330210;0.384492
1420;0.027434;0.459083;0.108181
1421;0.037107;0.045642;-0.100032
1422;0.182072;-0.204070;0.176134
1423;-0.056345;-0.286058;0.050722
1424;-0.048346;-0.083023;-0.081585
1425;0.169981;-0.034418;-0.184729
1426;0.130258;-0.065490;-0.193553
1427;0.320588;-0.103611;-0.157217
1428;0.233318;0.023365;-0.198468
1429;0.269538;0.222293;-0.271713
1430;0.247047;0.234184;0.164925
1431;-0.309480;0.030515;0.160838
1432;-0.560290;0.252830;-0.012397
1433;-0.083398;0.192122;0.083762
1434;0.241615;0.149913;-0.083043
1435;0.176141;-0.068142;0.140598
1436;-0.160889;-0.233563;0.129097
1437;-0.316259;-0.334372;0.089864
1438;-0.145005;-0.277997;-0.019394
1439;0.120834;-0.165184;-0.159686
1440;0.131175;0.163714;-0.280539
1441;0.292488;0.077369;-0.453972
1442;0.097877;-0.069993;-0.024757
1443;-0.550368;0.606578;0.514528
1444;-0.018186;-0.109536;0.094919
1445;0.026745;-0.225079;0.358291
1446;-0.020650;0.198611;0.107706
1447;-0.117084;0.104580;0.004916
1448;0.280345;-0.108575;0.149714
1449;-0.036722;-0.320367;0.041949
1450;-0.085221;-0.154361;-0.036085
1451;0.183498;-0.016987;-0.154507
1452;0.000934;-0.077564;-0.272176
1453;0.283097;-0.050843;0.012214
1454;0.449203;0.108204;-0.293796
1455;0.309822;0.237465;-0.212788
1456;0.038900;0.217423;0.010337
1457;-0.214023;-0.118622;0.124903
1458;-0.409992;0.092741;0.053166
1459;-0.285500;0.450746;0.057170
1460;0.226204;0.262243;-0.067664
1461;0.180507;-0.087957;0.173226
1462;-0.146077;-0.194823;0.137462
1463;-0.256406;-0.382521;0.086968
1464;-0.044447;-0.355107;-0.080771
1465;0.109380;-0.313144;-0.131550
1466;0.074590;0.135776;-0.018293
1467;0.038723;0.281448;-0.526815
1468;-0.092830;0.383009;-0.173373
1469;-0.234013;0.086190;0.409243
1470;-0.035871;-0.100452;0.071711
1471;0.085404;-0.327046;0.379398
1472;-0.073786;0.066087;0.274557
1473;-0.178441;0.159738;-0.123651
1474;0.232640;-0.000656;0.127799
1475;0.020502;-0.264641;0.033325
1476;-0.054643;-0.192217;0.030232
1477;0.196823;-0.059915;-0.145257
1478;0.059047;-0.039481;-0.218551
1479;0.205124;-0.074233;-0.178272
1480;0.279443;0.049342;-0.277601
1481;0.391816;0.137275;-0.167115
1482;0.175589;0.216927;0.056889
1483;-0.183446;0.010003;0.097522
1484;-0.454473;0.257730;0.037357
1485;0.023873;0.275513;0.057600
1486;0.240931;0.168064;0.050222
1487;-0.001043;-0.234259;0.161059
1488;-0.152866;-0.172851;0.116246
1489;-0.273465;-0.313505;0.110404
1490;-0.093121;-0.378180;-0.042398
1491;0.125242;-0.225586;-0.114304
1492;-0.066408;0.218511;-0.130517
1493;0.178102;0.229369;-0.564414
1494;0.020690;0.363775;0.029791
1495;-0.353365;0.249441;0.380254
1496;-0.087424;-0.146594;-0.027373
1497;0.019310;-0.358173;0.380666
1498;-0.151408;0.109342;0.270639
1499;-0.114332;0.238475;-0.140923
1500;0.274918;-0.066103;0.221478
1501;-0.092816;-0.302706;0.083643
1502;-0.085440;-0.092665;-0.043184
1503;0.191261;-0.031438;-0.148636
1504;0.060816;-0.137234;-0.268265
1505;0.286925;-0.112081;-0.133135
1506;0.370343;0.026882;-0.185548
1507;0.269219;0.275199;-0.208045
1508;0.186444;0.274155;0.015045
1509;-0.174476;0.014512;0.034541
1510;-0.477364;-0.013779;0.037049
1511;-0.057642;0.160561;0.121915
1512;0.354508;0.211459;-0.056808
1513;0.054751;-0.060064;0.091150
1514;-0.002807;-0.177186;0.192916
1515;-0.269808;-0.286413;0.063311
1516;-0.143326;-0.299747;0.051679
1517;0.059906;-0.206356;-0.098681
1518;0.062310;-0.062150;-0.103310
1519;0.040032;0.291556;-0.332749
1520;0.212588;0.149691;-0.452887
1521;-0.206751;0.582040;0.530669
1522;-0.267655;-0.185668;0.188560
1523;0.021672;-0.297186;0.164181
1524;-0.167289;0.024347;0.318806
1525;-0.066512;0.249009;-0.093065
1526;0.238994;-0.048589;0.146397
1527;0.086758;-0.255362;0.048328
1528;-0.104879;-0.180656;0.001501
1529;0.057659;0.005546;-0.175998
1530;0.094211;-0.045704;-0.219379
1531;0.216020;-0.094431;-0.103818
1532;0.425371;-0.003269;-0.153998
1533;0.315043;0.295688;-0.188693
1534;0.127510;0.254595;0.075612
1535;-0.194831;-0.058363;0.011179
1536;-0.426640;0.059167;0.013282
1537;0.031196;0.178687;0.100188
1538;0.201660;0.203017;-0.063643
1539;-0.056302;-0.033331;0.054350
1540;-0.026493;-0.208413;0.195360
1541;-0.204831;-0.337752;0.068955
1542;-0.105606;-0.326192;-0.071346
1543;0.105003;-0.259615;-0.110259
1544;0.037350;0.115967;-0.222228
1545;-0.081582;0.213396;-0.486907
1546;0.048797;0.328713;-0.154827
1547;-0.148045;0.434049;0.425777
1548;-0.193872;-0.257158;0.084035
1549;-0.017423;-0.368039;0.299555
1550;-0.091419;0.177627;0.277052
1551;-0.132259;0.103561;-0.107477
1552;0.181764;-0.119250;0.192950
1553;0.037960;-0.296631;0.086485
1554;-0.039166;-0.076908;-0.057571
1555;0.165948;0.023259;-0.124869
1556;0.052383;-0.048247;-0.217981
1557;0.117896;-0.018455;-0.194124
1558;0.196408;0.030092;-0.246435
1559;0.264251;0.096745;-0.170820
1560;0.203774;0.221691;0.142977
1561;-0.170374;0.066895;-0.043492
1562;-0.344443;0.121994;0.057959
1563;0.088022;0.050445;0.235050
1564;0.233740;0.198641;-0.146956
1565;-0.020478;0.006575;0.028220
1566;-0.065832;-0.145976;0.105243
1567;-0.111384;-0.324963;0.082880
1568;0.008660;-0.182827;0.061123
1569;0.028011;-0.152312;-0.045151
1570;0.033101;-0.038503;-0.302724
1571;0.132614;0.034161;-0.240076
1572;0.069185;0.110192;-0.167660
1573;-0.170461;0.578007;0.290791
1574;-0.039853;-0.079015;0.133463
1575;-0.097264;-0.403572;0.290088
1576;-0.124947;-0.110412;0.306996
1577;-0.015131;0.324219;-0.005267
1578;0.088881;-0.035009;0.022564
1579;0.039033;-0.175618;0.112852
1580;-0.044349;-0.074493;-0.012314
1581;0.068196;0.039934;-0.092615
1582;0.100448;-0.013508;-0.127578
1583;0.174473;-0.020705;-0.212145
1584;0.271161;-0.050085;-0.199254
1585;0.268142;0.044447;-0.188186
1586;0.269886;0.325333;-0.070796
1587;0.096207;0.121973;-0.011131
1588;-0.091994;-0.095743;0.006610
1589;-0.271480;-0.040334;0.089967
1590;-0.076880;0.055412;0.022294
1591;0.163777;0.074294;-0.003259
1592;0.067692;0.074353;-0.012020
1593;-0.051631;-0.018087;0.011115
1594;-0.102348;-0.145322;0.033434
1595;-0.106824;-0.163359;-0.002100
1596;-0.049823;-0.105648;0.021544
1597;-0.020763;-0.086707;-0.020626
1598;-0.042760;-0.046343;-0.057668
1599;-0.035975;-0.016866;-0.067608
1600;0.046032;0.008284;-0.100583
1601;0.105435;-0.005414;-0.163526
1602;0.003685;0.060846;-0.147363
1603;-0.222608;0.458259;0.000673
1604;-0.035156;0.004527;-0.102480
1605;0.097757;-0.157379;-0.093163
1606;-0.033763;-0.195731;0.084962
1607;-0.039935;-0.033507;0.209051
1608;0.081177;0.059173;0.164313
1609;0.015165;-0.005917;0.072782
1610;-0.001866;-0.035062;0.100690
1611;0.028808;0.078079;0.034998
1612;-0.021903;0.017283;0.054067
1613;-0.007946;-0.084747;0.065572
1614;0.007051;-0.053132;0.023340
1615;-0.003798;0.004959;-0.044229
1616;0.116416;0.050588;-0.079705
1617;0.085813;-0.013500;-0.076654
1618;0.099718;0.028286;-0.006415
1619;0.024020;0.019347;-0.020323
1620;0.014234;-0.024774;0.024912
1621;-0.064360;-0.085127;-0.004079
1622;0.086713;-0.031445;-0.000650
1623;-0.027724;-0.007490;-0.050098
1624;-0.023982;0.009098;-0.132497
1625;0.035241;-0.058216;-0.027496
1626;0.087488;-0.030097;0.002025
1627;0.036974;0.029408;0.032139
1628;-0.031682;0.081582;-0.030229
1629;-0.110009;0.067251;-0.023603
1630;-0.028473;-0.009051;-0.045718
1631;0.058436;-0.040525;-0.038934
1632;0.043043;-0.019419;-0.009648
1633;0.007125;0.008178;-0.030559
1634;-0.032370;0.013834;-0.021570
1635;-0.000409;-0.006984;-0.037941
1636;0.019924;-0.034823;-0.046818
1637;0.010309;-0.013510;-0.038844
1638;0.008868;-0.000443;-0.032463
1639;0.034840;-0.003881;-0.000336
1640;-0.000526;-0.006061;-0.004061
1641;0.012279;-0.016914;-0.004052
1642;0.019676;-0.007829;0.005751
1643;0.003604;0.004511;0.011408
1644;-0.001462;-0.000076;0.012772
1645;-0.008906;-0.008662;0.026817
1646;-0.014684;0.007265;0.038578
1647;-0.014723;-0.009503;0.018898
1648;-0.021836;-0.010218;0.020643
1649;-0.027849;0.003286;0.016142
1650;-0.017430;0.011533;0.016096
1651;-0.004482;0.029722;0.015750
1652;-0.001296;-0.000433;0.016515
1653;0.008495;-0.006537;0.011750
1654;0.037790;-0.018257;-0.005293
1655;0.023506;-0.018391;-0.015735
1656;0.017656;-0.006948;-0.013199
1657;-0.011557;-0.019850;-0.025420
1658;0.026891;-0.008602;-0.023232
1659;0.000452;-0.025701;-0.019600
1660;0.023221;0.011031;-0.035781
1661;-0.009093;-0.009214;-0.025633
1662;-0.014835;-0.017311;-0.021873
1663;-0.009564;-0.023538;-0.040285
1664;0.009794;0.024457;-0.013173
1665;0.011206;-0.002050;-0.012507
1666;-0.006704;-0.029017;-0.021258
1667;-0.012289;0.032811;-0.015017
1668;-0.006650;-0.000199;-0.020013
1669;0.010758;-0.037745;-0.010756
1670;-0.004768;0.011588;0.013123
1671;-0.009763;-0.010588;-0.029748
1672;0.018199;-0.021322;-0.009950
1673;0.014076;-0.045175;-0.011983
1674;0.024105;0.013405;-0.008427
1675;-0.016820;0.002199;-0.005482
1676;0.004396;-0.005175;-0.010579
1677;-0.009773;0.003749;-0.006129
1678;-0.025071;0.002203;-0.003138
1679;-0.008429;0.003334;0.001002
1680;0.002261;0.007223;0.002644
1681;0.005520;-0.002623;0.001003
1682;-0.005578;-0.017966;0.011099
1683;-0.005981;-0.008014;0.003125
1684;0.001693;-0.010303;0.006667
1685;0.003229;-0.006952;0.017517
1686;0.001932;-0.000911;0.000221
1687;0.002156;-0.007769;-0.005501
1688;0.007418;-0.006066;-0.010327