index;x;y;z
0;0.003628;0.004267;0.004719
1;-0.004346;-0.004994;0.003631
2;-0.004002;-0.004041;0.002250
3;-0.013600;0.009861;-0.001378
4;0.004534;0.007683;-0.029453
5;0.012497;-0.019598;0.004496
6;-0.003958;-0.007728;0.014050
7;-0.016483;0.010817;0.005877
8;-0.019949;-0.009256;-0.001807
9;-0.002185;-0.009489;0.013234
10;-0.004123;0.004525;-0.009640
11;0.008683;-0.007706;-0.010826
12;0.012347;-0.010065;-0.000072
13;0.003352;-0.006653;0.002662
14;0.001721;0.003483;-0.003662
15;-0.009096;-0.003876;-0.000441
16;0.011984;-0.008198;0.000289
17;0.014468;-0.004855;0.014426
18;0.011514;-0.008340;0.008635
19;0.005410;0.000469;0.009008
20;0.003561;-0.009912;0.012348
21;0.003197;-0.009290;0.002832
22;0.026286;-0.008538;0.001225
23;0.032726;-0.024648;-0.019622
24;0.063068;-0.033505;-0.017693
25;0.046751;-0.041316;-0.012030
26;-0.001695;0.009282;-0.003288
27;-0.038084;0.013517;0.003437
28;-0.041949;0.005850;0.011804
29;-0.039694;0.013773;0.017907
30;-0.033432;0.015442;0.018575
31;-0.032096;0.003450;0.008906
32;-0.006708;0.001838;-0.006227
33;0.007775;0.001053;0.000328
34;0.016341;-0.003788;-0.003105
35;0.006351;-0.009090;0.008030
36;0.006456;-0.002072;0.012612
37;0.001104;-0.004254;0.014770
38;-0.002859;0.002003;0.020137
39;-0.024911;-0.005539;0.002512
40;-0.009104;0.005637;0.001772
41;-0.022981;-0.003679;0.003722
42;-0.022125;0.000228;0.004143
43;-0.008876;0.008040;0.007055
44;-0.002527;-0.003690;-0.001393
45;-0.007975;-0.009367;-0.001026
46;-0.003643;-0.000638;-0.003538
47;0.009074;0.000618;0.000313
48;0.000647;-0.010736;-0.007989
49;0.003071;-0.006253;-0.002132
50;-0.007051;-0.004376;-0.002884
51;0.001586;-0.003366;-0.006066
52;0.006414;-0.005467;-0.011119
53;-0.000508;-0.007537;-0.000430
54;-0.014184;0.003263;0.000355
55;-0.006360;-0.006181;0.002866
56;0.002961;-0.012097;0.002294
57;0.008098;-0.015393;0.006004
58;-0.002557;0.005367;0.021584
59;-0.028251;-0.013333;0.027109
60;-0.027853;-0.015379;0.035345
61;0.014706;0.040422;0.055238
62;0.018444;-0.017743;0.075398
63;-0.016342;-0.025006;0.072725
64;-0.010765;-0.021024;0.063240
65;0.041640;-0.000337;0.031649
66;0.057017;-0.006284;0.043990
67;0.042272;0.000149;0.046339
68;-0.001747;-0.007589;0.029595
69;-0.012978;0.003904;0.033873
70;-0.077884;0.043216;0.060406
71;-0.094168;0.052760;0.054888
72;-0.065361;-0.009136;-0.116397
73;0.064763;0.013500;-0.121877
74;0.003893;0.072690;-0.100478
75;0.001404;0.013143;-0.068120
76;-0.054769;-0.099770;-0.046666
77;-0.132664;-0.122519;-0.031572
78;-0.033942;-0.019447;-0.087691
79;0.037973;0.001170;-0.118065
80;-0.137362;-0.061018;-0.178320
81;0.017684;-0.094386;-0.128747
82;-0.015387;-0.160108;-0.098960
83;-0.092581;0.084448;-0.063571
84;-0.012279;0.429224;-0.059095
85;-0.068778;-0.147417;0.034092
86;0.087454;-0.200815;0.198752
87;0.035903;0.023414;0.126796
88;-0.034306;0.277703;-0.072886
89;0.073665;-0.024519;-0.079785
90;0.006179;-0.181682;0.132708
91;0.066579;-0.056962;0.036458
92;0.020587;-0.026268;-0.029360
93;0.021951;-0.014761;-0.018014
94;0.072845;-0.040497;-0.128688
95;0.127706;-0.033938;-0.088710
96;0.096046;-0.004227;-0.102116
97;0.162361;-0.001218;-0.209463
98;0.147699;-0.021869;-0.043973
99;0.077253;0.116665;0.113244
100;-0.137462;-0.012074;0.037203
101;-0.218485;0.065525;0.007724
102;0.003397;0.223027;0.074728
103;-0.023572;0.203351;0.094992
104;-0.077850;0.006934;0.041864
105;-0.048811;-0.062162;-0.017235
106;-0.129458;-0.122638;0.022609
107;-0.073155;-0.211398;-0.014544
108;0.058879;-0.147308;-0.086601
109;-0.028251;-0.068389;-0.134273
110;-0.052086;0.013947;-0.120867
111;0.062013;0.003587;-0.129206
112;0.030839;0.385302;0.091635
113;-0.076944;0.026929;-0.008447
114;-0.118609;-0.208475;0.145109
115;-0.046126;-0.152332;0.226924
116;0.033235;0.215369;-0.093228
117;0.026044;0.022101;-0.007876
118;0.031748;-0.084816;0.084662
119;0.078749;-0.098057;0.052702
120;-0.020893;-0.059003;0.068064
121;-0.017549;-0.016691;-0.067620
122;0.108111;-0.038219;-0.109694
123;0.074997;-0.063315;-0.004729
124;0.078490;0.009584;-0.113487
125;0.028584;0.072170;-0.106235
126;0.151041;0.208701;-0.014905
127;0.109458;0.058921;0.104633
128;-0.228984;-0.124694;0.053277
129;-0.249740;0.023315;0.070194
130;0.121362;0.201972;0.001308
131;0.106639;0.127759;0.055668
132;-0.048007;0.089543;-0.031493
133;-0.027792;-0.093526;0.064632
134;-0.136130;-0.191819;0.002415
135;-0.121514;-0.190509;-0.050849
136;0.084687;-0.153778;-0.063092
137;-0.008797;-0.086925;-0.142542
138;0.005441;0.018037;-0.190978
139;0.055739;0.061092;-0.149504
140;0.088486;0.389122;0.057196
141;-0.179382;0.139510;0.174255
142;-0.249972;-0.283755;0.158280
143;-0.101093;-0.156981;0.239686
144;0.078058;0.321287;-0.046948
145;0.045995;0.022958;-0.024432
146;0.018378;-0.179834;0.146752
147;-0.031625;-0.174641;-0.014070
148;0.049639;-0.036791;-0.054049
149;0.131848;-0.032529;-0.139553
150;0.111659;-0.085335;-0.190187
151;0.114459;-0.096187;-0.100279
152;0.135446;0.100867;-0.199344
153;0.156353;0.196234;-0.094172
154;0.213852;0.117722;0.170837
155;-0.300221;-0.082758;0.075214
156;-0.298553;-0.038204;0.027327
157;0.161760;0.224441;0.097148
158;0.197969;0.201292;-0.022384
159;0.024907;0.000259;-0.001919
160;-0.067392;-0.149976;0.108949
161;-0.105645;-0.269079;0.091651
162;-0.114804;-0.219869;-0.080258
163;-0.021847;-0.096227;-0.055973
164;-0.101142;-0.005094;-0.127866
165;0.068326;0.176784;-0.264797
166;0.002671;0.321264;-0.244143
167;-0.122716;0.319281;0.287457
168;-0.194018;-0.211252;0.161493
169;-0.059947;-0.371203;0.342781
170;-0.084635;0.136298;0.181406
171;0.015306;0.287173;-0.183794
172;0.047971;-0.090967;0.115491
173;0.029482;-0.247813;0.128182
174;0.004060;-0.136338;-0.025733
175;-0.017231;-0.020280;-0.146337
176;0.170868;-0.045264;-0.178757
177;0.143168;-0.165284;-0.040669
178;0.161146;0.107615;-0.188453
179;0.125237;0.283400;-0.265573
180;0.262991;0.209871;0.047832
181;-0.074140;-0.160839;0.124284
182;-0.440858;0.023990;0.007884
183;0.012372;0.217771;0.033920
184;0.271708;0.257623;-0.012262
185;0.024600;-0.053908;0.155015
186;-0.147576;-0.102576;0.087838
187;-0.280389;-0.152915;-0.016790
188;-0.128676;-0.253498;-0.030703
189;0.042961;-0.246347;-0.065216
190;0.050434;-0.027224;0.005435
191;0.041661;0.320891;-0.361430
192;-0.042054;0.290622;-0.109123
193;-0.399202;0.171064;0.299677
194;0.020020;-0.266083;0.243406
195;0.005668;-0.229779;0.492177
196;-0.061559;0.303255;-0.107881
197;0.040218;0.168408;-0.134701
198;0.017822;-0.105469;0.222517
199;-0.011415;-0.278023;0.018700
200;-0.060453;-0.140231;-0.098119
201;0.103542;-0.017330;-0.158011
202;0.258041;-0.115209;-0.170355
203;0.196568;-0.107368;-0.081390
204;0.322829;0.163225;-0.242856
205;0.369281;0.380789;-0.097847
206;0.044193;0.040530;0.110191
207;-0.424230;-0.151294;0.043888
208;-0.157331;0.057712;0.031932
209;0.114160;0.217728;0.059648
210;0.154392;0.145429;-0.064361
211;0.014894;-0.104317;0.093557
212;-0.135796;-0.137918;0.112272
213;-0.258583;-0.216036;0.039583
214;-0.133372;-0.230929;-0.146872
215;-0.021660;-0.162032;-0.190251
216;0.075370;0.227505;-0.039496
217;-0.040281;0.339595;-0.510894
218;0.008473;0.218430;0.470299
219;-0.188342;-0.209167;0.256619
220;0.126778;-0.195864;0.351940
221;-0.077558;0.194307;0.070279
222;-0.048732;0.111064;-0.107948
223;0.006540;-0.075847;0.147994
224;0.015288;-0.200614;0.095102
225;-0.017107;-0.169875;-0.077443
226;0.163446;0.005038;-0.120292
227;0.146102;-0.050892;-0.234655
228;0.073120;-0.091402;-0.168966
229;0.366142;0.142323;-0.267637
230;0.376603;0.181597;-0.036542
231;0.041519;0.009746;0.155199
232;-0.474810;0.052464;0.057944
233;-0.024948;0.251587;0.012292
234;0.171665;0.194144;0.035387
235;0.122880;-0.037029;0.051012
236;-0.056405;-0.200243;0.173872
237;-0.221446;-0.189476;0.130557
238;-0.238871;-0.255194;-0.011615
239;-0.010502;-0.219956;-0.131358
240;-0.088519;-0.065117;-0.085198
241;-0.128345;0.509481;-0.203068
242;-0.009024;0.334577;-0.428409
243;-0.083689;0.189058;0.502557
244;-0.097634;-0.183338;0.142594
245;0.112217;-0.206502;0.476501
246;-0.196932;0.141326;0.112311
247;-0.134048;0.088566;-0.225308
248;0.073623;-0.069509;0.188300
249;0.040971;-0.215580;0.070259
250;0.007641;-0.123264;-0.044202
251;0.109541;-0.001931;-0.150189
252;0.157019;-0.034555;-0.283967
253;0.113884;-0.149740;-0.124552
254;0.282423;0.130180;-0.229484
255;0.349157;0.197439;-0.075691
256;0.219692;0.210662;0.034851
257;-0.333437;-0.040080;0.075896
258;-0.270974;0.090961;0.051670
259;0.096922;0.139273;0.017981
260;0.189144;0.075790;0.000103
261;0.009787;-0.098368;0.070464
262;-0.149940;-0.111386;0.162360
263;-0.264729;-0.220502;0.052449
264;-0.108419;-0.307467;-0.056476
265;0.061009;-0.195201;-0.195038
266;0.056423;0.074708;-0.142013
267;0.084800;0.424110;-0.413514
268;-0.117277;0.461963;0.111903
269;-0.243137;-0.151301;0.331386
270;0.177186;-0.220587;0.301808
271;-0.067703;-0.117885;0.363501
272;-0.212308;0.188714;0.030297
273;0.114663;0.067377;-0.080998
274;-0.002364;-0.137525;0.199785
275;0.051123;-0.178803;-0.055537
276;0.068491;-0.016041;-0.133605
277;0.106917;-0.053135;-0.194579
278;0.148343;-0.072410;-0.279679
279;0.287756;-0.173751;-0.090088
280;0.272890;0.090629;-0.183915
281;0.256524;0.409718;0.093229
282;-0.278176;0.133176;0.049981
283;-0.356388;0.140781;0.017370
284;-0.021850;0.151033;0.134262
285;0.177008;0.136084;-0.057439
286;0.021849;-0.075178;0.073574
287;-0.033362;-0.175935;0.146775
288;-0.300045;-0.244422;0.003559
289;-0.090760;-0.166028;0.043731
290;-0.007612;-0.107197;-0.202831
291;-0.014321;0.052700;-0.193687
292;-0.008550;0.107464;-0.251914
293;-0.157922;0.207498;0.113079
294;-0.114649;0.255490;0.194706
295;-0.027003;-0.180338;0.319533
296;0.049581;-0.238391;0.323810
297;-0.056955;0.213190;-0.004451
298;-0.025654;0.068210;-0.063658
299;0.041738;-0.136227;0.144502
300;0.046376;-0.254483;0.007491
301;0.019189;-0.118562;-0.077060
302;0.153929;-0.039672;-0.173313
303;0.112761;-0.068078;-0.290672
304;0.226980;-0.081269;-0.095467
305;0.296471;0.157173;-0.291997
306;0.300199;0.177442;-0.195138
307;0.224710;0.079425;0.263441
308;-0.418102;0.143257;0.072872
309;-0.093194;0.200053;-0.031696
310;0.044694;0.083428;0.054322
311;0.212698;-0.004160;0.028244
312;0.033856;-0.126872;0.140140
313;-0.278245;-0.144369;0.076113
314;-0.341055;-0.289553;-0.007806
315;0.000992;-0.165561;-0.035432
316;0.051907;-0.101729;-0.164765
317;-0.039441;0.132423;-0.238292
318;0.197568;0.109887;-0.349016
319;-0.174983;0.482689;0.281011
320;-0.300119;-0.141900;0.406230
321;0.157223;-0.250769;0.181379
322;-0.093470;0.160052;0.267899
323;-0.196477;0.211280;-0.058830
324;0.027518;-0.024194;0.151032
325;0.064989;-0.243417;0.155634
326;0.030351;-0.161335;-0.068346
327;0.117685;-0.022729;-0.172495
328;0.104709;-0.064830;-0.228138
329;0.107971;-0.154812;-0.155977
330;0.352473;0.065829;-0.281226
331;0.346842;0.045840;-0.225787
332;0.279750;0.267650;0.033527
333;-0.259778;0.098937;0.103740
334;-0.408868;0.172163;0.039101
335;0.003550;0.132830;0.187703
336;0.253666;0.196842;-0.045925
337;0.165123;-0.049599;0.116961
338;-0.112007;-0.146397;0.089455
339;-0.240995;-0.236961;0.080156
340;-0.203385;-0.244489;0.032274
341;-0.047968;-0.176122;-0.080874
342;0.048922;-0.026575;-0.155987
343;-0.059544;0.335787;-0.272632
344;0.062415;0.245782;-0.436889
345;-0.243654;0.310896;0.457387
346;-0.127281;-0.180340;0.257640
347;0.095918;-0.282347;0.383984
348;-0.105509;0.088186;0.042403
349;-0.014115;0.203181;-0.117332
350;0.114903;-0.033422;0.199212
351;0.018414;-0.223936;0.042688
352;0.008782;-0.179402;-0.030191
353;0.082570;-0.035237;-0.159117
354;0.200583;-0.083981;-0.246402
355;0.119609;-0.100374;-0.125911
356;0.313018;0.134307;-0.263545
357;0.293819;0.078792;-0.246892
358;0.221899;0.222992;0.141720
359;-0.266252;0.060040;0.165281
360;-0.335132;0.191505;0.069968
361;-0.102424;0.167001;0.046210
362;0.181926;0.108164;0.037603
363;0.128045;-0.052041;0.125656
364;-0.111420;-0.154923;0.025328
365;-0.203046;-0.291944;0.106347
366;-0.139112;-0.265903;0.034270
367;-0.061179;-0.141887;-0.168728
368;0.029590;0.044840;-0.169605
369;0.030753;0.328682;-0.409455
370;0.038091;0.085108;-0.447717
371;-0.320956;0.549492;0.686895
372;-0.051859;-0.121845;0.153135
373;0.053730;-0.267595;0.466640
374;-0.193272;0.086452;0.100944
375;-0.106577;0.116240;-0.150282
376;0.162431;-0.113817;0.217187
377;0.028585;-0.255986;0.064026
378;0.024247;-0.165018;-0.002883
379;0.149465;-0.010723;-0.182925
380;0.165129;-0.037571;-0.179899
381;0.157755;0.011090;-0.153715
382;0.257532;0.083177;-0.267941
383;0.286666;0.067989;-0.165331
384;0.282575;0.098381;0.059980
385;-0.251563;-0.022971;0.170632
386;-0.453661;0.173319;-0.079540
387;0.004192;0.235991;0.070662
388;0.286169;0.155068;-0.008899
389;0.166696;-0.150861;0.130008
390;-0.103861;-0.156299;0.145193
391;-0.230825;-0.202365;0.080077
392;-0.159838;-0.295288;-0.172481
393;0.064464;-0.265765;-0.070367
394;0.078118;0.149849;-0.068043
395;0.135143;0.181445;-0.538930
396;-0.043843;0.547326;0.133207
397;-0.426677;0.102634;0.396487
398;0.070316;-0.427647;0.059193
399;-0.077638;-0.142131;0.414271
400;-0.106356;0.413171;0.089374
401;-0.063725;-0.007485;-0.142369
402;0.212369;-0.197184;0.222654
403;-0.003985;-0.212890;-0.006054
404;0.026379;0.008142;-0.106643
405;0.067660;-0.023796;-0.266011
406;0.217950;-0.161434;-0.120573
407;0.309088;-0.039666;-0.124980
408;0.418580;0.054145;-0.355744
409;0.341430;0.111100;0.044668
410;-0.213552;0.036107;0.151716
411;-0.536820;0.202372;0.010597
412;-0.043961;0.281930;0.081987
413;0.228137;0.301324;-0.001880
414;0.115172;0.002506;0.097928
415;-0.070481;-0.107237;0.076747
416;-0.275278;-0.336715;0.137781
417;-0.251951;-0.421544;0.065160
418;-0.096209;-0.244217;-0.115423
419;0.034445;-0.010991;-0.184809
420;0.073318;0.573644;-0.313684
421;0.039948;0.392674;-0.530752
422;-0.167565;0.139438;0.571139
423;-0.153864;-0.209590;0.130276
424;-0.006962;-0.304052;0.371719
425;-0.116633;0.124656;0.249851
426;0.053156;0.272595;-0.118979
427;0.087696;-0.092186;0.102116
428;0.027084;-0.253623;0.051202
429;0.018020;-0.121209;-0.003931
430;0.131270;-0.009912;-0.216021
431;0.135951;-0.078404;-0.242500
432;0.097885;-0.147707;-0.058844
433;0.434581;0.126914;-0.253568
434;0.304634;0.117354;-0.142949
435;0.171105;0.099438;0.148832
436;-0.438150;0.065211;0.139827
437;-0.220586;0.223088;-0.034744
438;0.071586;0.251395;0.031783
439;0.175895;0.063896;0.018860
440;0.088656;-0.121390;0.083893
441;-0.185087;-0.213695;0.177318
442;-0.279114;-0.261551;0.042930
443;-0.118190;-0.261195;-0.125597
444;0.019237;-0.153587;-0.104857
445;0.043458;0.431058;-0.233384
446;0.164859;0.012746;-0.419140
447;-0.200279;0.518407;0.549325
448;-0.297722;-0.108161;0.304449
449;0.089724;-0.196962;0.182744
450;-0.149212;0.130897;0.159947
451;-0.055359;0.202860;-0.089290
452;0.105620;-0.103009;0.165714
453;0.090441;-0.282445;0.035549
454;-0.012572;-0.164032;-0.013102
455;0.126029;-0.019193;-0.245749
456;0.200301;-0.090685;-0.258466
457;0.264474;-0.123825;-0.024848
458;0.307297;0.120277;-0.252235
459;0.264224;0.263860;-0.166734
460;0.178314;0.033705;0.092449
461;-0.432417;-0.116256;0.102622
462;-0.250424;0.185776;0.017669
463;-0.022573;0.334077;-0.008617
464;0.174748;0.151606;-0.046006
465;0.049616;-0.133899;0.055846
466;-0.206679;-0.201766;0.141738
467;-0.231232;-0.336726;0.057801
468;-0.036363;-0.280117;-0.126243
469;-0.005623;-0.195691;-0.109880
470;0.037676;0.455663;-0.154851
471;0.080821;0.167514;-0.581342
472;-0.282550;0.357428;0.719802
473;-0.109776;-0.279791;0.284516
474;0.019046;-0.101203;0.268805
475;-0.101618;0.258979;0.046873
476;-0.039083;-0.021370;-0.010633
477;0.172176;-0.108700;0.135474
478;0.048367;-0.263205;-0.016571
479;0.027605;-0.101037;-0.128757
480;0.244635;-0.027642;-0.241018
481;0.168042;-0.147145;-0.063949
482;0.353813;0.072537;-0.250843
483;0.391886;0.063754;-0.298276
484;0.177952;0.153424;-0.057857
485;-0.211001;0.006728;0.236664
486;-0.523832;0.136032;0.038958
487;-0.159177;0.340610;0.061920
488;0.093355;0.285659;-0.098827
489;0.153836;-0.094292;0.112310
490;-0.073456;-0.214845;0.177241
491;-0.259179;-0.211524;0.102807
492;-0.174523;-0.263334;-0.095200
493;0.044764;-0.247122;-0.179094
494;0.048659;0.110965;-0.060629
495;0.135209;0.247920;-0.558619
496;-0.042148;0.169346;0.156943
497;-0.349483;0.155274;0.501817
498;0.155093;-0.102555;0.120409
499;-0.032674;-0.049908;0.225223
500;-0.031459;0.162448;-0.011762
501;0.011926;-0.049442;0.057564
502;0.123470;-0.214615;0.040379
503;-0.000803;-0.277377;0.029197
504;0.071333;0.011627;-0.170951
505;0.129945;-0.050044;-0.156764
506;0.218490;0.036719;-0.133350
507;0.483533;0.067916;-0.211445
508;0.288419;0.124358;-0.270490
509;0.147126;0.004463;0.248869
510;-0.397787;-0.030948;0.108435
511;-0.252922;0.324490;-0.049429
512;-0.035404;0.352476;-0.024331
513;0.138639;0.042647;0.005786
514;0.051690;-0.173118;0.080050
515;-0.189502;-0.259572;0.136514
516;-0.224927;-0.366009;0.110232
517;-0.020129;-0.256894;-0.231606
518;-0.041802;-0.085722;0.006130
519;-0.014500;0.617466;-0.311345
520;-0.123033;0.141550;-0.334986
521;-0.371674;0.315534;0.634878
522;0.101710;-0.161937;0.151321
523;-0.023774;-0.147930;0.330819
524;-0.034592;0.284403;-0.010799
525;0.028598;-0.001534;0.001033
526;0.144445;-0.192334;0.080513
527;0.017322;-0.283807;0.021665
528;0.070690;-0.129446;-0.103529
529;0.228675;-0.034405;-0.114939
530;0.069046;-0.124881;-0.175450
531;0.441944;0.098027;-0.202242
532;0.396180;0.128572;-0.182113
533;0.154323;0.185907;-0.036434
534;-0.198963;-0.149712;0.103337
535;-0.385553;0.069297;-0.038493
536;-0.044630;0.305719;0.063574
537;0.180409;0.237160;-0.018596
538;0.137811;-0.067871;0.052297
539;-0.160597;-0.204590;0.182930
540;-0.247361;-0.258898;0.132307
541;-0.131743;-0.292336;-0.204049
542;0.057873;-0.270590;-0.117993
543;0.050173;0.293175;-0.081512
544;0.120629;-0.003166;-0.520080
545;-0.099647;0.521529;0.478948
546;-0.343180;0.057935;0.341176
547;0.158867;-0.246862;0.049909
548;-0.062067;0.094979;0.197410
549;-0.072440;0.203708;-0.038049
550;-0.005178;-0.077898;0.133523
551;0.133257;-0.246690;0.104024
552;-0.126810;-0.184876;-0.024141
553;0.132856;0.009677;-0.272226
554;0.205886;-0.083691;-0.222174
555;0.240020;-0.136536;-0.079791
556;0.390972;0.096828;-0.294230
557;0.327132;0.152908;-0.136766
558;0.065648;-0.009118;0.165134
559;-0.360064;-0.046880;0.073689
560;-0.176499;0.408363;0.049568
561;0.065277;0.281019;0.004485
562;0.142952;0.120751;-0.050002
563;-0.027779;-0.132609;0.135926
564;-0.181520;-0.198628;0.134903
565;-0.179125;-0.356491;0.012154
566;-0.074427;-0.315349;-0.183954
567;0.021608;-0.136239;-0.005336
568;-0.004444;0.478462;-0.380647
569;0.128602;0.178502;-0.396248
570;-0.376060;0.476630;0.616204
571;-0.057374;-0.332625;0.140476
572;0.046819;-0.208125;0.238336
573;-0.074134;0.342722;0.109141
574;0.007386;0.069409;-0.107839
575;0.161504;-0.179249;0.194625
576;-0.013505;-0.296813;0.015987
577;0.014059;-0.058795;-0.100692
578;0.196700;-0.020832;-0.265571
579;0.228157;-0.196164;-0.191574
580;0.282814;-0.010073;-0.096249
581;0.358228;0.247761;-0.279007
582;0.211737;0.251001;0.019810
583;-0.232272;-0.098882;0.042170
584;-0.470648;0.093840;-0.021532
585;-0.048459;0.286675;0.213165
586;0.137212;0.231021;-0.119683
587;0.061547;-0.047670;0.108451
588;-0.130405;-0.206858;0.253729
589;-0.239037;-0.263838;0.071461
590;-0.165222;-0.271596;-0.158718
591;0.037355;-0.310932;-0.205866
592;-0.007671;0.084605;0.003355
593;0.125243;0.192755;-0.657933
594;-0.023201;0.435714;0.259396
595;-0.444910;0.214019;0.453073
596;0.147147;-0.186740;-0.003809
597;0.030033;-0.070833;0.386842
598;-0.138545;0.273024;-0.041421
599;-0.017576;-0.034974;0.066738
600;0.110593;-0.239574;0.059871
601;-0.116040;-0.261817;0.023731
602;0.144007;-0.021841;-0.207134
603;0.263472;-0.052555;-0.159635
604;0.121641;-0.116174;-0.159137
605;0.382781;0.099851;-0.262636
606;0.336849;0.036476;-0.079450
607;0.156100;0.118017;0.131328
608;-0.345695;-0.025335;0.081588
609;-0.225784;0.281474;-0.016033
610;0.044973;0.280769;0.137267
611;0.159360;0.076236;-0.068507
612;0.055161;-0.119657;0.064719
613;-0.163065;-0.206999;0.203375
614;-0.218879;-0.270079;0.103796
615;-0.137809;-0.321297;-0.113287
616;0.009879;-0.214943;-0.047567
617;0.004105;0.383384;-0.158307
618;0.082797;0.165687;-0.563154
619;-0.167462;0.782888;0.452458
620;-0.267752;-0.223617;0.310116
621;0.048003;-0.413143;0.287624
622;-0.215108;0.117841;0.070841
623;0.067027;0.353711;-0.141874
624;0.152098;-0.125413;0.182362
625;0.135876;-0.289378;0.124093
626;-0.059398;-0.185103;-0.054595
627;0.038598;0.040738;-0.286280
628;0.219906;-0.172154;-0.137431
629;0.301077;-0.151493;-0.126242
630;0.462131;0.140809;-0.290484
631;0.265700;0.171716;-0.135568
632;0.152410;0.044196;0.072870
633;-0.392632;-0.065663;0.092145
634;-0.274519;0.216710;0.046848
635;-0.117958;0.283857;0.065339
636;0.158113;0.232469;-0.110016
637;0.018543;-0.036007;0.115222
638;-0.209716;-0.136389;0.141756
639;-0.230494;-0.386211;0.105379
640;-0.088494;-0.351980;-0.183188
641;0.115073;-0.191992;-0.124731
642;-0.065734;0.399725;-0.161425
643;0.113846;0.238460;-0.626777
644;-0.220917;0.384986;0.716386
645;-0.193635;-0.219715;0.123924
646;0.135505;-0.106726;0.343514
647;-0.090403;0.257206;0.046422
648;-0.067410;-0.001621;-0.036335
649;0.113692;-0.065071;0.185718
650;0.024033;-0.234734;0.017605
651;-0.083968;-0.165355;-0.095011
652;0.170378;-0.064122;-0.163610
653;0.245960;-0.079028;-0.200949
654;0.217350;-0.083366;-0.091216
655;0.321338;0.189815;-0.308694
656;0.269189;0.199290;-0.124219
657;0.166026;-0.044005;0.120690
658;-0.419023;0.002353;0.069013
659;-0.215737;0.307846;0.026522
660;0.103933;0.276289;0.086749
661;0.208665;0.132746;-0.097608
662;0.015808;-0.068442;0.208205
663;-0.243601;-0.207229;0.150418
664;-0.255536;-0.427643;0.081650
665;0.007513;-0.240862;-0.315164
666;0.028491;-0.122360;-0.082759
667;0.048572;0.448139;-0.254705
668;-0.122927;0.089393;-0.386734
669;-0.363129;0.369345;0.544970
670;0.146554;-0.072254;0.113575
671;0.053634;-0.244915;0.368603
672;-0.034464;0.194226;0.005353
673;0.049349;0.049330;-0.010483
674;0.088388;-0.096764;0.087948
675;0.019001;-0.245082;0.055600
676;-0.049026;-0.114079;-0.052210
677;0.155703;0.015564;-0.175984
678;0.240755;-0.064429;-0.300251
679;0.290932;-0.135387;-0.042508
680;0.355245;0.053055;-0.301035
681;0.210793;0.256473;0.041935
682;-0.229243;0.071489;0.115237
683;-0.424204;0.172853;-0.034001
684;-0.058006;0.309676;0.152953
685;0.092599;0.262164;-0.088392
686;0.063441;-0.078086;0.060928
687;-0.123642;-0.208323;0.163151
688;-0.316300;-0.341867;0.113014
689;-0.125590;-0.303294;-0.114193
690;0.018515;-0.207526;-0.141721
691;-0.049402;0.243692;-0.040287
692;0.059341;0.108322;-0.470576
693;0.133413;-0.283226;-0.067402
694;-0.409118;0.556598;0.365569
695;-0.074168;-0.011560;0.282410
696;0.004033;-0.156689;0.078520
697;0.018634;0.055852;0.118375
698;0.019457;0.170525;-0.031117
699;0.142079;-0.098266;0.102503
700;-0.025899;-0.264387;0.025825
701;-0.061263;-0.074938;0.014797
702;0.126081;0.011339;-0.211270
703;0.167284;-0.146451;-0.202931
704;0.320980;0.040408;-0.102420
705;0.259626;0.091924;-0.291356
706;0.206218;0.029196;-0.195990
707;0.077449;-0.053049;0.207651
708;-0.273285;-0.030915;0.094496
709;-0.284907;0.371800;-0.091381
710;0.068008;0.341390;0.016489
711;0.206008;0.136945;-0.025114
712;0.012103;-0.123075;0.185464
713;-0.303609;-0.083830;0.133796
714;-0.239127;-0.219878;0.017422
715;0.062100;-0.257321;-0.282352
716;-0.015193;-0.223315;0.101343
717;0.050823;0.299659;-0.241762
718;-0.004818;-0.157004;-0.367571
719;-0.158787;0.157057;0.378215
720;0.040271;0.099529;0.149363
721;-0.079039;-0.220280;0.262703
722;0.101521;-0.091993;0.301618
723;-0.040985;0.473629;-0.043610
724;-0.022831;0.021490;0.119463
725;0.153307;-0.107967;0.123634
726;-0.034885;-0.070939;-0.006745
727;0.085992;-0.080207;-0.219777
728;0.190031;-0.188406;-0.121040
729;0.127142;-0.132761;-0.167836
730;0.282585;-0.078258;-0.190318
731;0.356320;-0.002135;-0.308859
732;0.156700;-0.041113;0.003861
733;0.084225;-0.014788;0.163200
734;-0.269213;0.225806;-0.007997
735;-0.127108;0.497419;0.064760
736;0.106534;0.315726;-0.092180
737;0.152939;-0.057092;0.128237
738;-0.025921;-0.143980;0.142173
739;-0.276170;-0.283063;0.091959
740;-0.182731;-0.271979;-0.075526
741;-0.060202;-0.231854;-0.085156
742;-0.048508;-0.049154;-0.069129
743;0.015002;0.287638;-0.340085
744;0.223321;-0.160670;-0.324806
745;-0.325895;0.627212;0.469730
746;-0.205782;0.017398;0.325257
747;-0.094444;-0.205322;0.153754
748;-0.008841;-0.053608;0.317319
749;-0.057273;0.309323;0.022704
750;0.098980;-0.031972;0.068687
751;0.148158;-0.267473;-0.035879
752;-0.060059;-0.184384;-0.015612
753;0.178471;-0.047686;-0.300533
754;0.123696;-0.110098;-0.288127
755;0.140415;-0.118896;-0.066086
756;0.410329;0.152554;-0.392867
757;0.408625;0.109044;-0.014750
758;0.229401;0.098238;0.116691
759;-0.534186;0.079994;-0.025392
760;-0.170248;0.333268;-0.001008
761;0.089184;0.282739;0.202701
762;0.235692;0.072608;-0.057959
763;0.030557;-0.133953;0.166026
764;-0.244291;-0.216203;0.186456
765;-0.280950;-0.334610;0.030607
766;-0.014917;-0.248658;-0.092419
767;0.055070;-0.211929;-0.038234
768;-0.026179;0.349365;-0.270290
769;0.150441;0.077615;-0.456788
770;-0.170154;0.416461;0.296641
771;-0.267721;0.004276;0.379516
772;-0.016599;-0.205937;0.051919
773;0.091908;-0.125622;0.488679
774;0.016248;0.308901;-0.102570
775;0.049930;-0.071445;-0.033116
776;0.139802;-0.262307;0.164538
777;-0.141549;-0.168596;0.033954
778;-0.124303;0.048772;-0.232579
779;0.133204;-0.070148;-0.187265
780;0.227858;-0.130099;0.031539
781;0.511800;0.089199;-0.280230
782;0.366934;0.139049;-0.336845
783;0.092111;0.122430;0.019200
784;-0.126278;-0.056948;0.171788
785;-0.510611;0.163737;0.100871
786;-0.127941;0.280053;0.025559
787;0.079874;0.282037;-0.104174
788;0.130188;-0.085278;0.166112
789;-0.102556;-0.245632;0.170365
790;-0.225577;-0.303836;0.072823
791;-0.122302;-0.313500;-0.041789
792;0.071682;-0.217125;-0.117667
793;-0.065083;0.197783;-0.158296
794;0.170081;0.151883;-0.628680
795;-0.014170;0.150286;-0.059633
796;-0.369308;0.619661;0.580043
797;0.012872;-0.263647;0.027723
798;0.132940;-0.287944;0.431053
799;-0.045499;0.147673;0.189613
800;-0.117099;0.190695;-0.181864
801;0.250722;-0.132900;0.230437
802;-0.080326;-0.343883;0.027817
803;-0.119567;-0.084725;-0.025600
804;0.154170;0.007179;-0.228999
805;0.154682;-0.038924;-0.250999
806;0.274409;-0.094134;-0.036576
807;0.438377;0.109393;-0.288099
808;0.310436;0.188670;-0.151149
809;0.036354;0.056253;0.114667
810;-0.454291;0.020729;0.063377
811;-0.194987;0.290445;0.073649
812;0.074192;0.339097;-0.035714
813;0.132762;0.099353;0.030740
814;0.005385;-0.095113;0.131178
815;-0.280209;-0.243850;0.144102
816;-0.176219;-0.420967;0.085102
817;-0.052730;-0.267058;-0.190953
818;0.032211;-0.196847;-0.118587
819;0.012449;0.404889;-0.232564
820;0.165119;-0.000868;-0.566561
821;-0.137005;0.529731;0.664775
822;-0.249734;0.085788;0.234874
823;0.098888;-0.231578;0.191199
824;-0.032883;-0.051296;0.237683
825;-0.047063;0.189306;-0.050671
826;0.035289;-0.090733;0.069064
827;0.080144;-0.276754;0.122001
828;-0.064082;-0.182420;-0.073242
829;0.089951;0.031021;-0.273529
830;0.187947;-0.010190;-0.228772
831;0.227652;-0.099923;0.006215
832;0.318383;0.099832;-0.326912
833;0.342159;0.111769;-0.130743
834;0.041622;0.111452;0.172487
835;-0.490520;0.056869;0.039144
836;-0.230085;0.317061;-0.002438
837;0.200245;0.273219;-0.021435
838;0.165555;0.051803;-0.014704
839;0.026649;-0.149839;0.209207
840;-0.267194;-0.251536;0.121074
841;-0.224978;-0.371533;0.110052
842;-0.049238;-0.191112;-0.168384
843;0.028382;-0.065672;-0.198145
844;-0.008828;0.444598;-0.298293
845;-0.087140;0.059783;-0.514366
846;-0.150220;0.453942;0.614302
847;-0.084736;-0.056792;0.110721
848;0.183880;-0.197005;0.495752
849;-0.122948;0.049531;0.214108
850;-0.126907;0.122866;-0.132572
851;0.081878;-0.052619;0.135402
852;0.128824;-0.248376;0.011844
853;0.034677;-0.229096;0.025999
854;0.083972;-0.028654;-0.208017
855;0.137973;-0.023256;-0.183205
856;0.141451;-0.110390;-0.064462
857;0.394289;0.129538;-0.292177
858;0.430940;0.083638;-0.147682
859;0.122752;0.170798;0.115293
860;-0.335991;-0.066945;0.139077
861;-0.393443;0.164941;-0.051139
862;0.046994;0.293820;0.078900
863;0.111208;0.203767;-0.101116
864;0.023101;-0.113542;0.092608
865;-0.189620;-0.177150;0.202629
866;-0.238997;-0.324489;0.078859
867;-0.042508;-0.257226;-0.211461
868;0.055979;-0.143857;-0.148387
869;-0.057327;0.282502;-0.148521
870;-0.026359;0.067025;-0.571415
871;0.019272;0.208648;0.185333
872;-0.227478;0.380002;0.386637
873;0.173184;-0.212377;0.123100
874;0.086474;-0.233230;0.506128
875;-0.084849;0.180939;-0.099771
876;-0.067615;0.074972;-0.037030
877;0.199102;-0.169031;0.174649
878;-0.050480;-0.286014;0.032492
879;0.035150;-0.070327;-0.132113
880;0.194680;0.002539;-0.161801
881;0.010341;-0.134244;-0.134863
882;0.331505;0.073232;-0.211412
883;0.464624;0.066148;-0.227313
884;0.300212;0.334545;-0.029769
885;-0.155800;-0.008670;0.082571
886;-0.526052;-0.009815;0.098327
887;-0.061579;0.266072;0.046711
888;0.215629;0.213372;-0.144127
889;0.166707;-0.057742;0.105787
890;-0.077612;-0.258277;0.124938
891;-0.257421;-0.241671;0.065929
892;-0.111093;-0.233144;0.019894
893;-0.072143;-0.165114;-0.200794
894;-0.042995;0.071242;-0.061871
895;-0.001747;0.264450;-0.413844
896;0.057438;0.203920;-0.139021
897;-0.230476;0.240104;0.497088
898;0.015749;-0.235614;0.195732
899;-0.019495;-0.178078;0.340294
900;0.019013;0.297018;-0.085559
901;0.006622;0.035958;-0.039130
902;0.131574;-0.163824;0.128134
903;0.021894;-0.284839;0.090120
904;-0.030481;0.022740;-0.117704
905;0.066186;0.028873;-0.243252
906;0.200482;-0.158989;-0.126398
907;0.369697;0.011312;-0.142819
908;0.368719;0.017040;-0.313998
909;0.144901;0.203378;0.076959
910;-0.128620;-0.015800;0.164305
911;-0.479609;0.142944;0.026118
912;0.014708;0.236102;0.046248
913;0.146826;0.210656;-0.059138
914;0.085033;-0.031594;0.069639
915;-0.048619;-0.162311;0.106125
916;-0.247765;-0.282918;0.071067
917;-0.117853;-0.348372;-0.017125
918;0.075035;-0.272957;-0.097685
919;0.053549;0.033411;-0.163792
920;-0.037014;0.369279;-0.366540
921;0.151913;0.085727;-0.299168
922;-0.278273;0.591305;0.402664
923;-0.244486;-0.285473;0.242615
924;-0.013328;-0.327428;0.298012
925;-0.038116;0.285899;0.121793
926;-0.088848;0.142201;-0.179343
927;0.060616;-0.110427;0.204751
928;0.048876;-0.271224;0.081056
929;0.012002;-0.132358;-0.035219
930;0.130717;0.025811;-0.195335
931;0.183777;-0.152011;-0.260557
932;0.220997;-0.034249;-0.116346
933;0.528972;0.033131;-0.268816
934;0.295893;0.237836;-0.064086
935;0.050843;0.029341;0.130783
936;-0.465355;0.162558;0.045170
937;-0.182127;0.281114;0.098964
938;0.094236;0.185770;-0.025371
939;0.110370;-0.087137;0.004138
940;0.001718;-0.242490;0.171434
941;-0.189341;-0.317684;-0.005921
942;-0.022530;-0.211232;-0.074797
943;0.055131;-0.187737;-0.087146
944;-0.006334;-0.097731;-0.054220
945;0.067426;0.325730;-0.340132
946;0.034580;0.148424;-0.178655
947;-0.395596;0.658014;0.377854
948;-0.009618;-0.239845;0.181857
949;0.039364;-0.294333;0.281354
950;-0.021048;0.312295;0.163194
951;-0.187362;0.104311;-0.129679
952;0.020180;-0.181551;0.195489
953;-0.110968;-0.253656;0.146667
954;-0.041244;-0.049014;-0.150020
955;0.068743;0.006193;-0.183501
956;0.133481;-0.132532;-0.309952
957;0.291949;-0.007693;-0.169819
958;0.301791;0.100311;-0.392894
959;0.240452;0.294980;0.037233
960;-0.059210;0.109133;0.164137
961;-0.494089;0.128970;0.050404
962;0.029072;0.227524;0.078791
963;0.258185;0.138404;-0.006006
964;0.122818;-0.000907;0.063245
965;-0.078471;-0.241436;0.155884
966;-0.221683;-0.382448;0.105891
967;0.000177;-0.332848;-0.077160
968;0.182617;-0.194780;-0.074017
969;-0.101151;0.109896;-0.155991
970;0.217591;0.186571;-0.535483
971;0.130419;0.248004;-0.171025
972;-0.032201;0.369142;0.441214
973;-0.114442;-0.240828;0.153937
974;-0.065157;-0.430229;0.316670
975;-0.132731;0.218948;0.158461
976;-0.145970;0.132989;-0.172712
977;0.175392;-0.066348;0.149665
978;-0.024128;-0.262364;0.113001
979;-0.011492;-0.105965;-0.015856
980;0.127607;-0.008940;-0.172178
981;-0.045114;-0.036953;-0.233320
982;0.136744;-0.098308;-0.098650
983;0.344941;0.179208;-0.303241
984;0.316233;0.135664;-0.208073
985;-0.040839;0.191824;0.161720
986;-0.399887;0.004906;0.046640
987;-0.295849;0.186614;0.015093
988;0.022848;0.271164;0.111166
989;0.133379;0.139325;-0.086716
990;0.023830;-0.211409;0.166243
991;-0.138675;-0.253985;0.161964
992;-0.169273;-0.440266;0.001375
993;0.057698;-0.278194;-0.215719
994;0.135483;-0.190458;-0.256760
995;0.163044;0.138716;-0.339930
996;0.221109;0.039399;-0.489579
997;-0.047485;0.782294;0.516484
998;-0.154129;0.035835;0.174480
999;-0.055739;-0.355481;0.511047
1000;-0.147165;-0.021140;0.335503
1001;-0.264306;0.207954;-0.111352
1002;0.080567;-0.099249;0.075334
1003;0.166411;-0.337996;0.063411
1004;0.053903;-0.172397;0.076919
1005;0.115785;0.061003;-0.184179
1006;-0.014499;0.008669;-0.170969
1007;-0.043141;0.022955;-0.249049
1008;0.215990;-0.049484;-0.235078
1009;0.477959;0.028731;-0.301733
1010;0.258849;0.309320;0.064196
1011;-0.097737;0.081420;0.143683
1012;-0.521227;0.285668;-0.018779
1013;-0.045178;0.164534;0.254169
1014;0.135733;0.235448;-0.140593
1015;0.077579;-0.062883;0.092227
1016;-0.187487;-0.252313;0.124193
1017;-0.179662;-0.446972;0.066795
1018;-0.028377;-0.356844;-0.053228
1019;0.136323;-0.263776;-0.115310
1020;0.123931;0.115205;-0.199974
1021;0.260819;0.205159;-0.599481
1022;-0.008541;0.541292;-0.083564
1023;-0.057860;0.168498;0.405773
1024;-0.163843;-0.308499;0.205811
1025;-0.002585;-0.376915;0.344741
1026;-0.061761;0.403920;0.203090
1027;-0.187982;0.093604;-0.196042
1028;0.212072;-0.211914;0.203402
1029;-0.063302;-0.309531;0.083918
1030;-0.078100;-0.018800;-0.037054
1031;0.120079;-0.007093;-0.249556
1032;0.163830;-0.086618;-0.151312
1033;0.223163;-0.086192;-0.141818
1034;0.439848;0.108215;-0.411109
1035;0.269345;0.179463;0.020664
1036;-0.085073;0.192528;0.269173
1037;-0.550153;0.121928;0.182108
1038;-0.405693;0.353806;0.110865
1039;0.144234;0.350778;-0.051728
1040;0.098188;-0.018162;0.021027
1041;0.079429;-0.324260;0.184578
1042;-0.124970;-0.392408;-0.019471
1043;-0.039779;-0.445170;-0.121086
1044;0.207235;-0.331467;-0.094975
1045;0.044735;0.125803;-0.197460
1046;-0.051709;0.349669;-0.427059
1047;0.108837;0.015795;-0.296868
1048;-0.086618;0.600934;0.451602
1049;-0.258431;-0.024934;0.074638
1050;-0.047904;-0.327472;0.352720
1051;-0.085969;0.084530;0.334882
1052;-0.091888;0.161993;-0.202739
1053;0.216238;-0.129726;0.095570
1054;0.009262;-0.291064;0.054982
1055;-0.067941;-0.177766;-0.071817
1056;0.102514;-0.000764;-0.133705
1057;0.095819;-0.046615;-0.194870
1058;0.039553;-0.067182;-0.149131
1059;0.358325;0.071990;-0.244048
1060;0.327683;0.101697;-0.129139
1061;0.111742;0.259469;0.151816
1062;-0.381338;0.019325;0.112745
1063;-0.385854;0.197389;0.035009
1064;0.193591;0.259776;0.097090
1065;0.264730;0.144109;-0.082448
1066;0.121892;-0.219707;0.142424
1067;-0.137237;-0.340925;0.121691
1068;-0.234542;-0.451060;0.004261
1069;-0.037454;-0.211286;-0.126680
1070;0.085808;-0.166696;-0.031326
1071;-0.000031;0.511793;-0.265893
1072;0.201336;-0.078402;-0.538988
1073;0.008248;0.356505;0.266738
1074;-0.241465;0.296631;0.328840
1075;-0.016741;-0.326353;0.183374
1076;-0.075928;-0.259809;0.183031
1077;0.008506;0.233197;0.063797
1078;0.013166;0.053352;-0.007996
1079;0.119673;-0.203604;0.080275
1080;-0.094886;-0.244402;0.011179
1081;0.017191;0.023438;-0.205531
1082;0.083389;-0.020695;-0.098134
1083;0.140117;-0.094914;-0.147920
1084;0.395891;0.052534;-0.223944
1085;0.402184;0.092604;-0.281789
1086;0.099168;0.193581;-0.033194
1087;-0.071601;0.014547;0.214386
1088;-0.422606;0.071772;0.121026
1089;-0.162060;0.267066;0.041939
1090;0.207155;0.273024;-0.107755
1091;0.269881;-0.004708;0.045513
1092;0.013877;-0.144157;0.117867
1093;-0.358410;-0.296209;0.176168
1094;-0.254395;-0.394952;0.042197
1095;-0.008872;-0.152606;-0.046676
1096;-0.000861;0.033652;-0.289923
1097;0.122909;0.307133;-0.270284
1098;0.102056;-0.181476;-0.283469
1099;-0.394444;0.490407;0.457073
1100;-0.012678;0.168424;0.281471
1101;0.012446;-0.337440;0.340338
1102;0.013969;0.071474;0.171288
1103;0.008734;0.111228;-0.068611
1104;0.156894;-0.101139;0.074375
1105;0.027945;-0.260025;0.033448
1106;0.008726;-0.145882;-0.087338
1107;0.068845;-0.043725;-0.107000
1108;0.084655;-0.023155;-0.207772
1109;0.157381;-0.012281;-0.115599
1110;0.447629;0.062649;-0.262891
1111;0.321719;0.136820;-0.130446
1112;0.059310;0.080647;0.164157
1113;-0.326322;-0.088688;0.091277
1114;-0.208331;0.235458;0.068321
1115;0.135946;0.307841;-0.033428
1116;0.145675;0.102789;-0.026697
1117;-0.020994;-0.164617;0.125827
1118;-0.104313;-0.169397;0.147055
1119;-0.253567;-0.326860;-0.012274
1120;-0.034673;-0.294265;-0.096560
1121;0.025992;-0.213808;-0.024137
1122;-0.097137;0.326020;-0.189688
1123;0.101396;0.102948;-0.472206
1124;-0.074165;0.520964;0.149521
1125;-0.112741;0.095923;0.333800
1126;-0.006480;-0.359630;0.182355
1127;-0.073655;-0.277136;0.279824
1128;0.090670;0.337239;0.089445
1129;0.031737;0.035059;-0.131481
1130;0.134832;-0.204588;0.152397
1131;-0.058744;-0.252028;0.017772
1132;0.020219;0.030893;-0.155100
1133;0.145705;0.016762;-0.157678
1134;0.098261;-0.174409;-0.166964
1135;0.314151;0.022894;-0.123711
1136;0.331623;0.137164;-0.252386
1137;0.101242;0.281849;0.193027
1138;-0.302010;0.069842;0.091903
1139;-0.516824;0.162122;0.009824
1140;0.016162;0.211246;0.196945
1141;0.267001;0.176288;-0.161087
1142;0.120165;-0.179909;0.162658
1143;-0.077568;-0.310371;0.154592
1144;-0.191811;-0.338501;-0.054562
1145;0.028399;-0.297420;-0.092435
1146;0.161676;-0.257006;-0.111998
1147;-0.024997;0.108601;-0.218572
1148;0.040509;0.122283;-0.309459
1149;0.123730;0.167125;-0.195913
1150;-0.054637;0.652509;0.160772
1151;-0.204506;-0.032914;0.163414
1152;-0.260754;-0.469066;0.294479
1153;-0.199072;-0.121350;0.271353
1154;-0.102561;0.471974;-0.069667
1155;0.308085;-0.091019;-0.102179
1156;-0.010263;-0.323857;0.154634
1157;-0.043751;-0.048691;-0.012549
1158;0.083004;0.024093;-0.239669
1159;0.093203;-0.086001;-0.174362
1160;0.069441;-0.052689;-0.190920
1161;0.234986;0.027454;-0.159303
1162;0.321413;0.120748;-0.185822
1163;0.055119;0.200626;0.021010
1164;-0.313360;0.056182;0.044280
1165;-0.268019;0.143072;0.063858
1166;0.169048;0.215677;0.131932
1167;0.069633;0.173278;-0.109354
1168;0.025339;-0.048832;0.069763
1169;-0.044324;-0.186691;0.158602
1170;-0.117390;-0.424406;-0.026722
1171;0.047737;-0.344863;-0.110937
1172;0.054760;-0.239620;-0.117447
1173;-0.035653;0.158075;-0.343467
1174;0.113243;-0.046737;-0.312602
1175;-0.060768;0.495749;0.253338
1176;0.053036;0.370016;0.222756
1177;-0.005281;-0.364406;0.251829
1178;0.003028;-0.170582;0.280737
1179;-0.046208;0.342787;0.042911
1180;-0.053853;0.014320;-0.047469
1181;0.077387;-0.294538;0.135826
1182;-0.117581;-0.218996;0.049628
1183;0.028707;0.073379;-0.126138
1184;0.110844;-0.024148;-0.273185
1185;0.124865;-0.165370;-0.032531
1186;0.311316;-0.024679;-0.206223
1187;0.542350;0.226189;-0.273904
1188;0.054169;0.143878;0.147342
1189;-0.238678;-0.020755;-0.005333
1190;-0.300201;0.187216;-0.036204
1191;0.099794;0.298838;0.122067
1192;0.228125;0.239649;-0.195329
1193;-0.045419;-0.127467;0.128484
1194;-0.067715;-0.177847;0.196028
1195;-0.266202;-0.422443;-0.023877
1196;-0.077406;-0.368627;-0.066565
1197;0.120421;-0.298275;-0.071327
1198;0.019868;0.193678;-0.251779
1199;0.123840;0.117994;-0.447401
1200;0.105886;0.282008;-0.053271
1201;-0.145437;0.621442;0.356182
1202;-0.082559;-0.370964;0.147340
1203;-0.047179;-0.401436;0.274089
1204;0.003957;0.434471;0.111479
1205;-0.111252;0.113548;-0.103335
1206;0.168608;-0.206180;0.223163
1207;-0.123480;-0.332829;0.084982
1208;-0.022544;0.001342;-0.065631
1209;0.137386;0.000526;-0.238090
1210;-0.027943;-0.059981;-0.218692
1211;0.106512;-0.013690;-0.193352
1212;0.296069;0.077854;-0.264068
1213;0.221345;0.200370;0.044428
1214;-0.165922;0.129898;0.084516
1215;-0.440243;0.113115;0.065105
1216;0.078306;0.254226;0.083131
1217;0.339849;0.191613;-0.078315
1218;0.097706;-0.050406;0.082283
1219;-0.092381;-0.285020;0.120165
1220;-0.209767;-0.392781;0.079612
1221;-0.131158;-0.311683;-0.023104
1222;0.118874;-0.204716;-0.108701
1223;0.005713;0.130003;-0.197256
1224;0.090431;0.274505;-0.556785
1225;0.199064;0.116562;-0.165604
1226;-0.129345;0.306084;0.372238
1227;-0.056914;-0.080101;0.134550
1228;0.023835;-0.305042;0.434193
1229;0.021345;0.304696;0.027479
1230;-0.131651;0.028975;-0.113026
1231;0.110894;-0.155617;0.187670
1232;-0.011856;-0.274645;0.062749
1233;-0.074732;-0.098700;-0.065441
1234;0.173172;0.005388;-0.140375
1235;0.053598;-0.010012;-0.266296
1236;0.188173;-0.152150;-0.063898
1237;0.272216;0.088798;-0.256030
1238;0.358449;0.257260;-0.204605
1239;0.107174;0.207731;0.136668
1240;-0.388905;-0.002869;0.127048
1241;-0.413020;0.149348;-0.024608
1242;0.068177;0.267504;0.004900
1243;0.320237;0.136303;-0.061215
1244;0.072227;-0.163404;0.115633
1245;-0.102597;-0.243081;0.142168
1246;-0.234049;-0.386275;0.010563
1247;-0.117612;-0.234337;-0.085071
1248;-0.028978;-0.163742;-0.075532
1249;-0.016906;0.081822;-0.175482
1250;0.036983;0.169420;-0.413076
1251;0.198583;-0.164678;-0.318093
1252;-0.127714;0.793195;0.309319
1253;-0.086525;-0.029699;0.342171
1254;0.081626;-0.413757;0.176593
1255;-0.027300;-0.068184;0.370822
1256;-0.052745;0.357532;-0.062717
1257;0.005289;-0.070210;-0.043143
1258;-0.015093;-0.278709;0.239342
1259;-0.145050;-0.188401;-0.094736
1260;0.062349;-0.042158;-0.165639
1261;0.115654;-0.067867;-0.170970
1262;0.006259;0.008827;-0.255212
1263;0.305982;0.162116;-0.368838
1264;0.227863;0.092257;-0.198510
1265;0.215756;0.250372;0.114148
1266;-0.191585;0.048640;0.215053
1267;-0.451703;0.241639;-0.093772
1268;0.119590;0.173840;0.178780
1269;0.338232;0.128351;-0.020608
1270;0.090052;-0.189291;0.147091
1271;-0.305783;-0.227016;0.071598
1272;-0.210599;-0.378931;0.015474
1273;0.155962;-0.226541;0.028383
1274;0.154793;-0.143975;-0.130394
1275;0.023844;0.282982;-0.283037
1276;0.208521;0.017839;-0.288522
1277;-0.059231;0.223930;-0.056652
1278;-0.157196;0.210282;0.332343
1279;-0.109750;-0.225118;0.233920
1280;0.144116;-0.323048;0.400509
1281;0.001424;0.319893;-0.071309
1282;-0.093665;0.078034;-0.055093
1283;0.025769;-0.159900;0.230827
1284;-0.061570;-0.258313;0.082309
1285;0.008823;-0.101867;-0.101819
1286;0.111483;-0.017443;-0.163536
1287;0.069192;0.031251;-0.210911
1288;-0.004587;-0.093606;-0.111339
1289;0.384790;0.191797;-0.382321
1290;0.322817;0.185073;-0.150059
1291;0.103786;0.146090;0.125712
1292;-0.349159;-0.093884;0.161024
1293;-0.290239;0.152909;0.122629
1294;0.079059;0.245151;0.031994
1295;0.244339;0.168681;-0.077086
1296;0.082062;-0.061309;0.060087
1297;-0.231676;-0.307248;0.131880
1298;-0.181451;-0.440727;-0.034726
1299;0.010485;-0.258828;-0.035969
1300;0.158818;-0.203963;-0.107106
1301;0.078425;0.281061;-0.291602
1302;0.167135;0.050594;-0.377328
1303;-0.087836;0.291512;0.020000
1304;-0.100194;0.502521;0.301739
1305;-0.013566;-0.333458;0.257696
1306;-0.004606;-0.335377;0.259193
1307;0.001864;0.385941;0.033822
1308;-0.069083;0.083459;0.021137
1309;0.098017;-0.216138;0.148514
1310;-0.186683;-0.348851;0.105634
1311;-0.046160;-0.032572;-0.128375
1312;0.182556;0.039841;-0.143270
1313;0.068314;-0.067191;-0.201933
1314;0.215693;-0.056236;-0.183224
1315;0.289743;0.177829;-0.251825
1316;0.299781;0.434310;-0.063135
1317;0.119495;0.054147;0.097328
1318;-0.393922;-0.140262;0.083262
1319;-0.291434;0.177082;0.168870
1320;0.166063;0.270911;-0.067545
1321;0.191358;0.057032;-0.097541
1322;0.189304;-0.271801;0.277540
1323;-0.105636;-0.342680;-0.015392
1324;-0.171596;-0.366608;-0.039763
1325;0.014599;-0.233255;-0.187508
1326;0.097485;-0.135255;-0.158759
1327;-0.093680;0.420467;-0.284161
1328;0.075883;0.343629;-0.471365
1329;0.143556;0.500157;0.376424
1330;-0.144047;-0.181673;0.233269
1331;-0.019421;-0.462882;0.386235
1332;-0.163768;0.052409;0.272772
1333;-0.312677;0.257210;-0.060226
1334;0.151946;-0.064411;0.042927
1335;0.004308;-0.236970;0.157737
1336;-0.056424;-0.124774;-0.009855
1337;0.001281;0.013318;-0.079218
1338;0.059361;0.017681;-0.287133
1339;0.169050;-0.067649;-0.143452
1340;0.249260;0.065530;-0.208498
1341;0.219427;0.220667;-0.049652
1342;0.004868;0.132072;0.058141
1343;-0.405399;0.017146;0.088904
1344;-0.096076;0.274192;0.022398
1345;0.364320;0.215495;-0.005381
1346;0.073263;-0.011283;0.025291
1347;-0.011333;-0.195994;0.180915
1348;-0.161171;-0.290426;0.014857
1349;-0.166798;-0.459231;-0.073189
1350;0.126810;-0.325251;-0.131908
1351;0.110835;0.018344;-0.108306
1352;-0.067230;0.341414;-0.428130
1353;0.128338;-0.054053;-0.259744
1354;-0.003140;0.894181;0.431465
1355;-0.187918;-0.159517;0.178960
1356;-0.082283;-0.430253;0.258971
1357;-0.033073;0.084611;0.261054
1358;-0.195481;0.139316;-0.105347
1359;0.086057;-0.174525;0.047460
1360;0.117529;-0.282688;0.084305
1361;-0.042073;-0.123960;-0.027066
1362;0.103580;0.051432;-0.187274
1363;0.086253;-0.073665;-0.207183
1364;0.153536;-0.031292;-0.134623
1365;0.313160;0.033633;-0.115764
1366;0.206144;0.197857;-0.223636
1367;0.115058;0.184764;0.125303
1368;-0.281763;0.029992;0.070447
1369;-0.349298;0.221873;-0.081521
1370;0.139761;0.156909;0.080343
1371;0.173962;0.081511;-0.032139
1372;0.048694;-0.136457;0.182601
1373;-0.204702;-0.233434;0.015453
1374;-0.161163;-0.340056;0.017761
1375;-0.049890;-0.314745;-0.126059
1376;0.106497;-0.228891;-0.065228
1377;0.050628;0.193039;-0.296751
1378;0.076815;0.137471;-0.441019
1379;0.225980;0.127895;-0.027036
1380;-0.140622;0.678350;0.342989
1381;-0.204551;-0.263016;0.145086
1382;-0.057277;-0.290702;0.154574
1383;0.131163;0.248813;0.308238
1384;-0.272405;0.046364;-0.133626
1385;0.249469;-0.140282;0.126494
1386;0.043859;-0.314251;-0.013401
1387;-0.026202;-0.045141;-0.024569
1388;0.134926;0.012339;-0.213246
1389;0.129889;-0.075624;-0.234659
1390;0.150640;-0.050717;-0.067462
1391;0.228681;0.071438;-0.198649
1392;0.246575;0.209955;-0.048486
1393;0.022812;0.135248;0.117620
1394;-0.334040;0.057847;0.043978
1395;-0.122353;0.220257;-0.049463
1396;0.193944;0.169807;0.103766
1397;0.081182;-0.005250;0.028599
1398;-0.053465;-0.242836;0.138864
1399;-0.098196;-0.135761;0.046522
1400;-0.185332;-0.322231;-0.002153
1401;0.015513;-0.249009;-0.098695
1402;0.175980;-0.112310;-0.181784
1403;-0.011834;0.246367;-0.330028
1404;0.210575;-0.029020;-0.407183
1405;0.057346;0.532510;0.365742
1406;-0.198312;0.089049;0.339993
1407;-0.187716;-0.319841;0.067800
1408;-0.104592;-0.058210;0.294263
1409;0.017648;0.326068;0.043559
1410;-0.027303;-0.082572;0.034917
1411;0.066798;-0.312009;0.135335
1412;-0.085958;-0.211421;-0.053530
1413;0.136437;0.016898;-0.184088
1414;0.200064;-0.050588;-0.193318
1415;0.076614;-0.128258;-0.094420
1416;0.239377;0.103949;-0.229983
1417;0.337717;0.158680;-0.252802
1418;0.134631;0.238220;-0.012679
1419;-0.130954;-0.011869;0.143353
1420;-0.402170;0.055628;0.080989
1421;-0.002057;0.186931;0.044574
1422;0.399030;0.279075;-0.100893
1423;0.154138;-0.057299;0.116203
1424;-0.162931;-0.186687;0.102477
1425;-0.277053;-0.363014;0.045477
1426;-0.134910;-0.368024;-0.038206
1427;0.199878;-0.248655;0.006839
1428;0.054755;-0.018560;-0.165512
1429;0.122176;0.345313;-0.429412
1430;0.353132;-0.183903;-0.283520
1431;-0.162071;0.834843;0.360428
1432;-0.273245;0.058092;0.342936
1433;-0.282403;-0.432158;-0.101882
1434;-0.012444;-0.224431;0.526981
1435;0.075386;0.468524;-0.007230
1436;0.120602;-0.027232;-0.049722
1437;-0.005324;-0.344138;0.155901
1438;-0.106313;-0.187384;0.031006
1439;0.066330;0.055892;-0.243303
1440;0.140019;-0.106335;-0.178643
1441;0.125654;-0.109831;-0.121520
1442;0.277279;0.058642;-0.212644
1443;0.369239;0.180300;-0.178248
1444;0.046319;0.265141;0.087623
1445;-0.238784;-0.018929;0.080136
1446;-0.371188;0.132087;-0.001131
1447;0.061756;0.146708;0.108576
1448;0.185895;0.161212;-0.071403
1449;0.045385;-0.030551;0.080057
1450;-0.125213;-0.236827;0.072820
1451;-0.208334;-0.319275;0.007013
1452;-0.031277;-0.307401;-0.008429
1453;0.106430;-0.238014;-0.120902
1454;0.167128;-0.014717;-0.191755
1455;-0.041016;0.218679;-0.346140
1456;0.216598;-0.004724;-0.359057
1457;-0.086868;0.820170;0.473192
1458;-0.210161;-0.115416;0.203925
1459;-0.096528;-0.371541;0.188228
1460;-0.093993;0.004310;0.307338
1461;-0.192237;0.185198;-0.057897
1462;0.125682;-0.082852;0.050589
1463;0.105688;-0.255436;0.059002
1464;-0.046309;-0.175948;-0.000614
1465;0.126713;0.039137;-0.154000
1466;0.107575;-0.053180;-0.186757
1467;0.117573;-0.039255;-0.214232
1468;0.333377;0.018751;-0.124831
1469;0.262410;0.214350;-0.210079
1470;0.120238;0.227639;0.061122
1471;-0.171929;0.008914;0.108023
1472;-0.442946;0.100969;0.052463
1473;0.053293;0.143001;0.050133
1474;0.251458;0.104616;-0.067627
1475;0.030037;-0.025119;0.064164
1476;-0.012188;-0.198125;0.123588
1477;-0.177420;-0.331625;-0.017198
1478;-0.098240;-0.289908;-0.031798
1479;0.064596;-0.207583;-0.113717
1480;0.147102;0.013399;-0.219202
1481;0.221099;0.144525;-0.370098
1482;0.408182;-0.063445;-0.309988
1483;-0.184410;0.856878;0.444243
1484;-0.356132;-0.206720;0.264280
1485;-0.280805;-0.340759;-0.158951
1486;0.028776;0.170618;0.456147
1487;-0.050740;0.146140;-0.126302
1488;0.181130;-0.129018;0.110543
1489;-0.038998;-0.299777;0.095603
1490;-0.119885;-0.061037;-0.054210
1491;0.117331;0.072637;-0.158371
1492;0.115215;-0.104479;-0.204821
1493;0.179049;-0.062305;-0.159268
1494;0.432795;0.051591;-0.290804
1495;0.266801;0.160284;0.042042
1496;-0.120360;0.236746;0.081874
1497;-0.326603;0.178058;0.058011
1498;-0.181158;0.208670;0.043923
1499;0.223169;0.082838;0.039757
1500;0.103494;0.053033;0.048962
1501;0.040100;-0.196283;0.180613
1502;-0.256356;-0.306981;0.029914
1503;-0.131719;-0.312825;0.000863
1504;-0.004196;-0.220546;-0.073501
1505;0.121489;-0.154296;-0.154110
1506;0.124731;0.198937;-0.272866
1507;0.192385;-0.002384;-0.383393
1508;0.131287;0.341996;0.061809
1509;-0.371664;0.250945;0.361809
1510;-0.117038;-0.151013;0.205266
1511;0.002752;-0.116662;0.100884
1512;0.018065;0.073371;0.203542
1513;-0.119329;-0.061962;-0.092506
1514;0.229329;-0.107415;0.154139
1515;0.007172;-0.204925;-0.005130
1516;-0.065762;-0.015529;-0.076082
1517;0.067647;-0.100958;-0.183160
1518;0.135519;0.058500;-0.158307
1519;0.303699;0.024952;-0.107152
1520;0.306048;0.176080;-0.299601
1521;0.395041;0.198770;-0.002220
1522;-0.059075;0.078414;0.181808
1523;-0.405925;0.028598;0.036469
1524;-0.163235;0.180361;0.081063
1525;0.090373;0.215497;0.065575
1526;0.061763;-0.016500;-0.032822
1527;-0.052833;-0.287552;0.123759
1528;-0.149581;-0.238670;0.053245
1529;-0.124353;-0.299672;-0.063289
1530;0.072078;-0.291021;-0.042196
1531;0.132260;-0.098175;-0.147942
1532;-0.022942;0.197666;-0.258450
1533;0.073919;0.007092;-0.322616
1534;0.052733;0.619390;0.047266
1535;-0.023393;0.070473;0.294629
1536;-0.175130;-0.317459;0.293585
1537;-0.056734;-0.135605;0.229042
1538;-0.024475;0.263526;0.173630
1539;-0.103104;-0.045766;-0.072807
1540;0.284085;-0.161044;0.121294
1541;0.006210;-0.213311;0.025322
1542;-0.015231;-0.037956;-0.086744
1543;0.082434;-0.016254;-0.114093
1544;0.031278;0.031058;-0.167454
1545;0.142187;0.044253;-0.183281
1546;0.244918;0.061195;-0.074061
1547;0.199367;0.260428;0.139168
1548;-0.174942;0.026407;0.064194
1549;-0.322187;0.041556;-0.041985
1550;0.102669;0.114164;0.207909
1551;0.186393;0.197999;-0.157005
1552;-0.162053;-0.107468;0.064635
1553;-0.162017;-0.172561;0.091826
1554;-0.054104;-0.246302;-0.033915
1555;0.060054;-0.261543;-0.078407
1556;0.078221;-0.243535;-0.123897
1557;0.162941;-0.029925;-0.272218
1558;-0.098459;0.078374;-0.161574
1559;-0.167017;0.051235;-0.103060
1560;0.079791;0.615398;0.017626
1561;-0.027080;0.001766;0.132161
1562;-0.082719;-0.328534;0.316141
1563;0.014557;-0.032459;0.139575
1564;-0.000730;0.130531;-0.028449
1565;0.185865;0.009890;0.004498
1566;-0.052208;-0.219184;0.103611
1567;0.140254;0.078772;-0.044842
1568;-0.022633;-0.100467;-0.202431
1569;0.129775;-0.070648;-0.018993
1570;0.119971;0.125393;-0.174111
1571;0.161460;0.027206;-0.193215
1572;0.164342;-0.046205;-0.209836
1573;0.190311;0.059700;0.095970
1574;0.111179;0.108141;0.075287
1575;-0.152570;0.000089;-0.047603
1576;-0.032586;0.076407;-0.024257
1577;0.135778;0.172978;-0.046564
1578;-0.002162;-0.033264;0.037492
1579;-0.086061;-0.192488;0.111100
1580;-0.104118;-0.155254;-0.034806
1581;-0.056624;-0.142838;-0.080089
1582;-0.031960;-0.087808;0.022005
1583;-0.022695;0.007245;-0.155780
1584;-0.000573;-0.067347;-0.161498
1585;-0.002681;-0.047981;-0.002716