index;x;y;z
0;-0.001712;-0.006350;0.000123
1;0.002572;-0.012389;-0.003848
2;0.001743;-0.006944;-0.002814
3;-0.005982;-0.005748;0.002321
4;-0.009228;-0.004375;0.003120
5;-0.007331;-0.000960;0.006062
6;0.002468;-0.005716;-0.002700
7;0.009337;-0.006956;-0.006914
8;0.004642;-0.003386;-0.006581
9;0.001979;-0.004036;-0.003858
10;-0.001468;-0.004283;-0.000508
11;0.000049;-0.001097;0.002692
12;-0.000575;-0.005890;0.005477
13;0.000728;-0.006689;0.007914
14;-0.000836;-0.003878;0.005171
15;-0.000162;-0.005654;0.000714
16;0.004513;-0.002100;0.002054
17;0.004513;-0.004312;-0.001477
18;0.003422;-0.004863;-0.002499
19;0.001297;-0.002437;0.001155
20;0.002825;-0.006204;-0.002023
21;0.002540;-0.005212;-0.003796
22;-0.003901;-0.003522;-0.000302
23;-0.007847;-0.003400;0.004546
24;-0.006056;-0.002216;0.007263
25;-0.000413;-0.003748;0.005876
26;0.005987;-0.006636;0.001156
27;0.008413;-0.006506;-0.001626
28;0.005414;-0.008084;-0.003410
29;0.000260;-0.006060;-0.004185
30;-0.003247;-0.002498;-0.004785
31;-0.003096;-0.003797;-0.000321
32;0.001444;-0.005986;-0.002208
33;0.002990;-0.006777;-0.001119
34;0.002610;-0.002128;-0.001216
35;-0.000799;-0.005200;-0.001792
36;0.000061;-0.003658;0.001492
37;-0.003465;-0.003787;0.002503
38;-0.004316;-0.003492;0.002602
39;-0.002702;-0.007486;0.001465
40;-0.001714;-0.006254;0.000611
41;-0.000506;-0.003482;0.000658
42;-0.000462;-0.005357;0.000197
43;-0.001465;-0.003460;-0.000516
44;-0.001783;-0.004753;0.000184
45;0.001140;-0.006409;-0.003578
46;-0.001754;-0.006175;-0.004687
47;0.002105;-0.005688;-0.002050
48;0.005233;-0.001641;0.000139
49;0.002613;-0.004021;-0.001541
50;0.004673;-0.005238;0.003821
51;0.005197;-0.001926;0.010831
52;0.002271;-0.004017;0.005131
53;-0.000178;-0.010817;-0.002488
54;0.007555;-0.006605;-0.007013
55;0.004817;-0.002880;-0.010308
56;-0.004430;-0.002388;-0.006967
57;-0.015376;-0.002562;0.002228
58;-0.004118;0.002489;0.005212
59;0.006981;-0.008889;0.002223
60;0.010959;-0.011327;0.003325
61;0.001512;-0.009455;0.000106
62;-0.005313;-0.002085;0.001140
63;-0.009870;0.005799;-0.002051
64;0.000154;-0.006899;0.000412
65;0.004636;-0.011153;-0.002781
66;0.011516;-0.006294;-0.004057
67;0.013194;-0.005102;-0.003543
68;0.009095;-0.003419;0.002102
69;0.003519;-0.000769;0.007110
70;0.002360;-0.005791;0.008064
71;-0.005127;0.000055;0.002612
72;0.002311;-0.005580;-0.001578
73;0.005981;-0.007055;0.002825
74;0.000993;-0.002576;0.000747
75;-0.008674;-0.004794;0.003934
76;-0.012951;-0.004608;0.007868
77;-0.014199;-0.000360;0.009507
78;-0.012687;0.003208;0.009427
79;-0.005448;-0.008139;0.001720
80;0.000992;-0.006476;-0.001240
81;0.004972;-0.003759;-0.001178
82;0.003603;0.001516;0.000071
83;-0.002523;-0.005440;0.000058
84;-0.004780;-0.005676;-0.000366
85;-0.012663;-0.003448;-0.000366
86;-0.012811;-0.002423;0.002896
87;-0.012566;-0.005454;0.003086
88;-0.010908;-0.002446;0.001616
89;-0.004189;-0.007089;0.001324
90;-0.003034;-0.008951;0.001960
91;-0.000966;-0.013289;-0.002492
92;0.004859;-0.014651;0.003597
93;0.008427;-0.010215;0.014740
94;0.021829;-0.002476;0.011975
95;0.023087;0.007776;0.015749
96;0.030045;-0.012015;0.018137
97;0.022702;-0.018227;0.025262
98;0.040260;-0.008136;0.032186
99;0.065609;-0.026062;0.029596
100;0.034479;-0.009158;0.057133
101;0.011719;0.016455;0.074736
102;-0.039591;0.059899;0.122810
103;-0.110789;0.045868;0.118592
104;-0.123354;-0.049606;0.029724
105;-0.135734;0.123236;-0.167262
106;0.008236;0.183309;-0.039876
107;0.111488;-0.003803;0.034034
108;-0.027520;-0.027973;0.047296
109;-0.148485;-0.179244;0.025477
110;-0.160449;-0.191913;0.036881
111;-0.047370;-0.120430;-0.021713
112;0.089625;-0.136094;-0.139506
113;0.086200;-0.021939;-0.144381
114;0.050389;0.042209;-0.152003
115;0.040390;-0.119849;-0.166783
116;0.001074;-0.164997;-0.175181
117;-0.040377;-0.144561;-0.164518
118;-0.272395;0.645721;-0.070259
119;0.062141;0.206428;-0.148615
120;0.122838;-0.257216;-0.071911
121;-0.052258;-0.016373;0.086412
122;-0.184895;0.127142;0.149157
123;0.067675;-0.013426;0.207840
124;0.104325;-0.062592;0.252220
125;-0.150388;-0.026265;0.209250
126;-0.161889;-0.011249;0.030418
127;0.002103;-0.064723;0.098653
128;0.059762;-0.074593;0.123208
129;0.110865;-0.034077;-0.014676
130;0.135104;-0.086167;-0.094454
131;0.113596;-0.157688;-0.025961
132;0.023459;-0.101090;0.043890
133;-0.067383;0.189097;-0.061033
134;0.126604;0.163331;-0.084083
135;0.249699;-0.056025;-0.035159
136;0.213012;-0.102124;-0.031160
137;0.153621;-0.050376;0.022058
138;0.087857;0.194307;0.040814
139;-0.119380;0.200424;-0.025073
140;-0.062263;0.199909;0.039852
141;-0.002228;0.013811;0.103325
142;-0.078722;-0.122147;0.125279
143;-0.219768;-0.183319;0.132228
144;-0.244491;-0.031676;0.040395
145;-0.083550;0.147585;-0.009853
146;0.078394;0.185147;-0.000098
147;-0.037633;0.015343;0.028588
148;-0.111244;-0.135852;-0.025495
149;-0.082576;-0.201889;0.010481
150;-0.023763;-0.210432;-0.025149
151;0.005334;-0.065316;-0.112550
152;0.058462;0.005280;-0.103389
153;0.008387;-0.017115;-0.086493
154;0.019533;-0.042808;-0.102407
155;0.047751;-0.096854;-0.152820
156;0.030317;-0.143861;-0.143742
157;-0.018048;-0.116526;-0.139580
158;-0.313930;0.389909;-0.143397
159;0.016332;0.424199;0.126843
160;0.021875;-0.101903;-0.100718
161;-0.256008;-0.014021;0.041602
162;-0.171026;0.180194;0.267536
163;0.085160;-0.103794;0.288566
164;0.020145;-0.039052;0.184246
165;-0.071758;0.005096;0.134000
166;-0.001746;-0.039132;0.100135
167;0.093502;-0.120157;0.105702
168;0.138292;-0.112924;0.048427
169;0.149013;-0.005747;-0.136962
170;0.097923;-0.068036;-0.063054
171;0.095386;-0.117498;0.010841
172;-0.062535;0.067569;-0.058305
173;0.005594;0.074926;-0.059904
174;0.169396;0.023497;-0.051618
175;0.246748;-0.054149;-0.057564
176;0.226444;-0.085106;-0.063884
177;0.168544;0.081882;-0.021227
178;0.034858;0.189626;0.003330
179;-0.011680;0.175849;-0.077649
180;0.091677;0.051709;0.040816
181;0.038169;-0.011330;0.138419
182;-0.250924;-0.033911;0.165262
183;-0.374204;0.126313;0.032879
184;-0.204300;0.148148;0.005249
185;0.006035;0.071670;0.035713
186;-0.015855;-0.059105;0.039213
187;-0.086291;-0.162950;-0.005737
188;-0.059830;-0.228283;0.005739
189;-0.053311;-0.263480;0.011940
190;0.000498;-0.187320;-0.130271
191;0.098435;-0.096075;-0.139494
192;0.044294;0.070635;-0.155930
193;0.027181;0.121123;-0.146865
194;-0.129227;-0.082175;-0.188966
195;-0.247398;0.544180;0.078697
196;-0.147164;-0.107713;0.002772
197;-0.020611;-0.098260;0.134422
198;-0.204796;0.147142;0.113596
199;-0.005352;-0.036504;0.294576
200;0.074183;-0.028335;0.211380
201;-0.002366;0.076524;0.062372
202;0.007265;-0.099726;0.046802
203;0.089785;-0.094391;0.073502
204;0.152302;-0.229494;0.036899
205;0.032460;-0.204777;-0.037656
206;-0.060439;0.133759;-0.023296
207;0.078957;0.178952;-0.055177
208;0.217170;0.059760;-0.104455
209;0.240925;-0.038877;-0.068227
210;0.048289;-0.088831;-0.029329
211;0.072473;-0.065306;-0.039868
212;0.093714;0.192523;-0.050751
213;0.070212;0.190717;0.041786
214;0.075314;0.236261;0.031429
215;-0.037302;0.023890;0.070104
216;-0.201277;-0.117521;0.048431
217;-0.281878;0.011809;-0.027624
218;-0.132723;0.137587;0.054455
219;0.068618;0.109991;0.066211
220;0.030187;-0.033526;-0.030081
221;-0.072196;-0.157246;-0.078880
222;-0.122994;-0.203817;-0.011434
223;0.021630;-0.312668;-0.001040
224;0.082808;-0.252037;-0.089032
225;0.040347;-0.157128;-0.180395
226;0.019110;0.033064;-0.162578
227;-0.062465;0.157396;-0.159675
228;0.009510;-0.024408;-0.176529
229;-0.269055;0.230485;-0.421236
230;-0.002111;0.886517;0.344690
231;-0.092478;-0.293625;0.008146
232;-0.099099;-0.213724;0.146612
233;-0.046514;0.071847;0.390028
234;0.045131;-0.007410;0.287750
235;-0.016672;0.066776;0.055970
236;-0.044730;-0.105163;0.146823
237;-0.002578;-0.181909;0.137497
238;0.113592;-0.132741;-0.011118
239;0.132172;-0.033927;-0.048088
240;0.159871;-0.026025;0.008020
241;0.116175;0.033681;-0.076322
242;0.145148;0.050321;-0.102105
243;0.216086;0.042591;-0.065452
244;0.162299;0.063513;-0.095399
245;0.196928;0.202465;-0.054016
246;0.101909;0.337829;-0.062322
247;-0.124618;0.001630;0.097053
248;-0.239278;-0.209927;0.132043
249;-0.264589;0.043657;-0.045890
250;-0.166639;0.315939;-0.036422
251;0.029148;0.093383;0.114116
252;0.050505;-0.099411;0.075680
253;-0.063359;-0.102101;-0.076481
254;-0.139055;-0.160093;-0.026697
255;-0.087352;-0.382343;0.062865
256;0.069786;-0.346495;-0.015706
257;-0.024074;-0.217137;-0.111455
258;-0.072572;0.170645;-0.136955
259;0.028466;0.329539;-0.236120
260;0.105501;-0.123052;-0.216697
261;-0.226155;0.353634;-0.269576
262;0.069487;0.811691;0.485630
263;-0.107721;-0.514887;0.032370
264;-0.172515;-0.244617;0.301138
265;-0.039646;0.230987;0.313868
266;-0.129613;-0.077600;0.110430
267;0.066162;-0.064553;0.045992
268;0.046133;-0.256676;0.140278
269;0.161441;-0.098230;0.019433
270;0.078515;0.026793;-0.056068
271;0.180324;-0.025357;-0.007582
272;0.188152;-0.023287;-0.073769
273;0.121909;-0.005250;-0.082959
274;0.138819;0.041626;-0.074795
275;0.155193;0.057395;-0.100472
276;0.154932;0.113899;-0.034513
277;0.053381;0.359116;0.120496
278;-0.113070;-0.024427;0.160426
279;-0.329680;-0.109732;0.064837
280;-0.140497;0.224501;0.056730
281;0.042327;0.414178;-0.072386
282;-0.106314;0.070959;0.153277
283;-0.059976;-0.214676;0.009295
284;-0.017314;-0.282947;-0.056401
285;-0.014455;-0.326577;0.001822
286;-0.006395;-0.339496;0.060116
287;0.073710;-0.203715;-0.043038
288;-0.048820;0.034145;-0.035731
289;-0.189134;0.163014;-0.229525
290;-0.008425;-0.055655;-0.156229
291;0.161332;-0.189779;-0.159529
292;-0.040714;0.269541;-0.599156
293;0.303294;1.202120;0.596763
294;-0.265446;-0.470287;0.027742
295;-0.437859;-0.460313;0.198693
296;-0.196016;0.090164;0.205631
297;0.026879;0.237547;0.185520
298;0.068585;-0.037070;-0.020063
299;0.033633;-0.298145;0.189456
300;0.068532;-0.124916;0.070801
301;0.044362;-0.001510;-0.109796
302;0.121680;0.002596;-0.103393
303;0.084457;-0.095182;-0.134286
304;0.124251;-0.074133;-0.000881
305;0.146843;0.097728;-0.148177
306;0.290572;0.189535;-0.193493
307;0.358002;0.215545;-0.041787
308;0.092092;0.278893;0.093504
309;-0.334401;-0.126050;0.150503
310;-0.531794;0.150201;0.073959
311;-0.126079;0.274875;0.036249
312;0.062484;0.249558;0.053562
313;-0.040188;0.057147;-0.006300
314;-0.023213;-0.275922;0.008758
315;0.051457;-0.432483;0.000670
316;-0.046498;-0.351902;-0.031074
317;0.054702;-0.344668;-0.050406
318;-0.015228;-0.241544;-0.024165
319;-0.232477;0.216463;-0.123948
320;0.028389;0.225196;-0.316877
321;0.263862;-0.100153;-0.241521
322;-0.134572;0.617738;-0.343701
323;0.072638;0.685790;0.454649
324;-0.202714;-0.443642;0.204505
325;-0.382154;-0.473794;0.322612
326;-0.105282;0.297592;0.255167
327;-0.053021;-0.002799;0.134560
328;0.109190;-0.092369;0.091852
329;0.106559;-0.204851;0.155065
330;0.114832;-0.062596;0.044043
331;0.002527;-0.097139;-0.085941
332;0.133761;-0.049783;-0.069684
333;0.194837;0.005276;-0.146760
334;0.168688;-0.090282;-0.080310
335;0.258595;0.227916;-0.158543
336;0.341623;0.164279;-0.211661
337;0.343683;0.289675;0.003363
338;0.047135;-0.133407;0.238647
339;-0.438267;-0.101398;0.003759
340;-0.596695;0.498555;0.138131
341;0.143405;0.355915;0.076725
342;-0.032013;0.138639;0.112844
343;-0.156451;-0.276866;0.014681
344;-0.018117;-0.381550;-0.045388
345;0.039085;-0.396555;0.037973
346;-0.081101;-0.403209;-0.006232
347;0.019016;-0.303270;-0.063110
348;-0.145925;0.125743;-0.110866
349;-0.021028;0.562673;-0.185310
350;0.100085;-0.111064;-0.202622
351;-0.117704;0.044570;-0.487801
352;0.246511;0.710759;0.263370
353;-0.309518;0.012206;0.183250
354;-0.218735;-0.271793;0.317259
355;-0.236572;-0.183731;0.301879
356;-0.020710;0.194349;0.134938
357;0.069312;0.015996;0.094148
358;-0.025280;-0.315583;0.169337
359;0.119099;-0.132568;0.052964
360;0.069722;-0.016170;-0.099454
361;0.184904;-0.029007;-0.015400
362;0.243145;-0.027831;-0.092070
363;0.186400;-0.016507;-0.136281
364;0.245361;0.073465;-0.129919
365;0.301565;0.120852;-0.156321
366;0.213265;0.389029;0.004628
367;-0.015021;0.228800;0.062530
368;-0.346021;-0.159761;0.089175
369;-0.282083;0.093074;0.071786
370;0.009986;0.294475;-0.096648
371;0.049935;0.206481;0.045729
372;0.008887;-0.077886;0.061573
373;-0.060248;-0.279775;-0.040957
374;-0.090110;-0.359474;0.005747
375;-0.117941;-0.412593;0.033638
376;0.036648;-0.350754;-0.070539
377;-0.045535;-0.180616;-0.135334
378;-0.050354;0.395528;-0.077784
379;0.055321;0.162603;-0.222447
380;-0.097668;-0.076105;-0.483247
381;-0.002649;1.236274;0.278880
382;-0.205688;-0.241296;0.148804
383;-0.184769;-0.421975;0.304138
384;-0.255576;0.023155;0.319655
385;-0.009223;0.141534;0.166115
386;-0.004131;-0.070712;0.127395
387;0.036585;-0.248607;0.160431
388;0.107109;-0.146905;0.048149
389;0.075794;-0.122807;-0.126157
390;0.182362;0.015427;-0.020746
391;0.269047;0.002866;-0.080279
392;0.206594;0.075213;-0.200096
393;0.338735;0.130064;-0.154120
394;0.337581;0.103040;-0.142531
395;0.079132;0.321000;0.018032
396;-0.078589;0.080047;0.114553
397;-0.348255;-0.193548;0.020049
398;-0.312215;0.166866;0.156382
399;0.018635;0.321338;-0.086231
400;0.021980;0.122528;0.087225
401;-0.030825;-0.129627;0.016308
402;-0.027965;-0.211426;-0.061097
403;-0.030308;-0.376182;0.031234
404;-0.064126;-0.487459;0.055786
405;0.042169;-0.359095;-0.153670
406;-0.059255;0.023566;-0.033535
407;-0.108452;0.499532;-0.192962
408;0.134853;0.018545;-0.305879
409;-0.227275;0.528628;-0.209622
410;-0.039895;0.527355;0.514692
411;-0.098640;-0.504512;0.117389
412;-0.312305;-0.283809;0.286047
413;-0.032783;0.265960;0.316212
414;-0.038285;0.084293;0.094492
415;0.007236;-0.208249;0.131431
416;0.165930;-0.166173;0.104797
417;0.162624;-0.012796;-0.063493
418;0.126009;-0.090412;-0.100555
419;0.184061;-0.057592;-0.098549
420;0.101551;-0.211382;-0.107524
421;0.161354;0.160275;-0.185586
422;0.322927;0.146721;-0.184263
423;0.445365;0.145270;-0.087077
424;0.146961;0.312919;0.095342
425;-0.148392;0.017381;0.284838
426;-0.421448;0.086297;0.057998
427;-0.352352;0.208749;0.008952
428;-0.026844;0.175007;0.030974
429;0.001689;-0.016408;0.129317
430;-0.048508;-0.160050;-0.017430
431;-0.020734;-0.279142;-0.066148
432;-0.103341;-0.452571;-0.023406
433;-0.006679;-0.425340;-0.103431
434;-0.003053;-0.270961;-0.138079
435;-0.084238;0.364632;-0.112925
436;0.038189;0.188697;-0.260627
437;-0.261105;0.143628;-0.358145
438;0.074387;1.103001;0.517001
439;0.009090;-0.339222;0.045681
440;-0.304618;-0.353411;0.334923
441;-0.132224;0.015872;0.305573
442;-0.026857;0.126965;0.079172
443;-0.040701;-0.098119;0.064234
444;0.040983;-0.150300;0.169727
445;0.116087;-0.047213;0.034047
446;0.067289;-0.115670;-0.081250
447;0.242393;-0.060120;-0.092922
448;0.236538;-0.121231;-0.007628
449;0.110791;0.028885;-0.151062
450;0.192353;0.152101;-0.181971
451;0.368366;0.138250;-0.229663
452;0.301157;0.252948;0.064792
453;-0.009367;0.137708;0.188789
454;-0.376444;-0.130701;0.018418
455;-0.322594;0.295452;0.104064
456;0.136944;0.257422;-0.056123
457;-0.023889;0.064059;0.153686
458;-0.147773;-0.113440;0.084643
459;-0.118951;-0.288737;-0.070326
460;-0.007854;-0.423632;0.086331
461;0.007430;-0.399291;-0.014327
462;-0.003304;-0.326742;-0.125439
463;-0.102605;0.049803;-0.115669
464;-0.007267;0.507720;-0.102386
465;0.142062;-0.089747;-0.260918
466;-0.173184;0.367353;-0.065959
467;-0.121390;0.779005;0.479003
468;-0.228407;-0.195270;0.037658
469;-0.237910;-0.386932;0.331813
470;-0.072633;0.022839;0.281162
471;0.067725;0.070140;0.078537
472;0.023020;-0.139760;0.115829
473;0.101316;-0.281074;0.092404
474;0.105035;-0.145710;-0.044386
475;0.090573;-0.042093;-0.125561
476;0.267546;0.015469;-0.033282
477;0.293609;0.104853;-0.165807
478;0.269820;-0.014348;-0.088776
479;0.294019;0.163618;-0.137945
480;0.198433;0.338366;-0.015680
481;-0.010397;0.297491;-0.033527
482;-0.262307;-0.198890;0.185542
483;-0.295934;-0.006868;-0.016425
484;-0.170507;0.310707;-0.059042
485;0.100897;0.235588;0.096499
486;-0.046676;-0.037300;0.155547
487;-0.169508;-0.336990;-0.006396
488;-0.054195;-0.400868;-0.071061
489;-0.047289;-0.384263;0.035813
490;-0.035593;-0.368337;-0.081615
491;-0.160607;-0.137092;-0.074908
492;0.083933;0.518540;-0.066819
493;0.196068;0.073073;-0.349355
494;-0.097425;0.108687;-0.381233
495;-0.020456;0.958026;0.362327
496;-0.223123;-0.236443;0.108585
497;-0.131793;-0.481313;0.337816
498;-0.167442;0.373941;0.251589
499;-0.005385;0.100079;0.054451
500;-0.008485;-0.123459;0.146197
501;0.038117;-0.242793;0.209600
502;0.034486;-0.055896;-0.007566
503;0.092719;-0.123762;-0.111150
504;0.120176;-0.170293;-0.139091
505;0.171272;-0.143528;-0.046984
506;0.233006;0.046026;-0.072588
507;0.208845;0.073316;-0.189805
508;0.295343;0.155885;-0.136181
509;0.234845;0.420720;0.034228
510;0.028466;0.297660;0.039153
511;-0.184654;-0.048445;0.170030
512;-0.322268;-0.015173;-0.053076
513;-0.128277;0.207787;-0.008012
514;-0.050734;0.161046;0.114644
515;-0.032061;-0.024895;0.057366
516;-0.101600;-0.209591;-0.047870
517;-0.053569;-0.339611;-0.049085
518;-0.034970;-0.434139;-0.022224
519;0.109633;-0.421791;-0.125363
520;-0.010395;-0.155240;-0.089050
521;-0.118032;0.479406;-0.133554
522;0.090901;0.133021;-0.272073
523;0.020982;-0.392985;-0.300406
524;-0.267104;1.124892;0.145065
525;-0.169687;-0.008063;0.199496
526;-0.190416;-0.262478;0.203099
527;-0.215850;-0.045395;0.329571
528;0.045903;0.148047;0.187988
529;-0.044162;-0.076591;0.063137
530;-0.004534;-0.217148;0.139542
531;0.043975;-0.162437;0.101421
532;0.171089;-0.084067;-0.039822
533;0.181044;-0.098282;-0.048047
534;0.249664;-0.031113;-0.089482
535;0.180496;0.010538;-0.122726
536;0.184960;0.054886;-0.164324
537;0.343863;0.075598;-0.189921
538;0.291454;0.237900;0.029927
539;-0.027229;0.333394;0.056239
540;-0.263674;-0.075291;0.166863
541;-0.266628;0.027673;-0.027533
542;-0.055782;0.178860;-0.078796
543;-0.018646;0.224875;0.088007
544;-0.061664;-0.036542;0.152413
545;-0.117088;-0.140531;-0.019130
546;-0.049149;-0.315239;-0.024549
547;-0.064534;-0.421707;0.043069
548;0.062614;-0.401725;-0.057283
549;0.034296;-0.250028;-0.137351
550;-0.053794;0.411068;-0.094462
551;0.089467;0.250751;-0.252422
552;0.102151;-0.308350;-0.325668
553;-0.190731;0.840966;-0.031650
554;-0.382643;0.319152;0.490607
555;-0.029466;-0.514747;0.312537
556;-0.315222;-0.253034;0.195636
557;0.091261;0.323674;0.216989
558;-0.043626;-0.046082;0.099938
559;0.001499;-0.198041;0.185614
560;0.057171;-0.192116;0.045457
561;0.101217;-0.035954;-0.118125
562;0.199803;-0.070798;-0.086012
563;0.242661;-0.157005;-0.031406
564;0.164324;0.016503;-0.114532
565;0.189625;0.110391;-0.165559
566;0.311735;0.132523;-0.209042
567;0.273130;0.322965;-0.003705
568;-0.000799;0.089319;0.094363
569;-0.336145;-0.167035;0.086086
570;-0.358262;0.278917;0.091648
571;0.027768;0.332333;-0.095434
572;0.001379;0.163918;0.150364
573;-0.101254;-0.074154;0.094762
574;-0.121363;-0.268063;-0.093801
575;-0.014548;-0.363533;-0.011899
576;-0.048010;-0.451679;-0.021276
577;0.031564;-0.424259;-0.147794
578;0.032653;-0.135609;-0.106780
579;-0.025725;0.700023;-0.021296
580;0.017697;0.079000;-0.247308
581;-0.298126;0.109145;-0.381841
582;-0.083677;1.115574;0.620373
583;-0.111559;-0.401351;-0.063541
584;-0.153265;-0.385242;0.305106
585;-0.084541;0.138290;0.362050
586;0.108165;0.141483;0.067750
587;-0.029466;-0.134987;0.052226
588;0.081451;-0.251140;0.123028
589;0.169413;-0.125780;-0.049447
590;0.121197;-0.092721;-0.144317
591;0.249469;-0.084585;-0.096438
592;0.258210;-0.138491;-0.110011
593;0.185303;0.073265;-0.123491
594;0.209915;0.141879;-0.137560
595;0.216050;0.145242;-0.160665
596;0.115701;0.477580;0.028424
597;-0.098786;0.067087;0.195846
598;-0.382273;0.066845;-0.050269
599;-0.115248;0.162834;0.050142
600;0.076393;0.144834;-0.010698
601;-0.075097;-0.063651;0.172628
602;-0.098435;-0.138706;0.029835
603;-0.075034;-0.274595;-0.010058
604;-0.067887;-0.386417;0.073456
605;-0.010563;-0.386346;-0.042428
606;0.047832;-0.312299;-0.192719
607;-0.047311;0.071094;0.014393
608;-0.106646;0.447674;-0.184461
609;0.107548;-0.086613;-0.430681
610;-0.016758;0.727506;0.325408
611;-0.397392;0.244589;0.423324
612;-0.064479;-0.289052;0.097062
613;-0.220130;-0.195803;0.337770
614;-0.012302;0.094720;0.178868
615;0.020203;0.030175;0.088540
616;-0.027097;-0.202652;0.144551
617;0.137926;-0.189442;0.027825
618;0.166329;-0.085845;-0.030906
619;0.139105;-0.102405;-0.116862
620;0.236799;-0.074742;-0.136903
621;0.277048;0.004197;-0.146340
622;0.279220;0.122483;-0.155080
623;0.216967;0.129864;-0.222020
624;0.194403;0.318018;0.001905
625;-0.000503;0.256952;0.044901
626;-0.203318;-0.109102;0.160984
627;-0.363684;0.165973;0.047986
628;-0.165921;0.226592;-0.086003
629;0.048099;0.113480;0.131321
630;-0.022624;-0.100966;0.127299
631;-0.101970;-0.216717;-0.076945
632;-0.003208;-0.333964;-0.021361
633;-0.014827;-0.491262;0.032024
634;0.021942;-0.389464;-0.132977
635;-0.070502;-0.144904;-0.125949
636;-0.090787;0.456631;-0.079697
637;0.129954;0.226507;-0.317343
638;-0.141004;0.104562;-0.562704
639;-0.036608;1.303558;0.528435
640;-0.293273;-0.529493;-0.023472
641;-0.139790;-0.593741;0.326193
642;-0.253766;0.220755;0.324945
643;0.021340;0.173128;0.091417
644;-0.009533;-0.110741;0.087344
645;0.123888;-0.280293;0.170454
646;0.115301;-0.047819;-0.030793
647;0.095485;-0.089290;-0.153287
648;0.215364;-0.097281;-0.130890
649;0.273028;-0.145814;-0.079232
650;0.290546;0.070344;-0.104977
651;0.150712;0.098128;-0.145747
652;0.154824;0.172728;-0.122205
653;0.146216;0.434271;0.026665
654;-0.015932;0.083942;0.218615
655;-0.370666;-0.046382;0.038296
656;-0.261861;0.187564;0.020396
657;0.067651;0.115018;0.032228
658;-0.001850;0.024285;0.095530
659;-0.113436;-0.036844;-0.023375
660;-0.045807;-0.261949;-0.023678
661;-0.003020;-0.402872;0.064694
662;0.009010;-0.406791;-0.093345
663;0.091695;-0.413741;-0.086419
664;-0.092092;-0.129646;-0.157898
665;-0.179563;0.696234;-0.023083
666;0.102993;0.122156;-0.300419
667;-0.282277;0.446895;-0.223810
668;-0.062948;0.552471;0.503254
669;0.027553;-0.445908;0.019066
670;-0.167479;-0.319996;0.291313
671;-0.118400;0.162889;0.327157
672;0.060019;0.176594;0.116682
673;-0.073730;-0.096041;0.073614
674;0.040711;-0.288581;0.110098
675;0.122988;-0.014062;-0.000411
676;0.097325;-0.042278;-0.053426
677;0.160879;-0.133343;-0.077975
678;0.206695;-0.082100;-0.131380
679;0.128739;-0.059692;-0.053561
680;0.194644;0.099702;-0.168257
681;0.364063;0.129332;-0.115122
682;0.282764;0.383741;0.086051
683;-0.018255;0.072670;0.187516
684;-0.394092;-0.018890;-0.024133
685;-0.293265;0.269118;-0.010706
686;0.012089;0.222915;0.057825
687;-0.057949;0.021343;0.130601
688;-0.076707;-0.085100;0.024934
689;-0.070943;-0.267697;-0.042143
690;-0.042821;-0.444699;0.033929
691;-0.055815;-0.436461;-0.100414
692;0.019287;-0.362985;-0.141590
693;-0.003599;0.117778;-0.017467
694;0.016854;0.527141;-0.180955
695;0.070972;-0.082347;-0.289103
696;-0.321571;0.593339;0.029597
697;-0.170403;0.269647;0.241474
698;-0.170715;-0.230449;0.052349
699;-0.198870;-0.335069;0.303817
700;0.036311;0.144427;0.278595
701;0.029947;0.008598;0.092094
702;0.075980;-0.021943;0.117715
703;0.057180;-0.190761;0.028408
704;0.147034;-0.150848;0.006971
705;0.134812;-0.106528;-0.093135
706;0.114359;-0.106614;-0.072139
707;0.251707;-0.073142;-0.109232
708;0.258452;-0.002054;-0.122533
709;0.324223;0.146167;-0.137997
710;0.341226;0.260021;-0.027957
711;0.071394;0.470520;0.054953
712;-0.176571;0.062239;0.171259
713;-0.417222;-0.123536;-0.030587
714;-0.176691;0.104269;-0.002668
715;0.028705;0.356979;-0.009701
716;-0.143884;-0.018534;0.173226
717;-0.107195;-0.212126;-0.038400
718;-0.001244;-0.236178;-0.103553
719;-0.022604;-0.408295;0.003859
720;-0.004769;-0.497113;-0.068878
721;0.102844;-0.336856;-0.186640
722;-0.031161;0.193341;-0.001607
723;-0.172452;0.605105;-0.218510
724;-0.031807;-0.185398;-0.482627
725;-0.223698;1.234921;0.183701
726;-0.294346;-0.298908;0.242441
727;-0.103110;-0.584727;0.242567
728;-0.268785;-0.147979;0.295667
729;0.121221;0.361834;0.160131
730;-0.029697;-0.079598;0.056784
731;0.092553;-0.157732;0.148576
732;0.108154;-0.229719;0.050763
733;0.104351;-0.314384;0.036556
734;0.086125;0.040811;-0.078110
735;0.245963;0.086815;-0.083354
736;0.303882;0.037316;-0.149076
737;0.356630;0.083444;-0.171938
738;0.395446;0.103777;-0.143376
739;0.186845;0.470107;0.000749
740;-0.171048;0.344793;0.038451
741;-0.324674;-0.195200;0.147423
742;-0.306413;-0.061052;0.033589
743;-0.167806;0.192947;-0.084231
744;0.018063;0.190370;0.078336
745;-0.006260;-0.074805;0.118533
746;-0.050837;-0.156213;-0.050763
747;0.004198;-0.274196;-0.015098
748;-0.078898;-0.517505;0.066855
749;0.020949;-0.375821;-0.165477
750;-0.054786;-0.069339;-0.091796
751;-0.131601;0.460885;-0.066598
752;0.004133;0.112009;-0.350292
753;-0.235344;0.186649;-0.359659
754;0.071610;1.016286;0.689200
755;0.018144;-0.509590;0.005245
756;-0.185841;-0.401425;0.248843
757;-0.181882;0.384348;0.354876
758;-0.003030;0.059038;0.095884
759;0.030385;-0.187292;0.073419
760;0.083833;-0.286872;0.158958
761;0.110000;-0.137306;-0.008752
762;0.025990;-0.018884;-0.100666
763;0.200722;0.091316;-0.059906
764;0.347900;-0.053712;-0.171255
765;0.332660;-0.019978;-0.175152
766;0.256696;0.072677;-0.118420
767;0.222488;0.168741;-0.012982
768;0.036743;0.487763;0.080681
769;-0.103242;0.092996;0.195282
770;-0.388259;-0.061972;0.000918
771;-0.177577;0.058120;-0.017298
772;0.067777;0.164367;-0.029479
773;-0.036838;0.002012;0.092221
774;-0.064966;-0.144353;0.036588
775;-0.067099;-0.216083;-0.058176
776;-0.099512;-0.317851;0.035413
777;-0.020373;-0.399354;-0.068778
778;0.046510;-0.359748;-0.154040
779;-0.052929;0.054430;-0.068642
780;0.002204;0.418607;-0.160002
781;0.042952;-0.085041;-0.408985
782;-0.126397;0.976349;0.149196
783;-0.292095;0.026290;0.369656
784;-0.125653;-0.434583;0.236782
785;-0.349272;-0.269543;0.193554
786;0.093442;0.310868;0.291992
787;0.129247;-0.040005;0.093929
788;0.088924;-0.254502;0.113108
789;0.118423;-0.309336;0.036246
790;0.072665;0.040510;-0.125808
791;0.133646;0.072366;-0.098836
792;0.337912;-0.083436;-0.108480
793;0.211514;-0.037817;-0.189242
794;0.208444;0.089509;-0.123939
795;0.310969;0.167309;-0.126665
796;0.180263;0.248608;-0.034962
797;-0.014236;0.229721;0.055745
798;-0.258960;-0.091252;0.128320
799;-0.372793;0.082813;0.161683
800;-0.107536;0.276747;-0.061019
801;-0.042045;0.259771;0.015377
802;-0.059289;-0.007186;0.097344
803;-0.056097;-0.205948;-0.095902
804;0.017071;-0.289551;-0.039046
805;-0.095383;-0.494908;0.070294
806;-0.001782;-0.433384;-0.089608
807;-0.056148;-0.057993;-0.149782
808;-0.009444;0.358989;-0.092881
809;-0.004390;0.075835;-0.269666
810;-0.053077;-0.059302;-0.480956
811;-0.015221;1.125378;0.373312
812;-0.354042;-0.159855;0.133059
813;-0.157983;-0.510081;0.311835
814;-0.240546;0.124652;0.386045
815;-0.002823;0.160831;0.053080
816;-0.031920;-0.088615;0.090796
817;0.107298;-0.177708;0.184600
818;0.189392;-0.104780;0.021376
819;0.264994;-0.111068;-0.163286
820;0.346888;-0.159526;-0.174234
821;0.268532;-0.179630;-0.056042
822;0.243422;-0.021028;-0.062783
823;0.214471;0.059685;-0.160106
824;0.199180;0.179888;-0.058588
825;0.064330;0.524596;0.078925
826;-0.004894;0.275604;0.065455
827;-0.168426;-0.152176;0.054545
828;-0.148310;0.126001;0.033660
829;-0.069973;0.203059;0.027428
830;-0.036274;0.056247;0.172562
831;-0.061258;-0.126718;0.059830
832;-0.126808;-0.182927;-0.085749
833;-0.117366;-0.305947;-0.005275
834;-0.057174;-0.499452;0.026916
835;0.075795;-0.276069;-0.045312
836;-0.092092;0.100468;-0.083502
837;-0.125990;0.197593;-0.232698
838;0.091008;0.020567;-0.169603
839;-0.047899;0.076213;-0.573941
840;0.214064;1.146684;0.411196
841;-0.440694;-0.356705;0.226860
842;-0.303205;-0.547805;0.195520
843;-0.242603;0.148250;0.288006
844;0.098865;0.185697;0.072192
845;-0.014058;-0.097943;0.073503
846;0.094445;-0.337363;0.151249
847;0.088922;-0.075756;-0.041518
848;0.120758;-0.008057;-0.141974
849;0.314680;-0.076841;-0.091866
850;0.252152;-0.009575;-0.156930
851;0.251155;0.054186;-0.226610
852;0.203661;0.133539;-0.251698
853;0.138859;0.089230;-0.011595
854;0.198517;0.326863;0.016641
855;-0.098170;-0.038737;0.075162
856;-0.470823;0.299837;0.105286
857;0.116655;0.035305;0.058689
858;0.076853;0.238008;-0.001144
859;-0.089535;-0.091617;0.111581
860;-0.131883;-0.379415;0.019337
861;-0.013960;-0.334095;0.012412
862;-0.103786;-0.304510;0.023214
863;-0.033724;-0.294712;0.015031
864;-0.092846;-0.064653;-0.003984
865;-0.184984;0.316856;-0.255265
866;0.169503;0.059516;-0.135313
867;-0.090470;0.129019;-0.509664
868;0.156308;1.060522;0.278357
869;-0.205478;-0.339971;0.105635
870;-0.247936;-0.500823;0.242004
871;-0.259322;0.076874;0.319816
872;0.038141;0.174486;0.146084
873;0.045733;-0.088011;0.031700
874;0.121493;-0.267178;0.140339
875;0.125607;-0.138105;0.016825
876;0.066913;0.002764;-0.118861
877;0.247357;0.001259;-0.093315
878;0.247356;-0.030313;-0.173350
879;0.202414;0.027980;-0.148596
880;0.209772;0.114980;-0.147053
881;0.212196;0.088407;-0.118565
882;0.150742;0.364587;0.015744
883;-0.003181;0.089975;0.179675
884;-0.334591;-0.138567;-0.015948
885;-0.223067;0.192580;0.069890
886;-0.000821;0.269148;-0.029907
887;-0.040896;0.058302;0.136921
888;-0.058578;-0.054239;-0.005102
889;-0.088100;-0.217418;-0.017579
890;-0.090755;-0.451064;0.068551
891;-0.039882;-0.451942;-0.051686
892;0.034193;-0.355423;-0.150313
893;-0.002624;0.029586;-0.144574
894;-0.032920;0.566890;-0.148170
895;0.096536;-0.060524;-0.315548
896;-0.252238;0.678155;0.036772
897;-0.135914;0.428592;0.436821
898;-0.119322;-0.421548;0.113596
899;-0.269777;-0.405387;0.301511
900;-0.019951;0.217005;0.280411
901;0.069268;0.062831;0.100219
902;0.005156;-0.130404;0.104769
903;0.086989;-0.216829;0.078642
904;0.185829;-0.082293;-0.018080
905;0.134207;-0.082400;-0.090271
906;0.221974;-0.095933;-0.070393
907;0.238855;-0.045728;-0.134665
908;0.186469;0.040916;-0.190793
909;0.258922;0.118645;-0.154448
910;0.273376;0.139178;-0.073284
911;0.064887;0.414914;0.007876
912;-0.094136;0.042644;0.221531
913;-0.319144;-0.106057;-0.054815
914;-0.199133;0.223679;-0.008160
915;0.026232;0.273361;-0.013769
916;0.000545;0.025984;0.155322
917;-0.012240;-0.120968;-0.031165
918;-0.010753;-0.235893;-0.035303
919;-0.032671;-0.474613;0.066172
920;-0.068123;-0.491399;-0.031825
921;-0.035177;-0.304902;-0.108765
922;-0.122601;0.309981;0.015180
923;-0.058506;0.362409;-0.282570
924;0.197068;-0.172010;-0.253822
925;-0.117150;0.154650;-0.549972
926;0.257301;0.971348;0.543502
927;-0.367210;-0.418245;0.124903
928;-0.291027;-0.458516;0.148671
929;-0.287916;0.172652;0.275304
930;0.065438;0.314869;0.127358
931;0.030586;-0.157176;0.094114
932;0.116791;-0.282703;0.139601
933;0.147657;0.026327;-0.021784
934;0.050831;-0.098083;-0.124851
935;0.176479;-0.109350;-0.047552
936;0.106574;-0.206068;-0.067981
937;0.132837;0.152292;-0.168756
938;0.221102;0.096961;-0.224943
939;0.362015;0.048999;-0.080025
940;0.487968;0.201131;-0.020034
941;-0.208094;-0.010780;0.027123
942;-0.607896;0.391041;0.111308
943;0.138149;0.287654;0.034371
944;0.034224;0.278527;-0.014451
945;-0.094774;-0.019365;0.085580
946;-0.077796;-0.365798;0.099940
947;0.064672;-0.388536;0.013449
948;-0.075634;-0.387789;0.084073
949;-0.138067;-0.375795;-0.007734
950;-0.080538;-0.161835;-0.010030
951;-0.175728;0.345840;-0.094921
952;0.004853;0.282817;-0.225031
953;0.202631;-0.153248;-0.149336
954;0.176880;-0.135572;-0.391661
955;0.086759;1.076927;0.145058
956;-0.393210;-0.066195;0.334034
957;-0.149587;-0.516837;0.197694
958;-0.334463;-0.200473;0.161328
959;0.180725;0.446732;0.302028
960;-0.005238;-0.031450;0.047506
961;-0.009562;-0.193365;0.170406
962;0.057528;-0.090422;0.071109
963;0.052284;-0.011325;-0.053678
964;0.071271;-0.124715;-0.033206
965;0.133753;-0.186492;-0.116111
966;0.127171;-0.067202;-0.122201
967;0.209570;0.160603;-0.198688
968;0.279519;0.198883;-0.270318
969;0.346948;0.224415;0.000421
970;0.195949;0.150343;0.078352
971;-0.350456;-0.022644;0.073001
972;-0.403376;0.221882;0.130536
973;0.052581;0.149415;-0.046354
974;0.051796;0.200811;0.011204
975;-0.000739;-0.062804;0.066183
976;-0.054283;-0.382618;0.010790
977;0.025237;-0.361273;0.023375
978;-0.104863;-0.331522;0.030946
979;-0.031735;-0.286464;-0.011869
980;-0.169059;-0.038381;0.013943
981;-0.230144;0.351992;-0.207072
982;0.190751;0.064409;-0.234437
983;0.337651;-0.232114;-0.194723
984;-0.023969;0.741174;-0.233306
985;-0.161115;0.609028;0.602582
986;-0.332871;-0.466089;0.049706
987;-0.366646;-0.465157;0.199776
988;0.172124;0.442540;0.385714
989;-0.013285;-0.085958;0.055301
990;0.052873;-0.213440;0.137894
991;0.122256;-0.294674;0.055914
992;0.177364;-0.028061;-0.081556
993;0.146616;0.060924;-0.073983
994;0.234857;-0.031099;-0.142395
995;0.189604;-0.060808;-0.189689
996;0.212295;0.024020;-0.203431
997;0.194061;0.132385;-0.157182
998;0.177324;0.366915;-0.006966
999;0.052656;0.247232;0.085265
1000;-0.237003;-0.098356;0.062007
1001;-0.261163;0.228351;0.111647
1002;-0.025288;0.273284;-0.142412
1003;-0.140268;0.047825;0.170422
1004;-0.106079;-0.135022;0.041260
1005;-0.013820;-0.269722;-0.086442
1006;0.014260;-0.394719;-0.033674
1007;0.029247;-0.391091;-0.034912
1008;0.146771;-0.359587;-0.149887
1009;-0.018187;-0.088427;-0.058115
1010;-0.251835;0.574882;-0.084525
1011;0.142716;0.041081;-0.347236
1012;-0.287642;0.297270;-0.060386
1013;-0.222862;0.796118;0.419963
1014;-0.007620;-0.256894;0.157088
1015;-0.277307;-0.473881;0.295617
1016;-0.125642;0.086333;0.267628
1017;0.055373;0.028298;0.099095
1018;0.090489;-0.074857;0.061229
1019;0.163130;-0.152315;0.061572
1020;0.209715;-0.078410;0.033745
1021;0.103551;-0.103763;-0.100218
1022;0.134423;-0.074333;-0.056401
1023;0.160686;-0.044563;-0.117704
1024;0.155292;0.023172;-0.156652
1025;0.267081;0.077297;-0.162421
1026;0.336831;0.114309;-0.105533
1027;0.163402;0.452797;0.021733
1028;-0.073986;0.159277;0.164202
1029;-0.410920;-0.065602;0.018195
1030;-0.276890;0.183286;0.019505
1031;0.044383;0.234028;-0.027784
1032;-0.076253;0.066718;0.142046
1033;-0.027440;-0.096711;0.019676
1034;-0.030004;-0.294951;-0.064216
1035;-0.016849;-0.445902;0.069224
1036;0.029423;-0.406342;-0.022970
1037;0.010301;-0.349732;-0.127175
1038;-0.154248;0.010087;-0.077140
1039;-0.112879;0.382403;-0.235435
1040;0.207689;-0.006598;-0.297807
1041;-0.180278;0.416324;-0.307497
1042;-0.062921;0.878846;0.521006
1043;-0.133770;-0.455628;0.157778
1044;-0.299294;-0.478532;0.232311
1045;-0.135242;0.336986;0.241579
1046;0.021445;0.013029;0.148511
1047;0.111238;-0.088922;0.095262
1048;0.082198;-0.223296;0.111163
1049;0.159711;-0.070934;0.013774
1050;0.073435;-0.111790;-0.183449
1051;0.185988;-0.049406;-0.098068
1052;0.303276;-0.071326;-0.190228
1053;0.242589;-0.072126;-0.141990
1054;0.201288;0.127024;-0.082254
1055;0.204387;0.188512;-0.110060
1056;0.101736;0.473069;0.004335
1057;0.017807;0.251190;0.070180
1058;-0.196093;-0.173573;0.117205
1059;-0.313308;0.079785;-0.000687
1060;-0.108043;0.210444;-0.047417
1061;0.012080;0.134902;0.067868
1062;0.021028;-0.072468;0.052077
1063;0.030169;-0.243004;-0.034008
1064;-0.035207;-0.410559;-0.031483
1065;-0.097137;-0.416018;-0.003967
1066;0.058863;-0.347798;-0.107120
1067;-0.050859;-0.147614;-0.116840
1068;-0.140162;0.490343;-0.096334
1069;0.040659;0.281302;-0.329938
1070;0.090150;-0.285900;-0.257573
1071;-0.170323;0.774476;0.094603
1072;-0.420557;0.275283;0.511490
1073;-0.152259;-0.513973;0.279128
1074;-0.328832;-0.170915;0.263412
1075;0.129247;0.302495;0.190712
1076;-0.123098;-0.163242;0.072357
1077;0.129288;-0.123830;0.154455
1078;0.155090;-0.131389;0.034909
1079;0.154231;-0.099094;-0.090075
1080;0.176552;-0.090537;-0.097591
1081;0.225833;-0.098408;-0.121349
1082;0.194967;-0.054844;-0.101203
1083;0.184143;-0.008145;-0.113992
1084;0.259614;0.202602;-0.174665
1085;0.247467;0.267040;-0.000298
1086;0.057915;0.348850;-0.014563
1087;-0.079813;-0.056417;0.201093
1088;-0.286402;-0.028926;-0.113817
1089;-0.305304;0.248264;0.110888
1090;0.113341;0.208238;-0.084616
1091;-0.040612;0.079078;0.013659
1092;-0.024704;-0.308969;0.056323
1093;0.037353;-0.465596;-0.082032
1094;-0.026086;-0.336239;-0.057340
1095;-0.044418;-0.341699;-0.014868
1096;-0.044401;-0.227065;-0.108512
1097;-0.145709;0.238412;0.015093
1098;-0.180243;0.335183;-0.274463
1099;0.071043;-0.086688;-0.266393
1100;0.146504;-0.188793;-0.373397
1101;0.076869;1.244342;0.300255
1102;-0.389871;-0.325221;0.344845
1103;-0.295888;-0.547201;0.261828
1104;-0.397103;0.160637;0.146649
1105;0.151573;0.162979;0.149237
1106;0.091426;-0.048341;0.077635
1107;0.081045;-0.160985;0.174937
1108;0.063128;-0.116038;0.052275
1109;0.100200;-0.135284;-0.109696
1110;0.178291;-0.176624;-0.138288
1111;0.224869;-0.160447;-0.095540
1112;0.128702;-0.038446;-0.087486
1113;0.171042;0.067938;-0.119462
1114;0.275034;0.169694;-0.165971
1115;0.208017;0.444835;-0.035774
1116;-0.066736;0.446849;0.134468
1117;-0.165987;0.013697;0.165349
1118;-0.248578;-0.198291;-0.056703
1119;-0.041626;0.075262;-0.099666
1120;0.076367;0.152662;-0.059324
1121;-0.050112;0.017930;0.098165
1122;-0.021146;-0.100072;0.033840
1123;-0.087609;-0.248862;-0.091242
1124;-0.161218;-0.381657;-0.008968
1125;-0.012906;-0.407158;-0.011259
1126;0.134092;-0.325502;-0.137005
1127;-0.007917;-0.008847;-0.089113
1128;-0.182487;0.564414;-0.118848
1129;-0.056266;0.074427;-0.266791
1130;-0.068381;-0.062754;-0.442309
1131;-0.220661;0.834415;0.626249
1132;-0.093511;-0.207418;0.051699
1133;-0.234455;-0.205455;0.292692
1134;-0.111725;0.270955;0.218523
1135;-0.087351;-0.058651;0.052848
1136;0.026188;-0.115555;0.138691
1137;0.035267;-0.208871;0.155807
1138;0.132325;-0.086267;0.032726
1139;0.227411;-0.095174;-0.134946
1140;0.311425;-0.120522;-0.161907
1141;0.240711;-0.167531;-0.076169
1142;0.145975;-0.104029;-0.094626
1143;0.157288;-0.050406;-0.140244
1144;0.244444;0.240127;-0.146603
1145;0.175786;0.501702;0.029150
1146;0.063183;0.409110;0.003320
1147;-0.161616;-0.015433;0.143162
1148;-0.215614;-0.077908;-0.084170
1149;-0.111083;0.248755;0.024677
1150;-0.044110;0.132695;0.104761
1151;-0.117249;-0.016745;0.092486
1152;-0.128054;-0.206565;-0.074991
1153;-0.030370;-0.273412;-0.053225
1154;-0.007429;-0.388110;0.010777
1155;0.069824;-0.368536;-0.042265
1156;0.087977;-0.295992;-0.141920
1157;-0.121273;0.208924;-0.110717
1158;-0.061262;0.432887;-0.209482
1159;0.072159;-0.198043;-0.272263
1160;-0.257850;0.322554;-0.426780
1161;0.192171;0.754242;0.546349
1162;-0.276737;-0.259585;0.116802
1163;-0.256723;-0.341675;0.327120
1164;-0.043061;0.293057;0.331156
1165;-0.081944;-0.152093;0.082145
1166;0.109141;-0.061339;0.095813
1167;0.126915;-0.289353;0.103725
1168;0.204746;-0.150541;-0.039172
1169;0.192626;-0.011051;-0.139679
1170;0.266217;0.036765;-0.092803
1171;0.202207;-0.044588;-0.123058
1172;0.105748;-0.129286;-0.117104
1173;0.175764;0.049700;-0.197573
1174;0.222412;0.201194;-0.101112
1175;0.122235;0.519946;0.068097
1176;-0.010512;0.318439;0.092586
1177;-0.267358;-0.182855;0.093504
1178;-0.267771;-0.020085;-0.027990
1179;-0.111835;0.302115;-0.052585
1180;-0.016838;0.116586;0.142580
1181;-0.040280;-0.049374;0.021909
1182;-0.010540;-0.214253;-0.073624
1183;-0.003191;-0.342492;-0.035731
1184;-0.072886;-0.459940;0.033003
1185;0.071523;-0.363883;-0.140291
1186;-0.000705;-0.234697;-0.245406
1187;-0.097116;0.289052;0.007418
1188;0.007656;0.461644;-0.236945
1189;-0.058571;-0.110606;-0.599642
1190;-0.224137;1.112322;0.344710
1191;-0.352001;-0.328231;0.168369
1192;-0.093787;-0.422343;0.226623
1193;-0.296151;0.040079;0.296790
1194;0.186929;0.180810;0.156598
1195;0.025024;-0.145128;-0.003405
1196;0.122487;-0.164482;0.113517
1197;0.096922;-0.185040;-0.002936
1198;0.124480;-0.116572;-0.125906
1199;0.203142;-0.036469;-0.104082
1200;0.271895;-0.105341;-0.089098
1201;0.161080;-0.064637;-0.101914
1202;0.165646;0.102190;-0.215509
1203;0.323622;0.231406;-0.158856
1204;0.151301;0.463347;0.060141
1205;-0.018387;0.283160;0.022793
1206;-0.250959;-0.208992;0.130400
1207;-0.336437;0.100788;0.012041
1208;-0.056412;0.216138;-0.053855
1209;0.043500;0.171073;0.121335
1210;-0.073852;-0.092851;0.073462
1211;-0.094052;-0.240765;-0.053352
1212;0.035596;-0.316206;-0.039437
1213;-0.018797;-0.449630;-0.022114
1214;0.011112;-0.440289;-0.105146
1215;-0.113729;-0.070661;-0.104280
1216;-0.142138;0.650649;-0.103238
1217;0.006436;0.095048;-0.331864
1218;0.000880;-0.360631;-0.373020
1219;-0.033216;1.109161;0.218880
1220;-0.300553;0.052517;0.390326
1221;-0.212992;-0.391479;0.228541
1222;-0.389146;-0.330869;0.293801
1223;0.117523;0.394932;0.212255
1224;0.026826;-0.129047;0.089607
1225;0.098890;-0.134542;0.128214
1226;0.110314;-0.118306;0.027783
1227;0.176891;-0.122826;-0.107626
1228;0.212507;-0.110070;-0.153350
1229;0.250672;-0.144870;-0.125926
1230;0.153876;-0.071606;-0.089248
1231;0.155809;0.099607;-0.149501
1232;0.268056;0.205264;-0.191995
1233;0.193593;0.358962;0.043052
1234;0.030648;0.337960;-0.038985
1235;-0.185396;-0.168383;0.163680
1236;-0.292023;-0.025996;0.034785
1237;-0.076438;0.279352;-0.042349
1238;0.049097;0.264468;0.049241
1239;-0.059627;0.019562;0.104722
1240;-0.094421;-0.152666;-0.063390
1241;0.024202;-0.327908;0.003340
1242;-0.033988;-0.521533;0.058346
1243;-0.038342;-0.504621;-0.107104
1244;-0.092312;-0.169102;-0.087413
1245;-0.119605;0.652308;-0.006711
1246;-0.026584;0.240472;-0.350319
1247;0.115314;-0.469829;-0.154879
1248;-0.428739;0.727824;-0.062630
1249;-0.092420;0.106761;0.123731
1250;-0.117037;-0.194529;0.212209
1251;-0.338639;-0.238275;0.262105
1252;0.115457;0.200138;0.329439
1253;0.028407;-0.013299;-0.009625
1254;0.088300;-0.074157;0.096943
1255;0.017674;-0.207491;0.082444
1256;0.133530;-0.099405;0.028938
1257;0.112873;-0.128616;-0.106707
1258;0.189671;-0.179702;-0.135108
1259;0.191276;-0.148071;-0.054420
1260;0.168040;0.067051;-0.131413
1261;0.246672;0.168589;-0.181905
1262;0.305367;0.279367;-0.125636
1263;0.196929;0.489480;0.042226
1264;-0.057619;0.145317;0.083742
1265;-0.224844;-0.201634;0.018153
1266;-0.193242;0.159329;0.064814
1267;-0.064227;0.312496;0.001150
1268;-0.128597;0.144893;0.177115
1269;-0.019336;-0.081862;0.030737
1270;0.002900;-0.254615;-0.046197
1271;-0.008377;-0.467155;0.061667
1272;-0.076581;-0.494622;0.025522
1273;-0.052329;-0.427011;-0.091524
1274;-0.175562;0.136039;-0.127104
1275;-0.072870;0.577935;-0.152290
1276;0.080561;-0.178213;-0.359966
1277;-0.239762;-0.019612;-0.379042
1278;0.302441;1.083767;0.346495
1279;-0.170309;-0.046913;0.228594
1280;-0.354648;-0.444073;0.223836
1281;-0.244515;-0.107503;0.301917
1282;0.032834;0.240524;0.120583
1283;-0.013874;-0.127544;0.065575
1284;0.047562;-0.182946;0.146928
1285;0.201895;-0.043993;0.038398
1286;0.190462;-0.125775;-0.097018
1287;0.246942;-0.109374;-0.146144
1288;0.246613;-0.151643;-0.188811
1289;0.204618;-0.101379;-0.088622
1290;0.128623;-0.065738;-0.047047
1291;0.219307;0.288644;-0.207157
1292;0.199631;0.402197;-0.046135
1293;0.165910;0.416053;0.035940
1294;-0.117226;-0.073849;0.214882
1295;-0.287042;-0.106812;-0.030169
1296;-0.148196;0.247849;0.048112
1297;-0.023084;0.257638;0.070552
1298;-0.045910;-0.032227;0.124715
1299;-0.101904;-0.210320;-0.015943
1300;-0.033681;-0.330098;-0.049894
1301;-0.067799;-0.422490;0.016345
1302;-0.006145;-0.433191;-0.061597
1303;-0.000894;-0.218156;-0.117221
1304;-0.108611;0.432406;-0.080574
1305;-0.082465;0.216577;-0.299349
1306;0.140114;-0.340432;-0.256617
1307;-0.277339;0.720214;-0.186121
1308;0.028593;0.260388;0.392376
1309;-0.127143;-0.304304;0.336598
1310;-0.464792;-0.258735;0.173595
1311;-0.072269;0.223715;0.249842
1312;-0.045697;-0.083993;0.145547
1313;0.058903;-0.098019;0.073057
1314;0.048955;-0.107173;0.102618
1315;0.220702;-0.048548;0.037383
1316;0.161738;-0.129877;-0.071840
1317;0.156147;-0.111142;-0.166828
1318;0.185259;-0.126872;-0.165740
1319;0.153095;-0.081395;-0.102865
1320;0.129067;0.147877;-0.197957
1321;0.283508;0.230224;-0.189980
1322;0.393952;0.444029;-0.020102
1323;0.094701;0.237780;0.005546
1324;-0.241952;-0.187728;0.154756
1325;-0.383139;0.036434;-0.000313
1326;-0.163006;0.382242;-0.057497
1327;-0.002204;0.191564;0.049351
1328;0.018074;-0.074950;0.108593
1329;-0.048899;-0.320258;-0.047490
1330;0.000797;-0.334937;-0.058173
1331;-0.076401;-0.451930;0.002297
1332;-0.008002;-0.426757;-0.074580
1333;-0.037971;-0.198538;-0.125440
1334;-0.081771;0.583398;-0.095312
1335;0.081999;0.348928;-0.328192
1336;-0.013168;-0.332051;-0.322547
1337;-0.246892;0.881393;0.154843
1338;-0.192574;-0.094527;0.192973
1339;-0.289964;-0.187667;0.184597
1340;-0.361173;-0.158169;0.328117
1341;0.088936;0.187855;0.262895
1342;0.029940;-0.043772;0.010571
1343;0.056185;-0.077508;0.122142
1344;0.101518;-0.137933;0.069078
1345;0.175611;-0.126670;-0.030695
1346;0.144585;-0.146581;-0.127422
1347;0.219549;-0.109684;-0.196215
1348;0.207928;-0.080387;-0.035303
1349;0.162001;0.054715;-0.145563
1350;0.267213;0.122300;-0.140684
1351;0.253872;0.242702;-0.078334
1352;0.146061;0.430638;0.033710
1353;-0.000729;0.084587;0.086921
1354;-0.113294;-0.226383;0.063120
1355;-0.174472;0.124462;-0.005066
1356;-0.063673;0.299215;0.010044
1357;-0.047629;0.145972;0.191896
1358;-0.070374;-0.061938;0.042304
1359;-0.071314;-0.158456;-0.073806
1360;-0.012220;-0.385966;0.033062
1361;-0.062994;-0.535880;0.060207
1362;-0.000983;-0.413540;-0.081477
1363;-0.148275;-0.051437;-0.165665
1364;-0.177660;0.629257;-0.194545
1365;0.033639;0.148766;-0.267866
1366;0.065438;-0.243433;-0.402966
1367;-0.065873;1.048666;0.148566
1368;-0.372688;-0.166242;0.270725
1369;-0.310953;-0.339037;0.139738
1370;-0.302520;-0.019226;0.294201
1371;0.239310;0.185671;0.200003
1372;0.048982;-0.086825;0.052394
1373;0.077027;-0.212843;0.138092
1374;0.076085;-0.187706;0.024318
1375;0.139587;-0.098049;-0.130745
1376;0.240836;-0.108561;-0.136235
1377;0.192076;-0.132929;-0.105496
1378;0.108362;-0.035867;-0.049785
1379;0.112150;0.079118;-0.123753
1380;0.204580;0.239694;-0.171624
1381;0.233621;0.360548;-0.039474
1382;0.140374;0.267644;-0.009082
1383;-0.020725;-0.110115;0.191611
1384;-0.277074;-0.140116;-0.002042
1385;-0.260088;0.280704;-0.031833
1386;0.049670;0.184496;0.056155
1387;0.011475;0.013923;0.129482
1388;-0.044475;-0.089667;-0.010780
1389;-0.051223;-0.238655;-0.027748
1390;-0.091684;-0.473325;0.053173
1391;-0.058651;-0.496715;-0.035450
1392;-0.017061;-0.330963;-0.059135
1393;-0.144949;0.333844;-0.080087
1394;-0.153772;0.446958;-0.395063
1395;0.186576;-0.181474;-0.273847
1396;-0.202635;0.716235;-0.105017
1397;-0.105182;0.290351;0.406073
1398;-0.166922;-0.500545;0.186469
1399;-0.428387;-0.392319;0.184867
1400;0.083918;0.494719;0.328069
1401;0.007821;-0.124573;0.108941
1402;0.079246;-0.135313;0.102593
1403;0.109857;-0.131215;0.086681
1404;0.144713;-0.091590;-0.040885
1405;0.097390;-0.115328;-0.148783
1406;0.214978;-0.097805;-0.111386
1407;0.228814;-0.108908;-0.096063
1408;0.144588;-0.012054;-0.157969
1409;0.241518;0.190088;-0.212671
1410;0.323105;0.245948;-0.080750
1411;0.184311;0.440495;0.052415
1412;-0.007558;0.113249;0.137214
1413;-0.181604;-0.192600;0.039219
1414;-0.216471;0.164160;0.017868
1415;-0.003779;0.188230;0.053241
1416;-0.080324;0.071165;0.083259
1417;-0.118767;-0.046663;0.081880
1418;-0.076879;-0.222752;-0.045215
1419;-0.026339;-0.333754;0.022869
1420;-0.035874;-0.468375;-0.024475
1421;0.004880;-0.408644;-0.049564
1422;-0.166641;0.012254;-0.047199
1423;-0.194852;0.610053;-0.199370
1424;0.129322;0.096581;-0.335685
1425;0.124844;-0.247759;-0.340994
1426;0.095539;0.833600;0.112560
1427;-0.419325;0.069542;0.502373
1428;-0.324421;-0.396058;0.154639
1429;-0.380552;-0.206683;0.198298
1430;0.181286;0.353557;0.292931
1431;-0.024199;-0.059434;0.084440
1432;0.095266;-0.114240;0.120341
1433;0.179906;-0.172177;0.032449
1434;0.182763;-0.062190;-0.066368
1435;0.179250;-0.126597;-0.129893
1436;0.229295;-0.155815;-0.194480
1437;0.219093;-0.100858;-0.077546
1438;0.129878;-0.016063;-0.140117
1439;0.217886;0.176594;-0.163167
1440;0.206835;0.315269;0.005421
1441;0.147238;0.416000;0.047503
1442;-0.038697;0.095244;0.127804
1443;-0.206124;-0.196886;0.017671
1444;-0.163705;0.137088;-0.002522
1445;-0.005906;0.236935;0.011269
1446;-0.042242;0.075535;0.143176
1447;-0.056437;-0.061356;0.021851
1448;-0.061516;-0.184447;-0.073894
1449;-0.024473;-0.403122;0.037105
1450;-0.079319;-0.463284;0.012649
1451;0.033659;-0.377616;-0.061584
1452;-0.073635;-0.021910;-0.117300
1453;-0.174027;0.583674;-0.226882
1454;0.105561;0.110522;-0.303997
1455;0.133285;-0.274796;-0.321924
1456;-0.123085;1.052132;0.097305
1457;-0.387829;-0.045922;0.431078
1458;-0.294173;-0.498502;0.194519
1459;-0.426184;-0.175836;0.194821
1460;0.208293;0.371854;0.293584
1461;0.013508;-0.136970;0.056162
1462;0.120465;-0.112293;0.163995
1463;0.137020;-0.121670;0.030024
1464;0.138611;-0.094947;-0.105405
1465;0.180019;-0.131402;-0.127150
1466;0.221786;-0.131441;-0.162661
1467;0.199591;-0.114573;-0.090803
1468;0.112847;0.030088;-0.127517
1469;0.242848;0.213801;-0.178313
1470;0.227710;0.345040;-0.009552
1471;0.073134;0.312701;0.024808
1472;-0.122071;0.001580;0.157986
1473;-0.210911;-0.127941;-0.044514
1474;-0.171105;0.237258;0.003073
1475;-0.026200;0.186355;0.036599
1476;-0.054994;-0.037715;0.066542
1477;-0.025095;-0.112694;-0.027917
1478;-0.016128;-0.235837;-0.057540
1479;-0.040420;-0.397686;0.069299
1480;0.002830;-0.401919;-0.013555
1481;0.095820;-0.276953;-0.048455
1482;-0.090810;0.135190;-0.061860
1483;-0.190223;0.399945;-0.284686
1484;0.064179;-0.039446;-0.230061
1485;-0.081824;0.057941;-0.477160
1486;0.045009;0.930681;0.401453
1487;-0.407342;-0.346854;0.198382
1488;-0.231134;-0.517708;0.199471
1489;-0.255738;0.300547;0.279108
1490;0.122647;0.074254;0.140344
1491;0.036480;-0.103645;0.047315
1492;0.154750;-0.209234;0.125382
1493;0.170215;-0.135848;-0.035986
1494;0.147722;-0.113727;-0.190564
1495;0.195236;-0.103920;-0.102434
1496;0.178977;-0.091110;-0.097189
1497;0.154120;-0.018468;-0.106016
1498;0.154302;0.061268;-0.180111
1499;0.314049;0.328653;-0.167088
1500;0.281825;0.438367;-0.007777
1501;0.175729;0.214515;0.061624
1502;-0.153687;-0.253895;0.128537
1503;-0.426434;0.169705;0.016006
1504;-0.170909;0.323894;-0.010802
1505;0.072096;0.146894;0.147597
1506;-0.002007;-0.045792;0.057629
1507;-0.148448;-0.277629;-0.067273
1508;-0.040893;-0.447015;0.042256
1509;-0.037051;-0.511089;0.018472
1510;-0.010565;-0.448562;-0.070138
1511;-0.142498;-0.066372;-0.092152
1512;-0.249223;0.907932;-0.005622
1513;0.098822;0.127676;-0.470488
1514;-0.035385;-0.156209;-0.463942
1515;0.074328;1.014510;0.314248
1516;-0.162069;-0.185475;0.213672
1517;-0.247432;-0.440115;0.205948
1518;-0.504516;-0.206864;0.181862
1519;0.179215;0.402475;0.302880
1520;0.005182;-0.085402;0.027953
1521;0.015029;-0.209861;0.136281
1522;0.113220;-0.067188;0.090787
1523;0.126755;-0.116814;-0.076859
1524;0.109334;-0.122585;-0.155205
1525;0.221603;-0.118708;-0.150080
1526;0.231086;-0.077435;-0.113391
1527;0.220765;0.071612;-0.157058
1528;0.316033;0.141307;-0.163851
1529;0.330072;0.247287;-0.076499
1530;0.129737;0.464915;-0.005593
1531;-0.108368;0.097973;0.199341
1532;-0.280913;-0.152291;0.017241
1533;-0.220072;0.176563;0.051675
1534;-0.059918;0.263146;0.004840
1535;-0.034382;0.046686;0.144609
1536;-0.040659;-0.149079;0.034780
1537;-0.051521;-0.252462;-0.080133
1538;0.032300;-0.418052;0.048773
1539;-0.032286;-0.460401;-0.047442
1540;0.012663;-0.393032;-0.046633
1541;-0.137424;0.136178;-0.070987
1542;-0.135277;0.548216;-0.207446
1543;0.242773;0.024931;-0.316132
1544;0.132674;-0.290378;-0.319000
1545;-0.049841;0.976147;0.141931
1546;-0.366755;0.132049;0.478022
1547;-0.238568;-0.436859;0.175082
1548;-0.437207;-0.352480;0.157269
1549;0.150401;0.366082;0.366302
1550;0.039428;-0.106874;0.070064
1551;0.092464;-0.143798;0.101339
1552;0.132204;-0.139944;0.045146
1553;0.122745;-0.134782;-0.100870
1554;0.097268;-0.031328;-0.147306
1555;0.197820;-0.069731;-0.123732
1556;0.228031;-0.092832;-0.123802
1557;0.166985;0.008110;-0.125786
1558;0.146527;0.172411;-0.192577
1559;0.233632;0.215509;-0.143946
1560;0.224037;0.441985;-0.056524
1561;0.108447;-0.014144;0.169288
1562;-0.184102;-0.142760;0.014165
1563;-0.300005;0.273153;0.066828
1564;0.052197;0.246465;-0.064051
1565;-0.029744;0.102550;0.108722
1566;-0.113669;-0.090051;0.056189
1567;-0.111349;-0.287453;-0.046428
1568;0.026933;-0.449390;0.039331
1569;-0.069166;-0.384157;0.000369
1570;-0.052209;-0.299934;-0.069680
1571;-0.064368;0.015949;-0.053252
1572;-0.149300;0.367445;-0.233461
1573;0.088979;0.142838;-0.231381
1574;0.124610;-0.184276;-0.224189
1575;-0.241206;0.594733;-0.302465
1576;-0.024659;0.522064;0.475998
1577;-0.356013;-0.454051;0.105140
1578;-0.298705;-0.521939;0.188222
1579;0.001614;0.431816;0.349742
1580;-0.001979;-0.002231;0.110038
1581;0.107039;-0.054259;0.035208
1582;0.042387;-0.237475;0.069901
1583;0.208872;-0.082561;0.013897
1584;0.120646;-0.090632;-0.081362
1585;0.129565;-0.077378;-0.153300
1586;0.212126;-0.103059;-0.116612
1587;0.213323;-0.020732;-0.086759
1588;0.141986;0.114764;-0.145527
1589;0.173917;0.148821;-0.100944
1590;0.216400;0.226141;-0.042061
1591;0.111501;0.296516;-0.003446
1592;-0.099135;0.018532;0.168468
1593;-0.285441;-0.043025;-0.033450
1594;-0.180203;0.193695;0.007498
1595;0.012995;0.196143;0.051441
1596;-0.090548;-0.006562;0.121391
1597;-0.092537;-0.126635;-0.043705
1598;-0.047560;-0.197253;-0.060428
1599;-0.090562;-0.341263;0.041988
1600;-0.091592;-0.332182;0.002959
1601;0.069401;-0.219725;-0.095463
1602;0.049010;-0.038557;-0.047436
1603;0.042060;0.127205;-0.115111
1604;0.024339;0.136956;-0.222132
1605;0.057698;-0.006877;-0.136929
1606;-0.177381;0.283304;-0.370274
1607;-0.047224;0.500151;0.264013
1608;-0.378288;-0.255027;0.051232
1609;-0.185046;-0.336275;0.125391
1610;-0.011502;-0.019264;0.300399
1611;0.114611;0.211848;0.129335
1612;-0.015890;0.016658;-0.019438
1613;-0.017854;-0.143268;0.073644
1614;0.041164;-0.053267;0.071653
1615;0.108609;-0.046555;-0.032459
1616;0.118099;-0.018004;-0.061045
1617;0.102887;0.004527;-0.095925
1618;0.083414;0.023692;-0.082440
1619;0.083578;-0.032478;-0.095580
1620;0.076626;-0.044236;-0.055612
1621;0.077222;-0.031379;-0.033696
1622;0.068886;-0.020609;-0.048613
1623;0.069683;-0.044692;-0.073083
1624;0.120078;-0.063591;-0.093832
1625;0.189153;-0.053977;-0.088067
1626;0.181662;-0.017299;-0.045833
1627;0.095860;0.083434;-0.046196
1628;-0.045395;0.149394;-0.063441
1629;-0.135015;0.222422;-0.071939
1630;0.074524;0.133693;-0.013760
1631;0.027650;0.021024;0.055724
1632;-0.062913;-0.125986;0.052102
1633;-0.143836;-0.086015;0.000303
1634;-0.141470;0.034789;-0.012128
1635;0.002876;0.027680;-0.056736
1636;0.013943;-0.061569;-0.060372
1637;0.013514;-0.108668;-0.055944
1638;0.000935;-0.053222;-0.063285
1639;0.015850;-0.027160;-0.063018
1640;0.027923;-0.055737;-0.054580
1641;0.005780;-0.023267;-0.006607
1642;-0.006200;-0.045410;-0.028416
1643;-0.028608;-0.137937;-0.013431
1644;-0.151667;0.022535;-0.093484
1645;0.084457;0.406891;0.077293
1646;0.040899;-0.057028;0.084380
1647;-0.128597;-0.202846;-0.069310
1648;-0.075410;-0.077811;-0.034767
1649;-0.042530;0.013102;-0.019437
1650;0.049114;0.046491;-0.006964
1651;0.108992;-0.016389;-0.026304
1652;0.067711;-0.011329;0.005551
1653;0.031206;0.008420;-0.000886
1654;-0.037647;-0.004578;-0.038339
1655;-0.058526;0.007515;-0.031346
1656;-0.018129;0.013632;-0.019570
1657;0.012176;-0.010214;-0.013420
1658;0.027002;-0.022388;-0.013210
1659;-0.002750;-0.001427;-0.008718
1660;-0.017760;0.011516;-0.001864
1661;-0.005371;0.004151;-0.009570
1662;-0.004414;-0.010411;-0.009201
1663;0.007302;-0.018304;-0.017694
1664;0.021625;-0.009608;-0.008070
1665;0.010991;-0.014295;-0.011870
1666;0.005655;-0.000330;-0.005395
1667;0.006966;0.001197;-0.006840
1668;-0.002944;-0.011405;-0.011689
1669;-0.002029;-0.009162;-0.015813
1670;0.006937;0.000241;-0.019316
1671;0.011321;0.002213;-0.016918
1672;0.010291;-0.005706;-0.020822
1673;0.004541;-0.003200;-0.019769
1674;-0.006729;-0.003046;-0.024431
1675;-0.013434;-0.013769;-0.020537
1676;-0.000617;-0.001418;-0.014867
1677;0.002119;-0.012209;-0.016216
1678;-0.001458;-0.005175;-0.003318
1679;0.004746;-0.010500;-0.014779
1680;0.010167;-0.008135;-0.011770
1681;0.002807;-0.003143;-0.014577
1682;-0.001038;-0.004934;-0.010114
1683;-0.000886;-0.005494;-0.012365
1684;-0.008081;-0.003618;-0.014688
1685;-0.001422;-0.006701;-0.009347
1686;0.002639;-0.006053;-0.015438
1687;0.006509;-0.006385;-0.011895
1688;0.007168;-0.014068;-0.004116
1689;0.002281;0.000154;-0.006621
1690;-0.007020;-0.004388;-0.009900
1691;0.004006;-0.006496;-0.011497
1692;0.009275;-0.004950;-0.007262
1693;0.011390;-0.003376;-0.007927
1694;0.009038;-0.006642;-0.008825
1695;-0.000876;-0.006496;-0.009927
1696;-0.003918;-0.005819;-0.011267
1697;-0.003466;-0.008261;-0.005790
1698;0.000215;-0.006778;-0.006953
1699;0.003145;-0.003641;-0.006986
1700;0.003627;-0.005743;-0.004826
1701;0.000179;-0.002063;-0.005653
1702;0.004225;-0.008068;-0.003776