index;x;y;z
0;-0.001107;0.000714;0.000467
1;-0.001682;-0.005850;0.001557
2;-0.002317;-0.004788;-0.001245
3;-0.002750;-0.005772;0.000064
4;0.000526;-0.005637;0.000731
5;0.001190;-0.005892;0.000247
6;0.001325;-0.004889;-0.000278
7;0.000139;-0.006972;0.001035
8;0.002010;-0.004585;0.000137
9;0.001333;-0.003778;0.000774
10;0.001423;-0.006221;-0.000703
11;0.001134;-0.006586;-0.001940
12;0.001924;-0.005211;-0.002296
13;-0.000136;-0.004373;-0.000867
14;-0.000521;-0.005742;-0.001922
15;0.000152;-0.004949;-0.000457
16;0.000205;-0.005640;-0.001303
17;-0.000303;-0.004160;0.000036
18;-0.000194;-0.006227;-0.001193
19;-0.000549;-0.006148;0.000410
20;0.000942;-0.001931;0.000208
21;0.003092;-0.003672;0.001277
22;0.001972;-0.005602;0.000165
23;0.000930;-0.006071;-0.000710
24;0.001244;-0.003806;0.001118
25;-0.001479;-0.005378;0.002814
26;-0.000059;-0.004921;0.000319
27;-0.000337;-0.003632;0.000752
28;0.000723;-0.005826;0.000640
29;0.002764;-0.003430;-0.001818
30;0.003523;-0.006136;-0.000381
31;0.003006;-0.004618;-0.000437
32;0.004456;-0.004309;-0.001333
33;0.005593;-0.003553;0.001275
34;-0.002341;-0.004767;0.002619
35;-0.000399;-0.004861;0.002296
36;0.000668;-0.005668;0.000712
37;0.001636;-0.005872;-0.002422
38;0.002975;-0.006306;-0.007052
39;0.002977;-0.005032;-0.004797
40;0.000386;-0.002990;-0.002023
41;0.002164;-0.003997;0.002196
42;0.000595;-0.004084;0.003332
43;-0.001011;-0.003356;0.005925
44;-0.002526;-0.005495;0.002287
45;-0.000023;-0.006320;0.001739
46;0.001943;-0.003506;0.002680
47;-0.001036;-0.005518;-0.000790
48;0.000714;-0.002919;0.000835
49;0.004470;-0.005434;-0.001562
50;0.004190;-0.005952;-0.000010
51;0.004310;-0.003532;0.000327
52;0.003345;-0.004821;0.002333
53;0.002968;-0.003650;0.000414
54;0.001146;-0.007299;-0.001676
55;0.001503;-0.011143;-0.000259
56;0.002089;-0.008565;-0.003838
57;-0.006613;-0.016064;0.018362
58;-0.030826;-0.023645;0.033831
59;-0.058134;0.014446;0.031098
60;-0.049461;0.008314;0.032049
61;-0.006218;-0.013248;0.020582
62;0.024500;-0.014062;0.021620
63;0.017152;0.004594;0.021224
64;-0.005770;0.000363;0.026110
65;-0.021819;-0.013619;0.023967
66;-0.017852;-0.010271;0.028960
67;-0.004815;0.000488;0.025109
68;0.010325;-0.006459;0.012732
69;0.020822;0.004882;0.013338
70;0.032324;-0.001161;0.009532
71;0.020393;-0.006349;0.002364
72;0.021194;-0.000429;0.011664
73;0.021486;0.002877;0.014040
74;0.016469;0.021222;0.008790
75;0.000797;0.039757;0.031938
76;-0.011220;0.021933;0.040342
77;-0.030920;-0.046380;-0.038234
78;-0.082153;-0.017624;-0.111862
79;-0.007848;0.068851;-0.075361
80;0.057190;0.083422;-0.062436
81;-0.041739;-0.009995;-0.026527
82;-0.076373;-0.165256;-0.065477
83;-0.011629;-0.165653;-0.026299
84;0.052443;-0.170197;-0.097408
85;0.169319;-0.235471;-0.169715
86;0.178311;-0.157437;-0.227215
87;0.178089;0.053855;-0.227576
88;0.101658;-0.023523;-0.293620
89;-0.090684;0.005546;-0.479245
90;-0.076300;0.661956;-0.237389
91;-0.168389;0.010330;0.220722
92;0.034934;-0.382621;0.261015
93;-0.132559;-0.388381;0.364527
94;-0.324416;0.065418;0.228643
95;-0.224961;0.134907;0.200691
96;-0.134643;0.124420;0.154014
97;0.143151;0.016936;0.154439
98;0.211750;-0.126673;0.079719
99;0.149355;-0.029917;0.000912
100;0.091940;0.023977;-0.022035
101;0.050186;0.004628;-0.070557
102;0.092256;0.016030;-0.065155
103;0.124033;-0.001954;-0.094087
104;0.142293;-0.002623;-0.076876
105;0.147304;-0.037472;-0.041923
106;0.157677;-0.043176;-0.026525
107;0.144100;0.118137;-0.009559
108;-0.004289;0.161868;0.035184
109;-0.125916;0.192038;-0.001892
110;-0.013301;0.119311;0.050854
111;0.035240;-0.055926;0.104188
112;-0.123752;-0.197322;0.108571
113;-0.279835;-0.059874;-0.014021
114;-0.154523;0.123297;0.001785
115;0.027909;0.200030;0.061856
116;0.006677;-0.019045;0.012185
117;-0.132397;-0.188481;-0.072205
118;-0.059530;-0.188189;-0.001676
119;0.035961;-0.252149;0.030865
120;0.043601;-0.175419;-0.097892
121;-0.012499;-0.069076;-0.152667
122;-0.010162;0.106517;-0.160580
123;0.026713;0.115575;-0.244183
124;0.039078;-0.083918;-0.181247
125;-0.012117;-0.086894;-0.224414
126;-0.125835;0.432181;0.153643
127;-0.041810;-0.061756;-0.100013
128;-0.134657;0.006741;-0.001148
129;-0.257303;0.053164;0.213665
130;-0.007447;-0.161718;0.330020
131;0.038145;-0.042355;0.198121
132;-0.054260;0.036272;0.135276
133;-0.013936;-0.094940;0.033541
134;0.080410;-0.179723;0.030495
135;0.048226;-0.116950;0.027611
136;-0.134477;0.279621;0.021119
137;0.163493;0.074942;-0.084376
138;0.218025;-0.036415;-0.075750
139;0.187875;-0.027261;-0.074275
140;0.147798;0.013164;-0.058494
141;0.115392;-0.049680;-0.067768
142;0.125443;-0.029917;-0.079821
143;0.187555;-0.012167;0.009443
144;0.154665;0.017576;-0.001264
145;0.091669;0.111242;-0.059771
146;-0.054959;0.325564;-0.072882
147;0.021810;0.229815;0.054164
148;0.034019;0.008099;0.126870
149;-0.220110;-0.165283;0.140497
150;-0.323742;-0.024266;-0.020506
151;-0.212723;0.229523;0.003585
152;0.008355;0.111439;0.056402
153;0.015402;-0.168349;0.064870
154;-0.068967;-0.223161;-0.059904
155;-0.020139;-0.157006;-0.023250
156;0.034525;-0.285670;-0.036443
157;0.048712;-0.171058;-0.133189
158;-0.041562;-0.068934;-0.228869
159;0.065996;0.126917;-0.131292
160;0.082700;0.040692;-0.141923
161;-0.132688;-0.011488;-0.290756
162;-0.184459;0.505120;0.155259
163;-0.100622;-0.203109;0.083373
164;-0.106954;-0.092071;0.025953
165;-0.226142;0.119722;0.099565
166;-0.059664;-0.047178;0.340451
167;0.055733;-0.078120;0.222870
168;-0.018076;0.066362;0.142168
169;-0.008385;-0.087836;-0.001529
170;0.141795;-0.054157;0.029567
171;0.145229;-0.160376;0.060786
172;0.009201;0.032808;-0.054893
173;0.048440;0.111680;-0.047021
174;0.236729;0.003207;-0.071444
175;0.215398;0.035985;-0.141737
176;0.179613;0.020283;-0.085519
177;0.119214;-0.050160;-0.040980
178;0.115619;-0.071340;-0.035725
179;0.047981;0.257321;-0.024822
180;-0.071328;0.341662;0.002488
181;0.023367;0.293313;0.066485
182;0.009706;-0.074463;0.089572
183;-0.127477;-0.282535;0.070274
184;-0.258850;-0.235554;-0.047197
185;-0.166397;0.103585;0.067843
186;-0.002874;0.156953;0.021704
187;-0.028952;-0.006978;-0.027132
188;-0.114066;-0.077103;-0.096112
189;-0.010084;-0.093967;0.019132
190;0.067344;-0.287003;0.019851
191;0.000153;-0.177231;-0.076276
192;-0.017570;-0.125763;-0.129906
193;0.020395;0.003910;-0.092792
194;-0.049007;0.136702;-0.116266
195;-0.049304;-0.018973;-0.174971
196;0.016793;-0.171892;-0.163326
197;-0.331654;0.380075;-0.101774
198;-0.151414;0.234147;0.293912
199;-0.099203;-0.164803;0.104389
200;-0.266933;-0.160902;0.085941
201;0.051987;0.027599;0.378499
202;0.045219;0.080022;0.170938
203;0.109746;0.027800;-0.002867
204;0.085366;-0.137673;0.047829
205;0.113007;-0.186805;0.028069
206;0.067855;-0.082611;-0.059843
207;0.066350;0.096198;-0.014190
208;0.201349;0.065288;-0.073099
209;0.140870;0.014957;-0.099354
210;0.144074;-0.027419;-0.072180
211;0.099308;-0.059525;-0.029851
212;0.068615;0.085268;-0.070204
213;0.073649;0.258545;-0.006683
214;0.083185;0.258817;-0.049481
215;-0.001931;0.045718;0.062457
216;-0.157940;-0.126730;0.154566
217;-0.272364;-0.099325;-0.028062
218;-0.240439;0.179102;0.004066
219;-0.045656;0.157765;0.017879
220;0.003612;-0.007117;0.096345
221;-0.053990;-0.223187;-0.057396
222;-0.093224;-0.169040;-0.066483
223;-0.094233;-0.227570;0.009585
224;0.042958;-0.221240;0.041717
225;0.041472;-0.155399;-0.112925
226;-0.012501;0.006160;-0.135776
227;-0.088454;0.114964;-0.252792
228;0.105851;0.017546;-0.147687
229;0.183019;-0.165528;-0.168706
230;-0.259206;0.454919;-0.219410
231;-0.135144;0.781623;0.459316
232;-0.042194;-0.543719;0.202734
233;-0.080831;-0.412658;0.241634
234;-0.088939;0.202479;0.267465
235;-0.062906;0.040645;0.127785
236;0.026855;0.018159;0.054428
237;0.053116;-0.160262;0.132542
238;0.080114;-0.038943;0.097233
239;0.067721;-0.015884;0.000539
240;0.108519;-0.058093;-0.072443
241;0.098331;-0.035049;-0.073233
242;0.092385;-0.018411;-0.130692
243;0.138615;-0.012580;-0.170081
244;0.126365;0.022833;-0.125396
245;0.079449;0.099659;-0.167291
246;0.184609;0.227906;0.023125
247;0.117241;0.255679;0.086652
248;-0.174440;-0.063524;0.055582
249;-0.289360;0.031859;-0.052285
250;0.034250;0.260053;-0.006951
251;0.008422;0.154827;0.032921
252;-0.169565;-0.049724;0.056995
253;-0.118766;-0.270879;0.028072
254;-0.054301;-0.263780;0.025390
255;-0.084578;-0.238052;0.058801
256;0.036429;-0.230481;-0.015680
257;0.058653;-0.163906;-0.054120
258;-0.003980;0.011854;0.019054
259;-0.104645;0.100073;-0.217622
260;-0.028719;0.016879;-0.142938
261;0.063959;-0.025606;-0.268446
262;-0.193521;0.869450;0.080445
263;-0.301826;0.010456;0.395844
264;-0.118598;-0.495717;0.262711
265;-0.182256;-0.057511;0.239283
266;-0.022724;0.276866;0.174453
267;-0.024489;-0.122167;0.071757
268;0.107350;-0.038101;0.144972
269;0.077629;-0.180964;0.106653
270;0.134916;-0.071756;-0.021205
271;0.115408;-0.087811;-0.088946
272;0.050455;-0.011910;-0.109023
273;0.109223;0.040792;-0.133220
274;0.242459;0.028857;-0.141954
275;0.253516;-0.009419;-0.088604
276;0.207242;0.079749;-0.132223
277;0.106003;0.379745;0.010368
278;-0.130156;0.287887;0.098100
279;-0.228701;0.006409;0.103319
280;-0.231965;-0.119816;-0.040565
281;-0.061625;0.186521;-0.052167
282;0.062427;0.214875;0.002747
283;-0.041056;-0.001361;0.067320
284;-0.065397;-0.230966;0.017027
285;-0.106543;-0.295369;-0.065549
286;-0.127170;-0.287929;0.020363
287;0.025785;-0.213709;0.032381
288;0.054019;-0.149721;-0.080738
289;-0.009814;-0.106266;-0.159967
290;-0.038960;0.111906;-0.215196
291;0.118122;0.093804;-0.141155
292;0.122240;-0.015268;-0.239187
293;-0.400193;0.858058;0.160300
294;-0.400151;-0.079783;0.362127
295;-0.030122;-0.459110;0.256567
296;-0.181513;0.050898;0.240093
297;0.058281;0.151458;0.244445
298;0.004126;-0.104406;0.026312
299;0.079208;-0.046375;0.117791
300;0.059406;-0.164746;0.039833
301;0.190848;-0.007987;-0.066559
302;0.093369;-0.082798;-0.100579
303;0.114232;-0.025821;-0.081384
304;0.102442;-0.088759;-0.122426
305;0.184081;0.012070;-0.111620
306;0.161974;0.046607;-0.068893
307;0.189157;0.195952;-0.149213
308;0.209387;0.358007;0.034866
309;-0.037682;0.171500;0.167421
310;-0.327204;-0.051212;0.125657
311;-0.380800;0.151359;-0.027641
312;0.076093;0.220037;-0.132338
313;0.131574;0.076255;0.042200
314;-0.062028;-0.071699;0.097574
315;-0.100207;-0.246869;-0.046104
316;-0.167330;-0.321806;-0.009417
317;-0.086420;-0.347002;0.073506
318;0.011154;-0.208397;-0.049470
319;0.080568;-0.160694;-0.118302
320;0.048661;-0.132641;-0.169757
321;-0.075140;0.139368;-0.228809
322;0.029604;0.212879;-0.203475
323;-0.467558;0.800277;-0.007955
324;-0.339252;0.168266;0.435180
325;-0.008548;-0.473215;0.460953
326;-0.156336;-0.142044;0.218733
327;-0.139481;0.183852;0.258603
328;0.038484;0.000880;0.127187
329;0.049036;-0.004771;0.107543
330;0.040097;-0.165400;0.119542
331;0.141904;-0.057744;0.003053
332;0.109036;-0.109685;-0.116586
333;0.127670;0.022058;-0.113832
334;0.184263;-0.050745;-0.129677
335;0.183974;-0.041779;-0.120672
336;0.184535;0.005352;-0.078199
337;0.188889;0.158888;-0.147915
338;0.174575;0.332949;0.027412
339;0.070559;0.282371;0.103074
340;-0.182620;-0.024484;0.213568
341;-0.435077;-0.039857;-0.026825
342;-0.176950;0.267797;-0.135178
343;0.255802;0.219605;-0.038289
344;0.033638;-0.026824;0.110807
345;-0.092969;-0.192341;-0.013293
346;-0.114308;-0.224444;-0.020478
347;-0.093970;-0.379289;0.045604
348;0.016589;-0.261020;0.013093
349;0.050601;-0.220416;-0.109363
350;0.007789;-0.126118;-0.119971
351;-0.001052;0.112926;-0.116415
352;-0.002877;0.023790;-0.138266
353;-0.026984;-0.027782;-0.462155
354;0.066856;1.067683;0.542907
355;-0.311290;-0.190837;0.381175
356;-0.175114;-0.292465;0.276423
357;-0.340927;-0.166331;0.252227
358;-0.030706;0.182442;0.178362
359;0.124780;0.066607;0.084891
360;0.017917;-0.137615;0.130622
361;0.117724;-0.100862;0.048224
362;0.185090;-0.044470;-0.083838
363;0.132159;-0.036426;-0.131836
364;0.166881;-0.065762;-0.136138
365;0.167136;-0.097956;-0.115566
366;0.174214;-0.005011;-0.124734
367;0.172277;0.089252;-0.157449
368;0.174558;0.067144;-0.112523
369;0.275616;0.290640;-0.123644
370;0.108127;0.389710;0.032355
371;-0.017175;-0.047214;0.228937
372;-0.382083;-0.034226;-0.073681
373;-0.464143;0.360191;-0.060898
374;0.245087;0.321400;-0.051412
375;0.069356;-0.097801;0.134634
376;-0.105463;-0.264054;0.053699
377;-0.099585;-0.200154;-0.126058
378;-0.073247;-0.287641;0.037586
379;0.006684;-0.334852;0.062899
380;0.043162;-0.263599;-0.125142
381;0.089959;-0.137013;-0.104182
382;-0.101435;0.088746;-0.090771
383;-0.071464;0.177597;-0.133560
384;-0.032130;-0.018601;-0.362919
385;-0.118134;1.163088;0.438010
386;-0.338877;-0.382114;0.318761
387;-0.145021;-0.341030;0.298877
388;-0.346439;0.180703;0.274698
389;-0.038194;0.064863;0.243428
390;0.055194;0.016593;0.063625
391;0.056866;-0.069710;0.154150
392;0.098746;-0.137780;0.096886
393;0.247607;-0.058657;-0.044402
394;0.242736;-0.111425;-0.184118
395;0.214333;-0.130358;-0.139306
396;0.061008;-0.045670;-0.030716
397;0.134701;0.135664;-0.092163
398;0.279464;0.012686;-0.110031
399;0.288555;0.215645;-0.154475
400;0.213559;0.500002;0.035100
401;0.023714;0.260498;-0.030735
402;-0.234440;-0.158775;0.182152
403;-0.309236;-0.128989;-0.031275
404;-0.186762;0.354960;-0.107678
405;0.011287;0.184588;0.006164
406;-0.061643;0.010293;0.095162
407;-0.047936;-0.230193;-0.017772
408;-0.069070;-0.251344;-0.097138
409;-0.068983;-0.465616;0.021262
410;0.133534;-0.450956;0.007211
411;0.123176;-0.340760;-0.180144
412;-0.014256;-0.067169;-0.133668
413;-0.273732;0.678512;-0.167543
414;0.091906;0.193283;-0.361524
415;-0.219005;0.915824;0.074691
416;-0.374017;-0.097442;0.497850
417;-0.131385;-0.459226;0.377610
418;-0.254627;-0.236986;0.279030
419;-0.014733;0.257625;0.286970
420;-0.001010;-0.015641;0.099658
421;0.105009;-0.082377;0.083943
422;0.140991;-0.170502;0.075603
423;0.231605;-0.003323;-0.050130
424;0.137830;-0.116825;-0.182953
425;0.174893;-0.076708;-0.128799
426;0.198219;-0.087275;-0.142278
427;0.116195;-0.082327;-0.087414
428;0.116218;0.129381;-0.153571
429;0.213084;0.193830;-0.149165
430;0.165207;0.453772;0.096201
431;-0.053664;0.178411;0.071458
432;-0.206686;-0.213050;0.154037
433;-0.466231;0.191069;-0.028623
434;-0.067459;0.411489;-0.140451
435;0.101126;0.141746;0.057933
436;-0.073874;-0.185881;0.144943
437;-0.160023;-0.287081;-0.086615
438;-0.086232;-0.201046;-0.096919
439;0.007648;-0.417265;0.002086
440;0.111100;-0.452854;-0.011783
441;0.119640;-0.289930;-0.161703
442;-0.005661;0.384535;-0.038500
443;-0.081871;0.432558;-0.230886
444;0.117619;-0.274633;-0.309225
445;-0.403699;0.651640;-0.047618
446;-0.359537;0.185378;0.450767
447;-0.164711;-0.289564;0.333124
448;-0.349268;-0.243388;0.283072
449;-0.043036;0.156106;0.281597
450;-0.094433;-0.061158;0.109924
451;0.154967;-0.022750;0.097856
452;0.145246;-0.332729;0.146950
453;0.235854;-0.079465;-0.058461
454;0.096962;0.114134;-0.082139
455;0.220268;0.115411;-0.154646
456;0.231969;-0.007262;-0.179017
457;0.127910;-0.044251;-0.101965
458;0.169814;-0.038055;-0.095675
459;0.233136;0.144409;-0.127652
460;0.174168;0.408298;0.039821
461;-0.085398;0.374461;0.086313
462;-0.228139;-0.047008;0.151237
463;-0.396483;-0.138175;-0.041696
464;-0.239997;0.260202;-0.041446
465;0.123374;0.191358;0.023437
466;0.034258;-0.008568;0.056504
467;-0.035445;-0.230346;0.022121
468;-0.057774;-0.314680;-0.106151
469;-0.100826;-0.366587;-0.034113
470;0.067475;-0.397508;-0.061510
471;0.140308;-0.318875;-0.221090
472;0.090425;0.066943;-0.136171
473;-0.198960;0.567728;-0.133299
474;-0.058236;0.041838;-0.327993
475;-0.371594;0.406380;-0.303008
476;-0.149320;0.363261;0.566478
477;-0.070820;-0.467966;0.310107
478;-0.158835;-0.212149;0.271307
479;-0.000340;0.281095;0.322418
480;-0.110352;-0.011430;0.151292
481;0.005768;0.015987;0.071193
482;0.031118;-0.247063;0.138146
483;0.187813;-0.042390;0.003587
484;0.162725;-0.080584;-0.153412
485;0.264889;-0.036158;-0.175630
486;0.238760;-0.118394;-0.146903
487;0.177704;-0.094158;-0.064246
488;0.133081;0.035914;-0.143039
489;0.248341;0.168258;-0.144931
490;0.201209;0.364211;0.015770
491;-0.032892;0.394412;0.044403
492;-0.204661;0.044187;0.187423
493;-0.333206;-0.179711;-0.037313
494;-0.273306;0.283186;-0.030375
495;0.016850;0.232403;0.005992
496;0.018492;-0.033122;0.058360
497;-0.006254;-0.148253;0.028407
498;-0.063613;-0.285363;-0.092691
499;-0.093498;-0.438818;0.054072
500;0.061829;-0.480817;0.009975
501;0.107463;-0.349741;-0.193369
502;0.010284;0.151570;-0.097736
503;-0.258412;0.702542;-0.136417
504;0.002557;-0.056387;-0.270456
505;-0.323451;0.060570;-0.527703
506;0.100905;0.753661;0.536301
507;-0.069807;-0.340546;0.298469
508;-0.120362;-0.275313;0.363696
509;-0.281139;0.163680;0.353293
510;-0.122558;0.046365;0.216020
511;-0.004494;-0.002031;0.060401
512;0.059246;-0.230782;0.148638
513;0.230157;-0.101483;0.068896
514;0.270866;-0.099325;-0.115534
515;0.248043;-0.058842;-0.091301
516;0.150948;-0.058660;-0.116060
517;0.114157;0.140537;-0.149056
518;0.233862;0.082181;-0.135675
519;0.290030;0.058496;-0.174604
520;0.270836;0.276878;-0.006606
521;-0.010803;0.461750;0.061634
522;-0.221485;0.133072;0.139845
523;-0.355217;-0.255428;0.040267
524;-0.311148;0.107403;-0.064190
525;-0.016657;0.319781;-0.018134
526;-0.006372;0.015466;0.062826
527;-0.034667;-0.062097;0.071416
528;-0.036016;-0.214813;-0.116408
529;-0.073786;-0.357165;-0.023174
530;0.062702;-0.541591;0.014462
531;0.185777;-0.406109;-0.088183
532;0.082911;-0.200773;-0.163958
533;-0.119193;0.417188;-0.081496
534;-0.158215;0.490960;-0.205984
535;0.065365;-0.300355;-0.413282
536;-0.277993;0.789860;0.146146
537;-0.309266;0.105522;0.571568
538;-0.015210;-0.356413;0.439392
539;-0.361702;-0.098009;0.306071
540;-0.053333;0.127204;0.223613
541;-0.120734;-0.092893;0.123992
542;0.075358;-0.062994;0.166541
543;0.119564;-0.169435;0.112949
544;0.210244;-0.070425;-0.070049
545;0.236751;0.003531;-0.113549
546;0.174701;-0.035706;-0.133115
547;0.126070;-0.005088;-0.150349
548;0.152173;0.034704;-0.128559
549;0.210456;-0.049356;-0.141405
550;0.291623;0.151573;-0.192234
551;0.258031;0.497397;-0.008235
552;-0.093268;0.358323;0.051593
553;-0.233900;-0.052095;0.249133
554;-0.411797;-0.199409;-0.024227
555;-0.253696;0.251419;-0.036129
556;0.058598;0.220200;0.000944
557;0.002056;-0.000514;0.115227
558;-0.019092;-0.149955;-0.031941
559;-0.050247;-0.305888;-0.105855
560;-0.025310;-0.439844;0.000194
561;0.134328;-0.363182;-0.019326
562;0.073595;-0.333565;-0.183966
563;0.006726;0.018640;-0.113638
564;-0.101557;0.546669;-0.108049
565;-0.030356;0.067103;-0.280602
566;-0.414906;0.465283;-0.034810
567;-0.298815;0.271269;0.452808
568;-0.093629;-0.383617;0.325400
569;-0.223685;-0.184508;0.281116
570;-0.037375;0.188308;0.180501
571;-0.105990;-0.074294;0.110930
572;0.016436;-0.053111;0.134919
573;0.120393;-0.200061;0.116970
574;0.258171;-0.066983;-0.044139
575;0.257990;-0.127216;-0.166612
576;0.237908;-0.006805;-0.103943
577;0.175234;0.130694;-0.117711
578;0.211020;0.017510;-0.117132
579;0.226979;-0.087593;-0.144344
580;0.243785;0.224806;-0.083691
581;0.201401;0.508073;0.012479
582;0.052599;0.224477;0.042857
583;-0.265039;-0.159788;0.182853
584;-0.475662;0.072747;-0.073345
585;-0.244930;0.361453;-0.065755
586;0.065234;0.102915;0.118327
587;0.017460;-0.030778;0.062439
588;-0.027079;-0.275262;-0.164795
589;-0.019768;-0.261346;-0.060778
590;-0.018605;-0.505475;0.052803
591;0.067390;-0.373124;-0.085919
592;0.094991;-0.315389;-0.075392
593;-0.172256;0.083846;-0.169527
594;-0.216226;0.511239;-0.068862
595;0.082762;0.014899;-0.249605
596;-0.034548;0.881043;0.126033
597;-0.359563;0.044754;0.374278
598;-0.175785;-0.291066;0.342876
599;-0.107834;-0.423939;0.252940
600;-0.040835;-0.097354;0.233061
601;-0.028850;0.080064;0.099582
602;-0.143975;0.088514;0.062842
603;0.101001;0.060165;0.019228
604;0.315470;-0.034303;-0.033427
605;0.198082;-0.104125;-0.094558
606;0.153127;-0.106247;-0.102990
607;0.125537;-0.089767;-0.155546
608;0.164365;0.023532;-0.193028
609;0.150419;0.085463;-0.113175
610;0.251311;0.261556;-0.210426
611;0.284736;0.435349;-0.057478
612;0.181032;0.076718;0.172542
613;-0.280636;-0.149324;0.227841
614;-0.534355;0.120235;-0.022262
615;-0.173614;0.200111;-0.129322
616;0.157797;0.166298;0.162028
617;-0.035418;-0.010387;0.065128
618;-0.146368;-0.293797;-0.092233
619;0.011057;-0.296913;0.011734
620;0.002728;-0.452403;0.056019
621;0.030164;-0.362970;-0.017837
622;0.087942;-0.321028;-0.163679
623;-0.064876;0.042791;-0.112286
624;-0.206083;0.579082;-0.097685
625;-0.032051;0.045933;-0.292627
626;-0.322321;1.116227;0.251025
627;-0.379578;-0.019744;0.209562
628;-0.137162;-0.541212;0.286255
629;-0.077572;-0.425340;0.357136
630;-0.100693;0.372768;0.073192
631;0.244999;0.135034;0.121863
632;0.091294;-0.137302;0.063090
633;0.134937;-0.210880;0.038848
634;0.095911;-0.073298;-0.048211
635;0.084942;-0.073421;-0.196851
636;0.153296;-0.051595;-0.091413
637;0.221724;-0.084312;-0.122777
638;0.216040;0.009900;-0.153232
639;0.149116;-0.029606;-0.103262
640;0.074403;0.183051;-0.186120
641;0.134257;0.391143;0.022760
642;0.053648;0.332109;0.158555
643;-0.198254;0.098677;0.203791
644;-0.356251;-0.114902;-0.049379
645;-0.226354;0.030758;-0.060508
646;0.172016;0.081974;0.126707
647;0.031810;0.154133;0.103890
648;-0.201620;-0.089064;-0.034469
649;-0.023835;-0.336754;-0.068377
650;0.091969;-0.362856;0.049604
651;0.092114;-0.393675;-0.018739
652;0.096901;-0.411442;-0.105659
653;-0.084429;-0.211217;-0.212136
654;-0.318657;0.534527;-0.043133
655;0.111345;0.426272;-0.106700
656;-0.306526;0.040722;-0.583762
657;-0.177398;0.891020;0.422359
658;-0.338794;-0.488437;0.136235
659;-0.001153;-0.356353;0.256012
660;-0.172166;0.109762;0.238450
661;0.110467;0.171899;0.172064
662;0.007944;-0.048123;-0.050660
663;0.041744;-0.320862;0.159395
664;0.104834;-0.075591;0.000719
665;0.148520;0.003524;-0.128223
666;0.176197;-0.082435;-0.128521
667;0.228339;-0.123911;-0.125329
668;0.245658;-0.044375;-0.158957
669;0.197871;-0.035123;0.037582
670;-0.006947;0.187304;-0.144870
671;0.106083;0.231711;-0.210132
672;0.310305;0.564810;-0.049977
673;0.140446;0.130889;0.189397
674;-0.297121;-0.112932;0.157338
675;-0.507009;0.184752;-0.037978
676;-0.075492;0.063690;0.064948
677;0.082117;0.062198;0.139365
678;-0.073349;0.053602;0.020981
679;-0.146682;-0.301355;-0.095335
680;0.103659;-0.384323;0.045119
681;0.013978;-0.405953;0.015262
682;0.042845;-0.356042;-0.123077
683;0.042277;-0.243867;-0.206611
684;-0.175251;0.276664;-0.120043
685;0.029495;0.500559;-0.021951
686;-0.012286;-0.103667;-0.328363
687;-0.336595;0.658335;0.053489
688;-0.322073;0.027404;0.348588
689;-0.202834;-0.382867;0.307379
690;-0.164433;-0.210551;0.208932
691;0.058650;0.171693;0.259549
692;0.042751;-0.073827;0.077907
693;0.049221;-0.144246;0.087232
694;0.070249;-0.185576;0.046008
695;0.122879;0.002577;-0.056635
696;0.183137;0.049074;-0.124545
697;0.264858;-0.071366;-0.116628
698;0.202691;-0.102681;-0.138327
699;0.069797;-0.026802;-0.088127
700;0.130813;0.077186;-0.114817
701;0.160917;0.105598;-0.177105
702;0.270205;0.443390;-0.063062
703;0.146766;0.334543;0.080902
704;-0.170191;-0.042508;0.220766
705;-0.435748;-0.078043;-0.075206
706;-0.238878;0.200548;-0.033250
707;0.133353;0.154316;0.106376
708;-0.005276;-0.014358;0.105621
709;-0.120917;-0.121011;-0.059413
710;-0.006297;-0.336470;-0.061538
711;-0.020095;-0.397158;0.017672
712;0.046226;-0.333529;-0.050442
713;0.152046;-0.315916;-0.106540
714;-0.028384;-0.052405;-0.178694
715;-0.176856;0.465930;-0.085375
716;-0.022536;0.240443;-0.181032
717;-0.331433;-0.008333;-0.571941
718;-0.142830;0.922206;0.497724
719;-0.207309;-0.347594;0.266398
720;-0.078688;-0.303309;0.270793
721;-0.211822;0.127859;0.330356
722;0.030980;0.038686;0.184142
723;-0.015474;-0.035382;0.033535
724;0.071354;-0.213730;0.160335
725;0.141667;-0.121487;0.005897
726;0.150462;-0.030341;-0.183473
727;0.208917;-0.012995;-0.108272
728;0.284246;-0.112896;-0.184383
729;0.182142;-0.114603;-0.075814
730;0.071129;0.089715;-0.156901
731;0.070923;0.186578;-0.162605
732;0.273924;0.263387;-0.173535
733;0.275250;0.534042;0.024966
734;0.085814;-0.070661;0.270175
735;-0.442078;-0.006763;-0.105274
736;-0.347385;0.174127;0.103529
737;0.178303;0.197150;0.059471
738;-0.020300;0.044381;0.126282
739;-0.172319;-0.175810;0.013917
740;-0.130305;-0.360552;-0.006729
741;0.009265;-0.367390;0.080265
742;-0.008684;-0.356476;-0.066003
743;0.057685;-0.324719;-0.061182
744;-0.107376;0.137010;-0.109011
745;-0.159645;0.534694;-0.084550
746;0.093311;-0.017596;-0.186123
747;-0.273223;0.104492;-0.365118
748;-0.010997;0.697523;0.415686
749;-0.194497;-0.304143;0.172221
750;-0.131850;-0.337240;0.202682
751;-0.173312;0.093392;0.326332
752;0.131531;0.160976;0.158744
753;0.025297;-0.027295;0.014159
754;0.079169;-0.213194;0.095925
755;0.098747;-0.135064;0.002827
756;0.117000;-0.030055;-0.116183
757;0.212666;-0.063324;-0.105527
758;0.275925;-0.116576;-0.179365
759;0.262745;-0.054990;-0.122889
760;0.093590;0.022440;-0.106682
761;0.063390;0.123892;-0.155449
762;0.131138;0.242375;-0.076224
763;0.139589;0.451493;0.060941
764;-0.055431;0.100204;0.208788
765;-0.341154;-0.163560;-0.013401
766;-0.299637;0.174613;-0.028217
767;0.066165;0.258217;0.044186
768;-0.063193;0.122687;0.101359
769;-0.151494;-0.096782;-0.021208
770;-0.088940;-0.375228;-0.124841
771;0.057219;-0.409457;0.083178
772;0.058006;-0.438482;0.013566
773;0.139560;-0.331399;-0.116507
774;-0.021456;-0.116052;-0.197281
775;-0.226812;0.468937;-0.119597
776;0.043029;0.363489;-0.070357
777;-0.065193;-0.162891;-0.458418
778;-0.170997;0.872451;0.276790
779;-0.326917;-0.212513;0.387991
780;-0.129960;-0.405441;0.237278
781;-0.268226;-0.050911;0.267883
782;0.057707;0.197295;0.205860
783;-0.023222;-0.032380;0.066533
784;0.068064;-0.139174;0.138388
785;0.082147;-0.190491;0.047982
786;0.161526;-0.025148;-0.120076
787;0.243388;-0.039203;-0.147985
788;0.280275;-0.027141;-0.143621
789;0.217442;-0.060308;-0.149346
790;0.162413;-0.121508;-0.091777
791;0.046914;0.003936;-0.133140
792;0.133845;0.194914;-0.193278
793;0.167762;0.499433;0.017474
794;0.118189;0.255526;0.053988
795;-0.237757;0.005284;0.160384
796;-0.366396;-0.066968;-0.068919
797;-0.057277;0.173147;0.009051
798;0.093692;0.110445;0.076591
799;-0.050686;0.026693;0.074917
800;-0.173559;-0.157359;-0.040222
801;-0.068720;-0.338037;-0.052346
802;-0.007554;-0.389066;0.021202
803;0.056840;-0.336383;-0.081062
804;0.124310;-0.286004;-0.146321
805;-0.080431;0.105193;-0.130541
806;-0.137767;0.554601;-0.207028
807;0.155902;-0.056748;-0.270204
808;-0.211578;0.134439;-0.407310
809;-0.092510;0.838066;0.710671
810;-0.095896;-0.518321;0.190503
811;-0.197897;-0.386014;0.214790
812;-0.070687;0.439298;0.317171
813;-0.032557;-0.093452;0.138096
814;0.010238;-0.071615;0.115950
815;0.041685;-0.162634;0.153524
816;0.157820;-0.051790;-0.012341
817;0.172816;-0.100255;-0.122892
818;0.277708;-0.065083;-0.153090
819;0.253281;-0.041137;-0.195879
820;0.200586;-0.094007;-0.134511
821;0.154858;0.010794;-0.105212
822;0.156875;0.251493;-0.270657
823;0.104531;0.432430;0.027948
824;0.028013;0.418139;0.051124
825;-0.180573;-0.121002;0.135380
826;-0.351258;0.061319;-0.035773
827;-0.045342;0.195173;-0.043112
828;0.007658;0.096649;0.090654
829;-0.084349;-0.077050;0.053926
830;-0.088404;-0.187628;-0.077537
831;-0.013627;-0.374304;-0.056554
832;-0.033630;-0.458758;0.020721
833;0.086355;-0.319513;-0.099875
834;0.128439;-0.186989;-0.106060
835;-0.126995;0.197167;-0.038009
836;-0.233467;0.450730;-0.280148
837;0.120547;-0.154379;-0.330228
838;-0.260750;0.500047;0.025685
839;-0.402636;0.292374;0.591390
840;-0.057666;-0.477962;0.342022
841;-0.342996;-0.239904;0.181699
842;0.026181;0.359874;0.231126
843;-0.040161;-0.054754;0.107199
844;0.142552;-0.017254;0.126457
845;0.121889;-0.222471;0.093050
846;0.233581;-0.017544;-0.097829
847;0.198798;-0.059551;-0.179586
848;0.279837;-0.039062;-0.156392
849;0.298521;-0.066809;-0.199377
850;0.283099;-0.082417;-0.133729
851;0.163787;0.063486;-0.117982
852;0.147162;0.252101;-0.155292
853;0.057628;0.511188;0.078451
854;-0.066695;0.188115;0.127290
855;-0.289993;-0.157300;0.088014
856;-0.369592;0.228113;-0.009257
857;0.042508;0.383866;-0.016760
858;-0.012141;0.114832;0.112513
859;-0.046371;-0.210249;0.099107
860;-0.076366;-0.367576;-0.088011
861;-0.010315;-0.347945;-0.023481
862;-0.029330;-0.510913;0.056821
863;0.098526;-0.401528;-0.082304
864;0.005954;-0.043851;-0.120195
865;-0.179600;0.572793;-0.107486
866;0.016484;0.181498;-0.271998
867;0.170008;-0.319731;-0.292542
868;-0.390393;1.066446;-0.030717
869;-0.321626;0.018997;0.497613
870;-0.102182;-0.433849;0.356561
871;-0.340087;-0.208348;0.212170
872;0.001201;0.257591;0.303921
873;-0.026479;-0.086769;0.092303
874;0.095686;-0.100194;0.143694
875;0.074832;-0.163704;0.120574
876;0.226401;-0.072928;-0.065904
877;0.167837;-0.071938;-0.198046
878;0.232033;0.012757;-0.125694
879;0.255517;-0.006687;-0.178758
880;0.205406;-0.080277;-0.200991
881;0.179854;0.104687;-0.238543
882;0.217386;0.169780;-0.171373
883;0.132778;0.541370;0.091416
884;-0.091227;0.329608;0.121073
885;-0.266706;-0.128181;0.070225
886;-0.378144;0.135420;-0.045330
887;-0.000939;0.269098;-0.037146
888;-0.033026;0.042091;0.122268
889;-0.031722;-0.191211;0.128577
890;-0.005189;-0.324030;-0.088112
891;-0.009153;-0.298908;-0.016027
892;-0.021929;-0.500285;0.082252
893;0.104548;-0.401059;-0.070376
894;0.007318;-0.204802;-0.168519
895;-0.140629;0.423921;-0.143527
896;0.113066;0.368098;-0.362047
897;0.198478;-0.174603;-0.461250
898;-0.058054;0.983571;0.310752
899;-0.457890;-0.211737;0.395880
900;-0.178200;-0.504533;0.306395
901;-0.421734;-0.054164;0.289711
902;-0.005350;0.247048;0.197609
903;-0.097209;-0.093796;0.118366
904;0.075550;-0.141968;0.182638
905;0.156491;-0.099971;0.067280
906;0.171534;-0.061252;-0.163052
907;0.237458;-0.049282;-0.178991
908;0.163026;-0.193647;-0.095649
909;0.034439;-0.028935;-0.090527
910;0.109206;0.063142;-0.141301
911;0.335749;0.150374;-0.185541
912;0.401344;0.266201;-0.072345
913;0.096654;0.467771;0.053696
914;-0.132057;0.221143;0.023400
915;-0.313996;-0.225703;0.068338
916;-0.326303;0.106569;-0.013934
917;-0.111355;0.336645;0.003663
918;-0.067308;0.033660;0.081094
919;-0.042791;-0.108279;0.090058
920;-0.005677;-0.293225;-0.054604
921;-0.042062;-0.376033;-0.040948
922;-0.002773;-0.561834;0.084420
923;0.101550;-0.411373;-0.079608
924;-0.113064;0.047004;-0.118662
925;-0.109929;0.688645;-0.188768
926;0.034021;0.003785;-0.306455
927;-0.080263;-0.063235;-0.372635
928;-0.184991;0.856720;0.345460
929;-0.167661;-0.245616;0.259870
930;-0.213758;-0.365779;0.281353
931;-0.182053;0.227302;0.277058
932;-0.059508;0.003704;0.122980
933;0.066702;-0.057106;0.074328
934;0.115351;-0.163861;0.082360
935;0.210180;-0.083453;0.021197
936;0.234967;-0.158061;-0.118567
937;0.306652;-0.111531;-0.102863
938;0.266998;0.094094;-0.147086
939;0.168319;0.043613;-0.127040
940;0.146525;-0.057591;-0.111165
941;0.175976;0.174788;-0.242181
942;0.230327;0.285999;-0.073317
943;-0.024467;0.423604;0.081366
944;-0.164013;0.100336;0.258760
945;-0.363367;-0.210775;0.033412
946;-0.323330;0.225915;-0.041743
947;-0.021845;0.209009;-0.022612
948;-0.006812;-0.078853;0.109366
949;-0.026930;-0.120031;-0.018925
950;0.011683;-0.215996;-0.092667
951;-0.001200;-0.375421;0.035544
952;0.062954;-0.511432;-0.009866
953;0.123948;-0.363623;-0.098833
954;-0.053012;0.137192;-0.031271
955;-0.241780;0.642066;-0.228366
956;0.123468;-0.111385;-0.311550
957;-0.163721;0.130974;-0.144178
958;-0.223004;0.728452;0.383547
959;-0.039745;-0.331923;0.226810
960;-0.188315;-0.519684;0.232752
961;-0.180880;0.227439;0.264810
962;-0.013520;0.052841;0.088144
963;-0.008180;-0.069792;0.073084
964;0.073356;-0.155322;0.117167
965;0.155590;-0.053805;-0.007464
966;0.150012;-0.075459;-0.116191
967;0.231382;-0.152104;-0.070175
968;0.204354;-0.029075;-0.130220
969;0.129387;0.097777;-0.140040
970;0.117000;0.150268;-0.170473
971;0.330260;0.164844;-0.191681
972;0.293751;0.419427;-0.053423
973;0.007234;0.403431;-0.008286
974;-0.186940;-0.069455;0.240524
975;-0.341240;-0.172600;0.020005
976;-0.302936;0.201252;0.010732
977;-0.076208;0.161281;0.086902
978;-0.077609;-0.039631;0.095345
979;-0.056884;-0.164790;-0.019539
980;-0.045657;-0.294976;-0.146896
981;0.011161;-0.304418;0.005402
982;0.146328;-0.399567;-0.037424
983;0.113536;-0.338314;-0.290562
984;-0.048022;0.128840;-0.126142
985;-0.192753;0.599067;-0.026759
986;0.031217;-0.055770;-0.463684
987;-0.074709;0.516208;0.136451
988;-0.358260;-0.014392;0.388374
989;-0.113327;-0.165072;0.126049
990;-0.329799;-0.169756;0.288969
991;-0.014996;0.081263;0.199483
992;-0.002790;-0.058166;0.038799
993;0.015818;-0.082121;0.134111
994;0.097867;-0.208732;0.099539
995;0.157416;-0.081750;-0.049564
996;0.142078;-0.033800;-0.128328
997;0.222380;-0.062048;-0.051692
998;0.153161;0.059102;-0.120895
999;0.123910;0.021297;-0.158343
1000;0.210100;0.067538;-0.195877
1001;0.284518;0.196862;-0.106804
1002;0.253622;0.593969;-0.029056
1003;-0.024721;0.223561;0.082470
1004;-0.205192;-0.171634;0.137772
1005;-0.366419;-0.036700;-0.089634
1006;-0.118961;0.331952;0.079659
1007;0.028813;0.103729;0.124166
1008;-0.043723;0.031204;0.037576
1009;-0.098438;-0.275554;-0.109719
1010;0.046557;-0.339254;0.035617
1011;0.022646;-0.495493;0.032284
1012;0.123788;-0.387706;-0.074522
1013;-0.021463;-0.272554;-0.183610
1014;-0.274024;0.413779;-0.098390
1015;0.087593;0.404446;-0.315759
1016;0.034724;-0.094067;-0.582603
1017;-0.134323;0.852489;0.550916
1018;-0.341509;-0.337944;0.095239
1019;-0.140657;-0.331949;0.225929
1020;-0.248902;0.076063;0.270804
1021;0.089783;0.084874;0.113746
1022;0.004349;-0.061974;0.060636
1023;0.053037;-0.193673;0.153643
1024;0.151765;-0.077615;0.007229
1025;0.090643;-0.076624;-0.167415
1026;0.180135;-0.099803;-0.121291
1027;0.220762;-0.064445;-0.164069
1028;0.123826;-0.058352;-0.110693
1029;0.121738;0.136324;-0.149769
1030;0.219349;0.144774;-0.193875
1031;0.189030;0.312756;-0.027832
1032;0.104137;0.402392;0.040791
1033;-0.043855;-0.094188;0.214789
1034;-0.403717;0.034607;-0.015362
1035;-0.192228;0.260062;-0.033800
1036;0.037120;0.176853;0.089424
1037;-0.097905;-0.014854;0.154609
1038;-0.149073;-0.249763;-0.051388
1039;-0.001770;-0.336394;-0.100810
1040;0.040773;-0.461838;0.010639
1041;0.100843;-0.425752;-0.036176
1042;0.063861;-0.235761;-0.071989
1043;-0.256711;0.337812;-0.074132
1044;-0.151943;0.352474;-0.288395
1045;0.177204;-0.234261;-0.230604
1046;-0.278195;0.767449;0.039358
1047;-0.256545;0.047553;0.354990
1048;-0.184321;-0.383519;0.233204
1049;-0.357197;-0.158352;0.220121
1050;0.036331;0.257786;0.220473
1051;0.043355;-0.050306;0.057512
1052;0.085145;-0.050289;0.144286
1053;0.073440;-0.213894;0.081467
1054;0.154984;-0.008140;-0.043617
1055;0.129539;-0.089034;-0.131791
1056;0.207886;-0.113552;-0.161153
1057;0.195926;-0.079251;-0.129638
1058;0.077309;-0.004782;-0.110015
1059;0.097498;0.068260;-0.182047
1060;0.250065;0.152669;-0.170818
1061;0.298656;0.545934;-0.040102
1062;0.109717;0.338872;0.052720
1063;-0.151621;-0.013198;0.199228
1064;-0.360202;-0.044769;-0.101724
1065;-0.190210;0.311711;0.021678
1066;-0.045834;0.077764;0.163306
1067;0.012866;-0.050813;0.066311
1068;-0.085781;-0.193867;-0.103381
1069;-0.059043;-0.330039;-0.035109
1070;0.039532;-0.466259;0.069769
1071;0.155214;-0.377338;-0.063888
1072;0.058825;-0.288239;-0.174262
1073;-0.143415;0.095356;-0.085927
1074;-0.162978;0.588657;-0.205076
1075;0.187499;-0.089500;-0.334807
1076;-0.220820;0.575883;0.076690
1077;-0.387213;0.149941;0.510090
1078;-0.062474;-0.371471;0.181747
1079;-0.359607;-0.145242;0.201489
1080;0.075420;0.266505;0.226635
1081;-0.014643;-0.103174;0.068079
1082;0.036860;-0.112854;0.143652
1083;0.065711;-0.150123;0.072651
1084;0.177095;-0.026669;-0.086482
1085;0.185902;-0.113110;-0.206800
1086;0.256759;-0.096469;-0.114560
1087;0.224010;-0.074543;-0.157504
1088;0.161473;-0.086933;-0.108522
1089;0.051062;0.060972;-0.129875
1090;0.111745;0.139996;-0.200317
1091;0.122641;0.410356;0.002517
1092;0.139427;0.444052;0.018107
1093;-0.069199;0.015767;0.157573
1094;-0.284938;-0.137016;-0.084076
1095;-0.188333;0.290525;-0.018725
1096;0.036513;0.142261;0.099487
1097;-0.071089;-0.076940;0.132131
1098;-0.103539;-0.135149;-0.030921
1099;-0.036936;-0.265324;-0.089180
1100;0.005718;-0.465828;0.046464
1101;0.091148;-0.432364;0.012531
1102;0.127922;-0.295084;-0.133138
1103;-0.096797;0.100620;-0.109776
1104;-0.234412;0.569530;-0.198640
1105;0.139583;-0.036686;-0.330578
1106;-0.173051;0.118648;-0.259003
1107;-0.119610;0.572377;0.427687
1108;-0.201470;-0.242528;0.197805
1109;-0.296963;-0.282956;0.223058
1110;-0.118819;0.123562;0.246034
1111;0.012329;0.007485;0.137231
1112;0.013288;-0.045100;0.038763
1113;0.060545;-0.189955;0.127080
1114;0.161212;-0.037068;0.026009
1115;0.152004;-0.080733;-0.182041
1116;0.223410;-0.082978;-0.095594
1117;0.230400;-0.093456;-0.113529
1118;0.129415;-0.065585;-0.129779
1119;0.068240;0.090369;-0.161731
1120;0.180631;0.140948;-0.201751
1121;0.274018;0.368499;-0.059334
1122;0.252564;0.374067;0.006653
1123;-0.045759;0.111013;0.145395
1124;-0.272792;-0.109085;-0.077270
1125;-0.294463;0.292535;0.052431
1126;-0.027223;0.168360;0.129711
1127;-0.111289;0.032103;0.049789
1128;-0.101949;-0.112097;-0.017484
1129;0.021807;-0.317059;-0.039650
1130;0.033143;-0.493243;0.075985
1131;-0.008827;-0.480616;0.041000
1132;0.072790;-0.277370;-0.128984
1133;-0.044115;0.019900;-0.074797
1134;-0.261756;0.457463;-0.226976
1135;0.087553;0.171595;-0.323776
1136;0.157836;-0.183475;-0.450342
1137;-0.119135;1.052432;0.412968
1138;-0.290373;-0.372873;0.366143
1139;-0.287051;-0.455050;0.258464
1140;-0.423742;0.203915;0.237857
1141;-0.008875;0.044500;0.188766
1142;0.053098;-0.063583;0.120735
1143;0.166254;-0.093551;0.139595
1144;0.194717;-0.160417;0.019525
1145;0.219248;-0.191555;-0.145629
1146;0.168533;-0.074970;-0.134147
1147;0.163135;0.097682;-0.122351
1148;0.163636;0.083807;-0.189685
1149;0.207949;-0.014008;-0.184965
1150;0.302084;0.036002;-0.258704
1151;0.233665;0.354170;-0.032527
1152;-0.132293;0.566214;0.114939
1153;-0.182293;0.111376;0.238073
1154;-0.185694;-0.203279;-0.038752
1155;-0.311468;0.219782;-0.074975
1156;-0.013468;0.275580;0.041649
1157;-0.118908;-0.032660;0.168935
1158;-0.068061;-0.216807;0.083053
1159;0.010822;-0.373369;-0.100098
1160;-0.007447;-0.402493;0.007267
1161;0.037533;-0.496005;-0.019369
1162;0.096073;-0.328771;-0.113364
1163;-0.095167;0.169969;-0.015765
1164;-0.179704;0.539443;-0.296458
1165;0.191793;-0.068878;-0.227303
1166;-0.097285;-0.031848;-0.475450
1167;0.060555;0.971075;0.462674
1168;-0.044972;-0.249138;0.256900
1169;-0.305821;-0.352624;0.269139
1170;-0.264315;0.171616;0.279235
1171;-0.092083;-0.026319;0.187260
1172;-0.016011;-0.105405;0.108807
1173;0.049009;-0.118380;0.142690
1174;0.194035;-0.109646;0.040952
1175;0.254603;-0.074861;-0.145805
1176;0.266911;-0.056188;-0.129938
1177;0.273086;-0.037772;-0.153036
1178;0.161486;0.015519;-0.161847
1179;0.132657;-0.061914;-0.193462
1180;0.278133;0.105693;-0.243636
1181;0.310040;0.277325;-0.042945
1182;0.024414;0.519475;0.055876
1183;-0.139688;0.184180;0.176784
1184;-0.263976;-0.125806;-0.005961
1185;-0.390408;0.274739;-0.017480
1186;-0.046736;0.264093;0.065891
1187;-0.123754;-0.030749;0.139105
1188;-0.094219;-0.149505;0.028874
1189;-0.018641;-0.245742;-0.108187
1190;-0.000614;-0.398770;0.008534
1191;0.042052;-0.557536;0.102156
1192;0.165560;-0.445261;-0.105860
1193;-0.046068;-0.076903;-0.238916
1194;-0.168784;0.611017;-0.087620
1195;-0.077187;0.325998;-0.304180
1196;0.034413;-0.356970;-0.385025
1197;-0.313527;0.723847;0.173216
1198;-0.275839;0.005318;0.454391
1199;-0.214849;-0.268128;0.210457
1200;-0.312633;-0.081091;0.287857
1201;0.031189;0.164730;0.232869
1202;-0.051337;-0.112873;0.091587
1203;0.066129;-0.024914;0.170284
1204;0.105481;-0.178980;0.064788
1205;0.215704;-0.063307;-0.107740
1206;0.284361;-0.091206;-0.241361
1207;0.302531;-0.098483;-0.158120
1208;0.264859;-0.041476;-0.139332
1209;0.208952;-0.017983;-0.118935
1210;0.144279;-0.052851;-0.171052
1211;0.176747;0.273440;-0.162952
1212;0.163830;0.617272;0.056958
1213;-0.044032;0.365038;0.072804
1214;-0.220869;-0.057411;0.234150
1215;-0.400344;-0.033766;-0.061345
1216;-0.190804;0.427161;0.018131
1217;0.101482;0.123504;0.127037
1218;0.006710;-0.144664;0.110925
1219;-0.080553;-0.237625;-0.049835
1220;-0.003420;-0.381264;-0.031288
1221;0.029510;-0.511376;0.081929
1222;0.094343;-0.468010;-0.095339
1223;0.053163;-0.341213;-0.190049
1224;-0.232828;0.223360;-0.080872
1225;-0.247523;0.632037;-0.176723
1226;0.235370;-0.177337;-0.534043
1227;-0.097303;0.610011;-0.007988
1228;-0.102387;0.225990;0.516309
1229;-0.107327;-0.294210;0.302457
1230;-0.447779;-0.348021;0.243970
1231;-0.122067;0.149824;0.281088
1232;-0.056600;0.021848;0.198269
1233;0.065505;-0.104944;0.083308
1234;0.131310;-0.212384;0.068008
1235;0.284812;-0.136077;-0.051624
1236;0.207781;-0.024277;-0.187177
1237;0.244959;0.119718;-0.180226
1238;0.326969;0.010104;-0.246529
1239;0.203821;-0.041247;-0.166172
1240;0.138170;-0.027647;-0.138532
1241;0.197635;0.152858;-0.218331
1242;0.147030;0.579217;0.054486
1243;-0.175665;0.502651;0.125732
1244;-0.290353;-0.041724;0.235049
1245;-0.334242;-0.183322;-0.048884
1246;-0.135065;0.197020;-0.021222
1247;0.097900;0.067262;0.076422
1248;-0.055543;-0.129213;0.116812
1249;-0.079186;-0.204935;-0.022493
1250;0.003568;-0.282347;-0.099998
1251;-0.005648;-0.403168;-0.007405
1252;0.128785;-0.417732;-0.038562
1253;0.095354;-0.321163;-0.133681
1254;-0.198455;0.267875;0.002908
1255;-0.108097;0.627650;-0.310065
1256;0.212637;-0.254360;-0.280811
1257;-0.253723;0.162570;-0.210436
1258;-0.154291;0.549251;0.462130
1259;-0.327984;-0.223864;0.142815
1260;-0.291366;-0.405177;0.180077
1261;0.001729;0.273918;0.325649
1262;0.045831;0.052583;0.140426
1263;0.043370;-0.088630;0.064839
1264;0.086403;-0.232022;0.078469
1265;0.202201;-0.099662;-0.110041
1266;0.203097;-0.084723;-0.158231
1267;0.303588;-0.086956;-0.128756
1268;0.278086;-0.105232;-0.095357
1269;0.086387;0.114036;-0.136536
1270;0.145158;-0.001722;-0.110093
1271;0.325319;0.190983;-0.186755
1272;0.221651;0.490934;-0.044206
1273;0.071420;0.440438;0.046995
1274;-0.111929;0.079620;0.199252
1275;-0.326175;-0.223338;-0.072595
1276;-0.294970;0.274600;0.018733
1277;-0.006979;0.185251;0.077323
1278;-0.016973;-0.067472;0.117924
1279;-0.097985;-0.115319;-0.031244
1280;-0.013164;-0.346288;-0.056024
1281;0.018429;-0.459647;0.070920
1282;0.079538;-0.438003;-0.040350
1283;0.117608;-0.380839;-0.181468
1284;-0.079554;0.051330;-0.086518
1285;-0.289764;0.826159;-0.157969
1286;0.198540;0.124728;-0.370862
1287;-0.138705;-0.005607;-0.120567
1288;-0.283274;0.699557;0.607644
1289;-0.101586;-0.368963;0.088498
1290;-0.284308;-0.402485;0.242715
1291;0.008465;0.272868;0.321250
1292;-0.054660;-0.026192;0.118427
1293;0.000058;-0.081951;0.133483
1294;0.144964;-0.248450;0.091794
1295;0.166966;-0.102893;-0.105795
1296;0.185687;-0.012811;-0.203580
1297;0.253043;-0.040894;-0.147904
1298;0.209652;0.050033;-0.149766
1299;0.076122;0.023674;-0.150545
1300;0.200111;-0.017905;-0.202930
1301;0.262110;0.200311;-0.224237
1302;0.166281;0.479782;-0.050231
1303;-0.005558;0.337332;0.059599
1304;-0.186184;-0.135409;0.189503
1305;-0.426263;0.022353;-0.031860
1306;-0.146692;0.300783;-0.049610
1307;0.078299;0.148852;0.119734
1308;-0.026375;-0.012788;0.145384
1309;-0.065647;-0.295287;-0.038633
1310;0.016427;-0.417920;-0.035858
1311;0.002979;-0.476844;0.011365
1312;0.036642;-0.457220;-0.024493
1313;-0.049910;-0.233871;-0.014280
1314;-0.345447;0.744149;-0.083365
1315;0.089503;0.419018;-0.489156
1316;0.286372;-0.445030;-0.186467
1317;-0.355869;0.641942;-0.047650
1318;-0.323100;0.331506;0.419139
1319;-0.300548;-0.446944;0.176289
1320;-0.325912;-0.452281;0.215745
1321;0.115322;0.424615;0.363245
1322;-0.079467;-0.078430;0.086391
1323;0.081766;-0.054516;0.112236
1324;0.127934;-0.292065;0.062083
1325;0.220336;-0.098814;-0.114431
1326;0.189146;-0.020609;-0.167136
1327;0.228958;0.078007;-0.128061
1328;0.246140;0.103808;-0.174361
1329;0.165815;-0.078083;-0.163844
1330;0.187818;-0.099283;-0.178026
1331;0.261387;0.260918;-0.177309
1332;0.204104;0.569210;0.018682
1333;-0.071586;0.251127;0.122191
1334;-0.288942;-0.131568;0.106238
1335;-0.394500;0.143320;-0.036063
1336;-0.055361;0.296406;-0.067511
1337;0.018829;0.062536;0.125205
1338;-0.038163;-0.130813;0.131410
1339;-0.055726;-0.324666;-0.032831
1340;0.031264;-0.324562;-0.007389
1341;-0.025330;-0.442874;0.023126
1342;0.029607;-0.387775;-0.075612
1343;-0.083203;-0.121727;-0.048474
1344;-0.186631;0.601570;-0.111918
1345;0.026965;0.221224;-0.385222
1346;0.252621;-0.368251;-0.198137
1347;-0.281093;0.541351;-0.166446
1348;-0.333499;0.423069;0.415778
1349;-0.260156;-0.365856;0.245543
1350;-0.206082;-0.457733;0.263822
1351;0.003830;0.342985;0.305947
1352;-0.109941;-0.050004;0.137177
1353;0.058270;0.017114;0.092442
1354;0.092647;-0.253164;0.094512
1355;0.233732;-0.051676;-0.054361
1356;0.247123;-0.022253;-0.179506
1357;0.274914;-0.024998;-0.188248
1358;0.238509;-0.014654;-0.134356
1359;0.170965;-0.093827;-0.163407
1360;0.143598;-0.132974;-0.108089
1361;0.218184;0.178913;-0.183061
1362;0.171432;0.351156;-0.004087
1363;0.072013;0.373722;0.049753
1364;-0.045607;0.073535;0.097806
1365;-0.430912;-0.168202;-0.007192
1366;-0.271370;0.248270;-0.052792
1367;-0.029838;0.281871;0.006979
1368;0.028390;-0.028964;0.117139
1369;-0.035970;-0.089590;0.065552
1370;-0.050230;-0.214759;-0.065348
1371;-0.046619;-0.388402;0.031868
1372;-0.010921;-0.483894;0.032222
1373;0.051495;-0.376549;-0.087473
1374;-0.075765;-0.138712;-0.146334
1375;-0.174356;0.467282;-0.200952
1376;0.188024;0.335123;-0.317127
1377;0.284386;-0.413053;-0.231071
1378;-0.387390;0.681432;-0.084750
1379;-0.358833;0.336820;0.543176
1380;-0.236409;-0.537101;0.177834
1381;-0.340667;-0.344978;0.281735
1382;0.030507;0.434823;0.296795
1383;-0.021308;-0.125388;0.132132
1384;0.133002;-0.036727;0.091137
1385;0.107333;-0.174711;0.069418
1386;0.232407;-0.050053;-0.097767
1387;0.206026;-0.159383;-0.198143
1388;0.268620;-0.006802;-0.166971
1389;0.201270;-0.104787;-0.141656
1390;0.121177;-0.062527;-0.092467
1391;0.084491;0.050384;-0.193275
1392;0.186314;0.226979;-0.205481
1393;0.275628;0.430411;-0.000586
1394;0.137115;0.352470;0.003993
1395;-0.104526;-0.139054;0.196942
1396;-0.443215;0.041300;-0.012012
1397;-0.189288;0.333758;-0.065639
1398;0.099067;0.166312;0.145171
1399;-0.045419;-0.047809;0.139279
1400;-0.171205;-0.231498;-0.072692
1401;-0.045162;-0.381558;-0.027891
1402;0.054442;-0.446570;0.110129
1403;0.012680;-0.370295;-0.092862
1404;0.114272;-0.300360;-0.198982
1405;-0.071440;0.081874;-0.119581
1406;-0.281745;0.773327;-0.162228
1407;0.068422;-0.166338;-0.312786
1408;-0.422168;0.602612;0.032690
1409;-0.229505;-0.005692;0.383864
1410;-0.148521;-0.387556;0.118626
1411;-0.291871;-0.123211;0.280150
1412;0.047781;0.212714;0.218655
1413;0.023537;-0.084571;0.008947
1414;0.107784;-0.051515;0.138843
1415;0.083794;-0.187372;0.090810
1416;0.122085;-0.042789;-0.040654
1417;0.129056;-0.118424;-0.190512
1418;0.217970;-0.110425;-0.148986
1419;0.162540;-0.086511;-0.096585
1420;0.170234;0.082379;-0.133939
1421;0.241347;0.131891;-0.223376
1422;0.210442;0.259261;-0.128205
1423;0.131946;0.583352;0.030120
1424;-0.028890;0.182145;0.079955
1425;-0.193707;-0.327560;0.001742
1426;-0.305511;-0.024562;-0.061158
1427;-0.066684;0.431344;0.018272
1428;0.009154;0.144043;0.153597
1429;-0.116713;-0.035254;0.053130
1430;-0.125661;-0.264661;-0.126764
1431;0.011411;-0.320347;0.052333
1432;-0.053355;-0.513799;0.036834
1433;0.110788;-0.388197;-0.084703
1434;0.163624;-0.343157;-0.214039
1435;-0.080581;0.078307;-0.145582
1436;-0.171522;0.709282;-0.072420
1437;-0.079033;0.192970;-0.716370
1438;0.057266;0.829568;0.387198
1439;-0.421849;-0.439720;0.360251
1440;-0.039982;-0.427348;0.233912
1441;-0.469708;0.124000;0.236026
1442;0.036997;0.126307;0.143372
1443;0.070600;-0.077868;0.028178
1444;0.079135;-0.121501;0.181848
1445;0.122163;-0.102697;0.015786
1446;0.137562;-0.061099;-0.107612
1447;0.163113;-0.056796;-0.134117
1448;0.249501;-0.092583;-0.158287
1449;0.253454;-0.098742;-0.113419
1450;0.187132;0.068000;-0.143719
1451;0.219851;0.125450;-0.162077
1452;0.243521;0.339504;-0.107026
1453;0.100753;0.420348;-0.032177
1454;0.001330;0.136511;0.158766
1455;-0.321160;-0.258102;0.061419
1456;-0.401952;-0.002097;-0.071366
1457;-0.062171;0.285440;0.058841
1458;0.013645;0.148530;0.102202
1459;-0.049421;0.024999;0.014536
1460;-0.071210;-0.176931;-0.098448
1461;-0.045993;-0.399458;-0.028820
1462;-0.017247;-0.437434;0.001559
1463;0.163466;-0.370161;-0.112914
1464;0.150748;-0.274492;-0.153771
1465;-0.137481;0.243422;-0.066841
1466;-0.181505;0.469605;-0.226995
1467;0.161720;-0.149632;-0.321059
1468;-0.419746;0.784539;0.010981
1469;-0.443928;0.036534;0.437977
1470;-0.017456;-0.539898;0.206966
1471;-0.253753;-0.297208;0.229951
1472;0.114298;0.421987;0.209940
1473;-0.033998;-0.100677;0.079880
1474;0.085586;-0.077503;0.130951
1475;0.072989;-0.210387;0.080857
1476;0.124935;0.001081;-0.038035
1477;0.159885;-0.074304;-0.119730
1478;0.195500;-0.136036;-0.156036
1479;0.242353;-0.064147;-0.174878
1480;0.242992;-0.095648;-0.067577
1481;0.239232;0.091455;-0.115561
1482;0.227017;0.234962;-0.251492
1483;0.233213;0.535733;-0.098565
1484;0.112196;0.290287;0.049196
1485;-0.174280;-0.193370;0.195757
1486;-0.454222;0.079773;-0.019160
1487;-0.231452;0.360606;0.024077
1488;-0.029558;0.177348;0.129865
1489;-0.145676;-0.033099;0.089904
1490;-0.123050;-0.218114;-0.102138
1491;0.051630;-0.331131;-0.036130
1492;0.085735;-0.488062;0.069061
1493;0.120738;-0.430937;-0.100530
1494;0.062456;-0.258714;-0.191792
1495;-0.150051;0.293737;-0.031148
1496;-0.112568;0.486940;-0.209127
1497;0.209403;-0.256984;-0.255613
1498;-0.374293;0.559217;-0.097421
1499;-0.212183;0.200108;0.404019
1500;-0.071826;-0.346889;0.185277
1501;-0.267373;-0.381498;0.155765
1502;0.053958;0.273667;0.253042
1503;0.070853;-0.072579;0.068204
1504;0.107704;-0.027808;0.082486
1505;0.055295;-0.255598;0.100944
1506;0.099326;-0.095867;0.001024
1507;0.018379;-0.047876;-0.149319
1508;0.102038;-0.067660;-0.108163
1509;0.193014;-0.063764;-0.115201
1510;0.134692;0.054332;-0.158029
1511;0.174920;0.160893;-0.174095
1512;0.316851;0.235976;-0.203226
1513;0.209727;0.453470;-0.050598
1514;0.029950;0.252303;0.030336
1515;-0.236205;-0.127094;0.138285
1516;-0.414701;0.059500;-0.003983
1517;-0.075271;0.220982;-0.040243
1518;0.084127;0.074355;0.102293
1519;-0.111672;-0.137145;0.062405
1520;-0.108932;-0.182378;-0.052042
1521;-0.000842;-0.263108;-0.014886
1522;-0.050275;-0.366702;0.004299
1523;0.099444;-0.337814;-0.048203
1524;0.088017;-0.256154;-0.104729
1525;-0.078978;0.136423;-0.066401
1526;-0.123479;0.265186;-0.253591
1527;0.077941;-0.036066;-0.227955
1528;-0.165827;0.246485;-0.564046
1529;0.062779;1.030782;0.467564
1530;-0.236020;-0.450302;0.148380
1531;-0.198560;-0.584844;0.199985
1532;-0.204971;0.188208;0.265855
1533;-0.080937;0.131450;0.177939
1534;-0.031752;-0.196091;0.017156
1535;0.035673;-0.111766;0.123589
1536;0.092507;-0.062469;0.063310
1537;0.182732;-0.029285;-0.083955
1538;0.178050;-0.085618;-0.178232
1539;0.194277;-0.092927;-0.166807
1540;0.206347;-0.045293;-0.173579
1541;0.142328;-0.051707;-0.138180
1542;0.103308;0.190755;-0.156986
1543;0.144726;0.221224;-0.214444
1544;0.238888;0.426842;-0.029001
1545;0.172245;0.249331;0.016125
1546;-0.147983;-0.072993;0.200655
1547;-0.443543;-0.068424;-0.005294
1548;-0.201281;0.145801;0.077991
1549;0.025806;0.144299;0.069563
1550;-0.153404;0.010101;0.053184
1551;-0.113253;-0.130994;0.025761
1552;0.027819;-0.314657;-0.023013
1553;-0.067025;-0.335003;-0.009779
1554;0.014007;-0.294100;-0.128540
1555;0.185320;-0.251399;-0.097045
1556;0.024625;-0.133617;-0.126508
1557;-0.091092;0.329619;-0.143762
1558;-0.109269;0.185716;-0.228261
1559;0.058170;-0.129121;-0.289865
1560;-0.152866;0.654302;0.171244
1561;-0.495954;0.089947;0.399464
1562;-0.048888;-0.323404;0.256000
1563;-0.199132;-0.012909;0.234975
1564;-0.086275;0.048058;0.210013
1565;-0.029780;-0.095314;0.078934
1566;0.084509;-0.090866;0.137314
1567;0.100457;-0.142592;0.062290
1568;0.202060;0.018752;-0.077247
1569;0.163959;-0.000993;-0.176983
1570;0.165043;0.004797;-0.124688
1571;0.171413;-0.011829;-0.177157
1572;0.138361;0.016146;-0.109168
1573;0.159319;-0.050766;-0.073183
1574;0.172058;-0.049903;-0.141135
1575;0.176729;0.188987;-0.029877
1576;0.185022;0.300571;-0.051963
1577;0.102518;0.196602;-0.058050
1578;-0.074735;0.108508;-0.077204
1579;-0.104245;-0.119788;-0.039259
1580;-0.146975;-0.147835;0.061848
1581;-0.255536;0.048235;0.106208
1582;-0.248715;0.115763;0.084930
1583;-0.143912;0.122890;-0.089475
1584;-0.007013;0.036189;0.003074
1585;-0.015031;-0.074755;0.024948
1586;-0.080086;-0.166960;-0.040212
1587;-0.027810;-0.222909;-0.048372
1588;0.017873;-0.091242;-0.025665
1589;0.093968;-0.037149;-0.134983
1590;0.098485;-0.056411;-0.042551
1591;-0.077231;-0.110176;0.008689
1592;-0.064826;-0.027353;-0.055700
1593;-0.073879;0.453722;0.011832
1594;0.030123;-0.020474;0.176500
1595;-0.067226;-0.190332;0.040836
1596;-0.085174;-0.106603;-0.004767
1597;0.009993;0.011260;0.034117
1598;0.045222;0.094346;0.003682
1599;0.046367;0.011116;-0.047755
1600;0.058293;-0.041868;-0.037267
1601;0.074227;0.023553;-0.023786
1602;0.044108;0.009783;-0.075175
1603;0.016223;-0.033094;-0.078036
1604;-0.013775;-0.021058;-0.070397
1605;-0.015307;-0.025780;-0.069723
1606;-0.024591;-0.019790;-0.056675
1607;-0.017768;-0.000368;-0.037839
1608;-0.017751;-0.004023;-0.035279
1609;0.007381;-0.018420;-0.048169
1610;0.019997;-0.006288;-0.039142
1611;0.013754;-0.011252;-0.048959
1612;0.025875;-0.008110;-0.040402
1613;0.012612;-0.010422;-0.020770
1614;-0.007464;-0.007915;-0.011726
1615;-0.005071;0.004490;-0.010458
1616;0.005808;-0.004819;0.001180
1617;-0.002955;0.008465;0.012989
1618;-0.014565;-0.001285;0.001838
1619;-0.022372;-0.017073;-0.004052
1620;-0.003647;0.004947;-0.000753
1621;0.006170;-0.014963;-0.005470
1622;0.020745;-0.006216;0.003387
1623;0.016741;0.004703;-0.000826
1624;-0.001161;-0.006113;-0.005732
1625;-0.010938;-0.010172;-0.008547
1626;-0.026517;-0.005172;-0.011773
1627;-0.028508;-0.006136;-0.003461
1628;-0.018367;-0.008759;-0.000067
1629;-0.019813;-0.010149;-0.008271
1630;-0.012753;-0.007247;-0.006902
1631;-0.025232;-0.011851;-0.009691
1632;-0.022758;-0.013959;-0.015185
1633;-0.000788;-0.004339;-0.009494
1634;0.003498;-0.009966;-0.004220
1635;0.010660;-0.007095;-0.008033
1636;0.000907;-0.007345;-0.006603
1637;-0.008998;-0.006563;-0.003856
1638;-0.023078;-0.003555;0.003199
1639;-0.013703;-0.009989;0.002297
1640;-0.007603;0.000838;-0.011222
1641;0.001557;-0.008918;-0.002062
1642;0.008543;-0.013181;-0.004408
1643;-0.000726;-0.002481;-0.012052
1644;0.002365;0.001510;-0.010014
1645;0.002686;-0.006805;-0.007549
1646;0.003018;-0.005861;-0.008960
1647;0.003178;-0.003210;-0.002819
1648;-0.002695;-0.008834;-0.003698
1649;-0.001896;-0.008596;-0.004986
1650;-0.000167;-0.004207;0.000091
1651;0.002699;-0.001914;-0.002296
1652;0.001300;-0.001873;0.001119
1653;0.006100;-0.010000;-0.003057
1654;0.004226;-0.007918;0.000914
1655;-0.001424;-0.000108;-0.003068
1656;0.001597;-0.005838;-0.004750
1657;0.004492;-0.006671;-0.002250