index;x;y;z
0;-0.000432;0.001255;-0.004700
1;0.014714;-0.009515;-0.004576
2;0.002204;-0.000792;-0.007224
3;-0.009325;-0.005725;-0.000087
4;-0.008248;-0.009539;0.008488
5;-0.010018;-0.002156;0.005787
6;0.008915;-0.003044;0.002264
7;0.020280;-0.004893;0.005423
8;0.003901;-0.001888;0.001443
9;-0.008807;-0.007042;-0.007617
10;0.003728;-0.004548;-0.008294
11;0.007619;-0.001828;-0.005072
12;0.014817;-0.004396;-0.003703
13;0.008324;-0.004550;-0.001822
14;-0.004419;-0.005229;0.003626
15;-0.005213;-0.004171;0.009477
16;-0.006922;-0.006068;0.004897
17;-0.003292;-0.002450;0.006087
18;-0.001025;0.000900;0.007325
19;-0.004013;0.001940;0.010582
20;-0.003098;-0.011952;-0.001029
21;0.005021;-0.002559;-0.001668
22;0.000526;0.000479;0.002271
23;0.001892;-0.007199;-0.003992
24;0.000596;-0.006207;0.002011
25;0.004625;-0.003051;-0.000748
26;0.002609;-0.005205;-0.001202
27;0.003056;-0.008674;-0.000627
28;0.001483;-0.001054;-0.001821
29;-0.004619;-0.003862;0.001472
30;-0.009563;-0.006005;0.000848
31;-0.011625;-0.008169;-0.001520
32;-0.006982;-0.004863;0.003271
33;-0.003571;-0.001979;0.001621
34;-0.003596;-0.002195;-0.000454
35;-0.004010;-0.003391;0.001557
36;0.002284;-0.003571;0.000778
37;0.001849;-0.005513;0.002533
38;0.002522;-0.006104;-0.001055
39;0.008924;-0.000043;-0.001945
40;0.006018;-0.003355;0.001208
41;0.006198;-0.003766;0.001803
42;-0.005959;-0.004008;0.001490
43;-0.006240;-0.006397;0.004193
44;-0.007432;-0.000333;0.005769
45;0.003193;-0.003850;0.001335
46;0.009389;-0.003165;-0.000145
47;0.001165;-0.007314;-0.001970
48;-0.001444;-0.002415;0.000942
49;-0.006295;-0.004783;-0.000917
50;-0.008809;-0.006346;0.001649
51;-0.001875;-0.001878;0.000799
52;-0.002731;-0.005875;-0.003233
53;-0.001229;-0.003822;0.001057
54;0.001429;-0.006604;-0.000868
55;0.006965;-0.004712;0.000893
56;0.002859;-0.000787;0.002327
57;0.004333;-0.006135;0.000695
58;0.010031;-0.003464;0.000551
59;0.007269;-0.003286;-0.000988
60;0.003489;-0.008290;0.000288
61;0.002832;-0.004412;0.000166
62;-0.004193;-0.001766;0.001559
63;-0.006454;-0.003597;0.001380
64;-0.002047;-0.005466;0.002123
65;0.001736;-0.004460;0.002930
66;0.000252;-0.004871;0.000896
67;-0.002251;0.000384;0.002016
68;0.000890;-0.007918;-0.000683
69;0.000848;-0.005238;0.000046
70;0.000198;-0.002351;-0.000266
71;-0.000597;-0.006670;0.000923
72;0.000297;-0.001556;0.002026
73;0.002614;-0.006598;0.000628
74;0.002353;-0.002629;0.001247
75;0.000765;-0.003911;0.001597
76;-0.001736;-0.004908;0.002642
77;-0.000386;-0.003166;0.001397
78;0.000552;-0.005383;0.000815
79;0.002342;-0.002627;0.002274
80;-0.002604;-0.005188;0.002764
81;-0.000893;-0.002140;0.002272
82;-0.001896;-0.003984;0.000528
83;0.003453;-0.006899;0.000272
84;0.001501;-0.003741;-0.000643
85;0.003549;-0.006123;-0.000709
86;0.002043;-0.002423;0.000692
87;0.000964;-0.007230;0.000167
88;-0.001119;-0.000960;0.001148
89;-0.002562;-0.002987;0.001368
90;-0.000770;-0.002525;-0.001935
91;-0.001356;-0.005736;-0.002897
92;0.000266;-0.004975;-0.001434
93;0.001121;-0.009333;-0.004407
94;0.002903;-0.009175;-0.003428
95;0.004884;-0.016756;-0.003557
96;0.005968;-0.010837;0.007985
97;-0.000879;-0.003566;0.016810
98;-0.014206;0.008128;0.031930
99;-0.001983;0.000219;0.031902
100;0.014284;-0.002324;0.029303
101;0.032095;-0.024570;0.033480
102;0.032213;-0.013474;0.049200
103;0.014727;0.004058;0.040113
104;-0.023884;-0.023413;0.058266
105;-0.054668;0.037295;0.041634
106;-0.072915;0.058314;0.071522
107;-0.073607;0.025915;0.015608
108;-0.063481;0.042229;-0.070502
109;-0.048336;0.063390;-0.117286
110;0.085544;-0.048273;-0.034544
111;0.073230;-0.021524;-0.006190
112;-0.081449;-0.001497;0.003653
113;-0.105866;-0.117307;-0.005953
114;-0.058934;-0.156810;-0.020937
115;0.044437;-0.149254;-0.076728
116;0.096673;-0.135996;-0.124852
117;0.064101;-0.044038;-0.160220
118;0.077134;-0.011901;-0.179277
119;-0.034991;-0.038575;-0.331448
120;-0.077383;0.684296;0.077997
121;0.050305;-0.106800;0.024393
122;0.021586;-0.189554;0.063515
123;-0.131221;-0.120618;0.030391
124;-0.087613;-0.040806;0.035880
125;-0.050625;0.056968;0.136390
126;-0.025816;-0.052322;0.123103
127;0.019015;-0.064060;0.074750
128;-0.004866;-0.107261;0.158178
129;-0.110889;0.008944;0.115649
130;-0.084326;0.180294;0.028194
131;0.158351;0.093151;0.033870
132;0.233016;-0.046814;0.012745
133;0.146023;-0.076876;-0.019854
134;0.111306;-0.010926;-0.032327
135;0.125980;0.023373;-0.070300
136;0.168841;0.022924;-0.082795
137;0.239291;-0.007654;-0.068983
138;0.218202;-0.035571;-0.026174
139;0.099762;0.020443;0.021511
140;-0.024157;0.154050;0.012277
141;-0.079253;0.182346;0.001095
142;0.001610;0.087209;0.055102
143;-0.015213;-0.050462;0.059981
144;-0.099706;-0.107514;0.101647
145;-0.223832;-0.154634;0.128484
146;-0.229848;-0.074424;0.023335
147;-0.139202;0.039810;-0.087845
148;-0.089611;0.146487;-0.042410
149;-0.082079;0.139770;0.009663
150;-0.076970;0.003547;-0.005935
151;-0.107653;-0.112252;-0.028346
152;-0.096703;-0.108231;-0.026277
153;-0.066944;-0.018950;-0.029655
154;-0.056407;0.040968;-0.043037
155;-0.069460;-0.041125;-0.045483
156;-0.133323;-0.103661;-0.002012
157;-0.146696;-0.012005;-0.030914
158;-0.095305;0.038373;-0.003048
159;-0.118463;-0.027113;-0.031284
160;-0.157409;0.077161;0.070702
161;-0.100970;0.282611;-0.036508
162;0.018227;-0.013617;0.062989
163;0.098429;-0.080275;0.101613
164;0.068990;-0.044596;-0.015501
165;-0.005958;-0.150331;-0.043169
166;0.121165;-0.136119;0.008490
167;0.142482;-0.082532;0.014292
168;0.020328;0.088655;0.104014
169;0.017355;0.154748;0.068678
170;0.065346;0.066199;0.042845
171;0.107421;-0.063299;0.045098
172;0.090845;-0.056294;0.030176
173;0.084673;-0.036587;0.019832
174;0.126368;-0.023273;0.008788
175;0.156829;-0.009830;-0.001967
176;0.128299;0.018674;0.009210
177;0.042135;0.037075;-0.030790
178;-0.013596;0.043212;0.013157
179;-0.045220;0.150397;0.038811
180;-0.112402;0.118515;0.072402
181;-0.094147;-0.039560;0.112223
182;-0.091530;-0.012940;-0.155819
183;-0.013879;0.094541;-0.107195
184;0.032332;0.183429;0.003141
185;-0.005890;-0.064234;0.037574
186;-0.120608;-0.203077;-0.051828
187;-0.219881;-0.181521;-0.013661
188;-0.066092;-0.197141;0.018531
189;0.036782;-0.100166;-0.071997
190;-0.021214;-0.017642;-0.089118
191;-0.022473;0.007564;-0.116906
192;-0.024303;-0.048001;-0.065542
193;-0.098105;-0.076202;-0.133173
194;-0.366265;0.309530;-0.028320
195;-0.057344;0.109775;0.032164
196;-0.003113;-0.125508;0.076705
197;-0.270427;0.187041;0.202624
198;-0.023801;-0.044259;0.177879
199;0.086486;-0.047120;0.207204
200;-0.044058;-0.020092;0.104094
201;-0.001707;-0.020958;0.013168
202;0.038967;-0.030114;0.046739
203;0.115550;-0.046927;0.082831
204;0.093722;-0.130733;0.002166
205;0.115477;-0.097116;-0.119872
206;0.091439;-0.136316;0.046409
207;0.023446;0.114880;-0.020863
208;0.046752;0.217502;-0.115493
209;0.217361;0.003023;-0.070238
210;0.198496;-0.088638;-0.047975
211;0.065720;-0.057508;0.007341
212;-0.023770;0.088211;-0.014201
213;-0.100583;0.255532;-0.048518
214;0.028864;0.187684;0.077988
215;-0.029089;0.051100;0.117667
216;-0.225017;-0.102093;0.129991
217;-0.277078;0.022546;-0.042734
218;-0.146031;0.132134;-0.034062
219;0.027660;0.033369;0.067314
220;0.019638;-0.107304;0.037462
221;-0.106586;-0.133965;-0.029234
222;-0.110293;-0.117652;0.026532
223;-0.058171;-0.223875;0.009791
224;0.082189;-0.118136;-0.056278
225;0.072069;-0.001735;-0.065679
226;-0.010456;0.017914;-0.096140
227;-0.041813;-0.044685;-0.102927
228;-0.103402;-0.160253;-0.060052
229;-0.402965;0.260809;-0.031343
230;-0.067293;0.181981;-0.070856
231;0.119188;-0.100569;0.017242
232;-0.187689;0.149698;0.043784
233;-0.204460;0.196570;0.161361
234;0.050937;-0.168315;0.243538
235;0.070285;-0.081349;0.149021
236;-0.038710;0.030389;0.111141
237;-0.013989;0.014224;0.005440
238;0.032620;-0.063727;0.049523
239;0.091217;-0.096720;0.044211
240;0.123634;-0.073549;-0.038323
241;0.125396;-0.146104;-0.114083
242;0.124237;-0.101813;-0.034358
243;0.030561;-0.028800;-0.049460
244;0.113480;0.166170;-0.135513
245;0.248895;0.070854;-0.077158
246;0.162938;0.012407;0.003917
247;0.120972;0.239157;-0.051977
248;0.005386;0.286030;-0.036981
249;-0.119875;0.131135;0.096729
250;-0.204775;-0.056925;0.176854
251;-0.316009;-0.045587;0.047431
252;-0.229549;0.205584;0.028571
253;-0.045889;0.189107;0.044108
254;-0.028302;-0.110578;0.081640
255;-0.080939;-0.345211;0.015919
256;-0.107027;-0.195726;-0.031413
257;-0.063576;-0.149586;0.041864
258;0.088788;-0.229799;-0.024229
259;0.041603;-0.199423;-0.076775
260;-0.006688;0.034111;-0.137364
261;0.075603;0.216234;-0.142819
262;-0.089878;-0.036693;-0.182208
263;-0.214490;-0.019183;-0.233709
264;-0.182268;0.467992;0.157959
265;0.015807;-0.105626;0.016745
266;-0.195443;0.018309;0.055558
267;-0.308325;0.224317;0.262782
268;0.039749;-0.097811;0.273382
269;-0.013210;-0.011080;0.056928
270;0.000451;0.005176;0.059482
271;0.009120;-0.100952;0.142359
272;0.133387;-0.106578;0.053622
273;0.190339;-0.157917;0.018982
274;0.133391;-0.176175;-0.134867
275;0.130492;-0.088757;-0.059257
276;0.073877;-0.034163;-0.058663
277;0.176835;0.156334;-0.109613
278;0.259040;0.075951;-0.105272
279;0.144338;0.009335;-0.018807
280;0.077330;0.353835;0.032152
281;-0.128107;0.290193;-0.021910
282;-0.209194;0.051885;0.132822
283;-0.074106;-0.177801;0.183452
284;-0.244980;0.028205;0.043665
285;-0.309788;0.316855;0.021310
286;-0.053147;0.077643;0.074046
287;0.044569;-0.182146;0.028155
288;-0.103101;-0.173414;-0.072615
289;-0.111556;-0.162791;-0.040037
290;0.050506;-0.400878;0.042435
291;0.111516;-0.265301;-0.134234
292;0.031064;-0.047996;-0.136009
293;-0.022930;0.051075;-0.222003
294;0.017567;0.047378;-0.186970
295;0.038785;-0.167247;-0.236914
296;-0.376500;0.751067;0.024154
297;-0.102685;0.161548;0.131390
298;-0.073792;-0.323328;0.052858
299;-0.232411;-0.019055;0.338056
300;0.018593;0.168923;0.410637
301;-0.112889;-0.023803;0.151587
302;-0.066157;-0.049605;0.104179
303;-0.019633;-0.155779;0.127324
304;0.170527;-0.108883;0.088791
305;0.160802;-0.175603;-0.073457
306;0.196777;-0.109249;-0.091877
307;0.096230;-0.158794;-0.048303
308;0.024739;0.003846;-0.089716
309;0.147959;0.297682;-0.126023
310;0.329648;0.069493;-0.070148
311;0.215982;0.160146;0.009688
312;-0.002391;0.407678;0.045953
313;-0.150406;0.109859;0.102437
314;-0.302303;-0.122120;0.131899
315;-0.296569;-0.033379;-0.006283
316;-0.210884;0.406919;-0.010774
317;0.011003;0.120220;0.143767
318;-0.008413;-0.192142;0.006300
319;-0.121959;-0.275083;-0.061140
320;-0.105352;-0.272420;-0.045479
321;0.056728;-0.362375;0.021488
322;0.155441;-0.316766;-0.124375
323;-0.018663;-0.033275;-0.151961
324;-0.070605;0.296969;-0.129316
325;0.024486;0.085068;-0.223339
326;0.006692;-0.345536;-0.339312
327;-0.327163;0.966445;0.031400
328;-0.263730;0.067653;0.259649
329;-0.108035;-0.328891;0.221916
330;-0.242328;-0.062424;0.395646
331;-0.013224;0.093702;0.233337
332;-0.092152;-0.041396;0.090657
333;0.040535;-0.093430;0.177093
334;0.099898;-0.138996;0.129036
335;0.199880;-0.141618;-0.126546
336;0.177002;-0.287894;-0.072561
337;0.018044;-0.090165;-0.016913
338;-0.021669;0.283280;-0.137929
339;0.294270;0.086646;-0.138193
340;0.282555;-0.125349;-0.085411
341;0.172042;-0.031506;-0.067105
342;0.274500;0.374515;0.061343
343;0.003853;0.406055;0.022301
344;-0.342296;0.228048;0.177835
345;-0.275598;-0.226669;0.052318
346;-0.186718;0.131263;0.026423
347;-0.220817;0.319704;0.045899
348;-0.051515;-0.053588;0.088034
349;0.007412;-0.234292;0.066652
350;-0.053950;-0.285854;-0.063778
351;-0.140340;-0.248683;-0.022882
352;0.057318;-0.444564;-0.023760
353;0.165206;-0.384879;-0.149401
354;-0.070703;-0.071472;-0.123846
355;-0.060879;0.423901;-0.165507
356;0.098072;0.111018;-0.274915
357;-0.270428;0.055542;-0.562664
358;-0.055204;1.329710;0.667456
359;-0.051319;-0.455780;0.010032
360;-0.194111;-0.247841;0.354354
361;-0.247489;0.197519;0.475375
362;-0.052599;0.152783;0.192780
363;-0.142193;-0.160637;0.035380
364;0.020269;-0.220352;0.183234
365;0.131009;-0.094584;0.100769
366;0.126381;-0.082760;-0.094875
367;0.181130;-0.139751;-0.092719
368;0.165375;-0.225568;-0.072751
369;0.035448;-0.034047;-0.032642
370;0.121461;0.316162;-0.153020
371;0.393770;0.114405;-0.155501
372;0.429099;0.126848;-0.110216
373;0.258427;0.441880;0.009467
374;-0.161978;0.284081;0.048917
375;-0.397968;-0.168467;0.178164
376;-0.375662;-0.064284;0.018874
377;-0.208663;0.304191;0.031931
378;-0.145572;0.236814;0.144479
379;-0.076137;-0.072845;0.116270
380;-0.074810;-0.234202;-0.071300
381;-0.023057;-0.333806;-0.029689
382;0.028742;-0.501539;-0.035962
383;0.249001;-0.402864;-0.125037
384;0.104200;-0.105482;-0.080829
385;-0.298413;0.420112;-0.072716
386;-0.037037;0.189705;-0.195568
387;-0.203985;-0.184906;-0.489510
388;-0.278523;1.252846;0.273850
389;-0.032694;-0.213863;0.077330
390;-0.063756;-0.288998;0.383798
391;-0.293310;0.023546;0.440621
392;-0.054132;0.111060;0.261579
393;-0.119152;-0.047142;0.060370
394;-0.001281;-0.174093;0.128455
395;0.110310;-0.159338;0.081651
396;0.281113;-0.060058;-0.057098
397;0.218279;-0.148044;-0.045815
398;0.064172;-0.334819;0.000221
399;-0.034841;0.244861;-0.128650
400;0.302513;0.135058;-0.117409
401;0.573646;-0.033450;-0.091489
402;0.341699;0.224506;-0.079237
403;0.000887;0.589294;0.062745
404;-0.334978;0.346807;0.019175
405;-0.348141;-0.226001;0.116753
406;-0.134901;-0.121162;0.016603
407;-0.212521;0.230841;0.023088
408;-0.008562;0.072024;0.132904
409;0.012888;-0.175238;0.057824
410;-0.081157;-0.349907;-0.175004
411;-0.084842;-0.252191;-0.065367
412;-0.006451;-0.406934;0.091129
413;0.069663;-0.269610;-0.136194
414;-0.052106;-0.266469;-0.186720
415;-0.240441;0.311057;-0.165175
416;0.066259;0.482301;-0.217021
417;-0.382645;0.782430;0.062482
418;-0.365675;0.309563;0.764996
419;0.163202;-0.688983;0.175740
420;-0.111850;-0.430801;0.317302
421;-0.081242;0.398001;0.359586
422;-0.076223;-0.003078;0.089583
423;-0.018889;-0.134628;0.081363
424;0.130871;-0.388372;0.160257
425;-0.031977;-0.028291;-0.042027
426;-0.008825;0.269732;-0.055516
427;0.397929;0.015994;-0.046301
428;0.391421;-0.117150;-0.086708
429;0.260480;-0.056481;-0.095921
430;0.199790;0.075946;-0.116067
431;0.224443;0.102970;-0.140786
432;0.174783;0.376701;0.001686
433;-0.138750;0.370548;0.134065
434;-0.341816;-0.166674;0.066452
435;-0.334299;-0.027650;-0.022706
436;-0.057681;0.224802;-0.010180
437;0.011514;0.147721;0.102889
438;0.023843;-0.014251;0.035883
439;-0.032864;-0.213528;-0.098757
440;-0.032900;-0.339069;-0.013525
441;-0.074461;-0.480978;0.014128
442;0.040325;-0.317468;-0.105824
443;-0.002181;-0.176701;-0.158089
444;-0.167519;0.076833;-0.022187
445;-0.057231;0.471152;-0.111126
446;-0.232192;0.073269;-0.525037
447;-0.296122;0.980459;0.305432
448;-0.003267;-0.230143;0.117451
449;-0.132055;-0.311898;0.336477
450;-0.106668;0.179657;0.469583
451;-0.100878;-0.016189;0.155623
452;-0.098010;-0.000185;0.040626
453;-0.023431;-0.197418;0.149276
454;0.108888;-0.109114;0.088866
455;0.135000;-0.047515;0.012447
456;0.172816;-0.074363;-0.099850
457;0.245443;-0.203912;-0.058872
458;0.198618;-0.004536;-0.078768
459;0.157504;0.138322;-0.137029
460;0.190031;0.153258;-0.137531
461;0.316603;0.134027;-0.094021
462;0.332385;0.430547;0.123739
463;-0.222316;0.135437;0.125902
464;-0.432618;-0.183559;0.075415
465;-0.265911;0.094990;-0.017138
466;0.027982;0.395778;-0.033857
467;-0.037986;0.102672;0.213217
468;-0.048245;-0.079986;0.023247
469;-0.063911;-0.124493;-0.059090
470;-0.073272;-0.349182;0.032742
471;0.010561;-0.468898;-0.020404
472;0.063446;-0.389698;-0.081030
473;-0.087424;-0.307536;-0.127779
474;-0.125321;0.274644;-0.120719
475;0.130611;0.270231;-0.118633
476;-0.373550;0.085035;-0.494016
477;-0.136495;1.322212;0.367770
478;-0.101086;-0.201779;0.201451
479;-0.091941;-0.538174;0.398278
480;-0.213382;-0.080067;0.357593
481;-0.150521;0.170612;0.099549
482;-0.122259;-0.125844;0.115246
483;0.040035;-0.179741;0.184525
484;0.111861;-0.118511;0.052735
485;0.188300;-0.050797;-0.098080
486;0.229545;-0.039735;-0.015764
487;0.342718;-0.042823;-0.058150
488;0.129501;-0.031451;-0.105171
489;0.099914;0.074195;-0.080814
490;0.176831;0.081281;-0.068844
491;0.190670;0.105873;-0.245945
492;0.221783;0.419545;-0.046753
493;-0.072270;0.116653;0.024515
494;-0.273477;-0.197053;0.146457
495;-0.291730;0.074597;-0.008039
496;-0.080556;0.411357;0.011124
497;0.004296;0.186208;0.200987
498;-0.153585;-0.045941;0.114056
499;-0.156689;-0.321288;-0.071457
500;0.063419;-0.274854;-0.060744
501;0.019082;-0.390576;0.014973
502;0.129067;-0.361589;-0.077971
503;0.007308;-0.234664;-0.123464
504;-0.161309;0.204738;-0.142081
505;0.060237;0.213476;-0.114774
506;-0.125932;0.041041;-0.491424
507;-0.111646;0.961090;0.437497
508;-0.355447;-0.102743;0.117935
509;0.029117;-0.305065;0.374066
510;-0.149000;0.006895;0.323561
511;0.040705;0.159684;0.131054
512;0.069462;-0.062118;0.087383
513;0.014769;-0.413093;0.133854
514;0.027875;-0.120833;-0.044611
515;0.015305;-0.003525;-0.073338
516;0.133199;-0.035863;-0.063848
517;0.166188;0.017194;-0.124067
518;0.199410;0.031289;-0.104539
519;0.278208;0.002340;-0.080206
520;0.321596;0.185752;-0.165549
521;0.215914;0.438699;-0.030474
522;-0.123561;0.259572;0.013603
523;-0.255102;-0.071146;0.210977
524;-0.326764;-0.122256;-0.003696
525;-0.190463;0.216005;-0.019081
526;-0.010304;0.209894;0.060299
527;-0.042989;-0.032903;0.072721
528;-0.104773;-0.137943;-0.017970
529;-0.032622;-0.284066;-0.066473
530;-0.033017;-0.409313;0.044335
531;0.051907;-0.403948;-0.039401
532;0.027676;-0.306055;-0.152329
533;-0.184702;0.096024;0.008893
534;-0.163430;0.403589;-0.238288
535;0.110057;-0.031705;-0.349861
536;-0.228682;0.370268;-0.509415
537;0.266845;1.082501;0.690257
538;-0.139456;-0.641430;0.110080
539;-0.191296;-0.522949;0.278851
540;-0.246609;0.333488;0.315090
541;-0.075704;0.206948;0.158032
542;-0.050649;-0.130040;0.055490
543;0.133617;-0.267912;0.187838
544;0.148278;-0.076763;0.012414
545;0.044894;-0.119855;-0.102119
546;0.094585;-0.139076;-0.077991
547;0.093866;-0.081265;-0.054559
548;0.064778;0.084174;-0.111544
549;0.246040;0.157070;-0.159289
550;0.358580;0.106155;-0.243362
551;0.341340;0.424559;0.043804
552;0.002717;0.249505;0.096731
553;-0.347427;-0.145425;0.074719
554;-0.410358;0.158906;0.118653
555;-0.035328;0.335921;-0.067459
556;-0.003058;0.172486;0.111362
557;-0.116465;-0.155755;0.058475
558;-0.119431;-0.323619;-0.051819
559;-0.044536;-0.198822;-0.092557
560;-0.095197;-0.304345;0.040468
561;0.062520;-0.326698;-0.044509
562;0.037128;-0.039575;-0.035117
563;-0.095682;0.197399;-0.132829
564;-0.034424;-0.030435;-0.146048
565;0.070319;-0.255260;-0.170130
566;-0.234161;0.373251;-0.592918
567;0.035948;1.139695;0.565938
568;-0.216689;-0.406456;0.113161
569;-0.192286;-0.415913;0.365783
570;-0.094615;0.256180;0.407894
571;-0.115233;0.002086;0.140430
572;-0.012253;-0.049982;0.067536
573;0.066552;-0.265762;0.122465
574;0.179189;-0.181423;-0.008629
575;0.160954;-0.054453;-0.142824
576;0.128535;-0.021959;-0.095844
577;0.174687;0.030619;-0.149030
578;0.216923;0.063035;-0.155621
579;0.201461;-0.062498;-0.098044
580;0.211636;-0.001310;-0.216281
581;0.328350;0.521511;0.008674
582;0.026374;0.438795;0.107344
583;-0.278891;0.004293;0.218680
584;-0.324861;-0.210971;0.017059
585;-0.233191;0.222576;0.038110
586;-0.092046;0.216795;0.098186
587;-0.110624;-0.015246;0.090243
588;-0.006940;-0.292137;0.011498
589;0.067683;-0.348989;-0.112146
590;-0.014696;-0.322357;0.021250
591;0.044137;-0.352662;-0.036138
592;-0.082378;-0.104845;-0.179280
593;-0.092746;0.279168;-0.028906
594;-0.016826;0.254457;-0.228334
595;0.100801;-0.170105;-0.179190
596;-0.165863;0.066786;-0.464178
597;0.028380;1.075900;0.312649
598;-0.252116;-0.236973;0.234901
599;-0.330280;-0.372317;0.255447
600;-0.262071;0.080827;0.386729
601;-0.071244;0.133464;0.201151
602;-0.014575;-0.115793;0.081504
603;0.075443;-0.102640;0.153488
604;0.126516;-0.156597;0.034729
605;0.236706;-0.167295;-0.113117
606;0.191656;-0.166904;-0.135108
607;0.155433;0.002069;-0.127100
608;0.219453;0.117722;-0.158682
609;0.271903;0.001293;-0.100055
610;0.233308;-0.142251;-0.170083
611;0.302498;0.425450;-0.021006
612;-0.057585;0.557112;0.102804
613;-0.246709;0.294132;0.104043
614;-0.336724;-0.219134;0.132949
615;-0.253741;0.120818;-0.010954
616;-0.111309;0.350569;-0.036468
617;-0.020260;0.041285;0.121017
618;-0.010677;-0.230457;0.081309
619;-0.041150;-0.370578;-0.051166
620;-0.077260;-0.381234;-0.013300
621;-0.011016;-0.453391;-0.016769
622;0.077520;-0.386274;-0.122100
623;-0.004208;0.161224;-0.045182
624;0.008739;0.538136;-0.198940
625;0.087073;-0.122220;-0.251201
626;-0.246459;0.030381;-0.407835
627;-0.093197;0.968684;0.372770
628;-0.343739;-0.176919;0.072951
629;-0.322233;-0.205113;0.439397
630;-0.049973;0.221992;0.384762
631;-0.000745;-0.039482;0.058377
632;0.081867;-0.143530;0.137637
633;0.041656;-0.237951;0.162318
634;0.096062;-0.142621;0.063073
635;0.183067;-0.130889;-0.118155
636;0.211143;-0.116445;-0.129092
637;0.150995;0.032851;-0.117390
638;0.142386;0.087452;-0.101300
639;0.210688;-0.089596;-0.083943
640;0.284658;0.163139;-0.101774
641;0.239746;0.531473;0.086045
642;-0.090129;0.288173;-0.109526
643;-0.112543;0.030043;0.150936
644;-0.091420;-0.068134;-0.054192
645;-0.163821;0.297308;0.103260
646;-0.194845;0.147218;0.109355
647;-0.167109;-0.088854;0.116926
648;-0.057344;-0.229682;0.040919
649;-0.036604;-0.324198;-0.013150
650;-0.078909;-0.402390;-0.023252
651;0.043062;-0.348639;-0.000696
652;0.079302;-0.167231;-0.191361
653;-0.073849;0.196753;-0.132466
654;-0.021081;0.254397;-0.205095
655;0.008108;-0.246729;-0.258136
656;-0.476513;0.680027;-0.189375
657;0.203452;0.336661;0.349970
658;-0.252302;-0.290772;0.202428
659;-0.349664;-0.158901;0.356619
660;0.001835;0.277251;0.263325
661;0.012893;-0.097059;0.099708
662;0.001102;-0.210111;0.099817
663;0.053354;-0.169804;0.134913
664;0.202020;-0.084569;0.000045
665;0.164794;-0.304861;-0.097541
666;0.136113;-0.232092;-0.087490
667;0.020580;0.141048;-0.078946
668;0.141608;0.263981;-0.127279
669;0.330693;-0.003469;-0.071447
670;0.341397;0.132801;-0.132068
671;0.247003;0.498144;0.127374
672;-0.060088;0.262806;-0.033107
673;-0.253022;-0.008053;0.134682
674;-0.142528;-0.169785;-0.068471
675;-0.064057;0.246165;0.087598
676;-0.107264;0.207325;0.103505
677;-0.111438;-0.034998;0.038957
678;-0.104778;-0.235755;0.021542
679;0.035111;-0.387758;-0.022548
680;-0.067482;-0.422525;-0.002175
681;0.043988;-0.385500;-0.071782
682;0.001800;-0.163318;-0.221678
683;-0.097096;0.363456;-0.076493
684;-0.018237;0.191357;-0.187471
685;-0.186291;-0.174323;-0.380258
686;-0.393218;1.199790;0.295547
687;-0.041795;-0.181104;0.113391
688;-0.376339;-0.223137;0.233072
689;-0.302005;0.124802;0.420865
690;0.144110;0.101631;0.125384
691;-0.061441;-0.117459;0.032484
692;0.002163;-0.221009;0.179106
693;0.174671;-0.155633;0.095262
694;0.185418;-0.268936;-0.025133
695;0.103770;-0.267989;-0.116585
696;0.088281;0.150060;-0.058579
697;0.112674;0.188096;-0.064998
698;0.231086;0.022812;-0.117976
699;0.318806;0.097750;-0.144228
700;0.258602;0.341736;-0.049221
701;0.065140;0.408142;0.056512
702;-0.173173;0.213607;-0.087354
703;-0.174964;-0.225414;0.132398
704;-0.159842;0.009336;-0.016233
705;-0.138890;0.254102;0.050158
706;-0.113801;0.078775;0.143309
707;-0.031144;-0.118823;0.079363
708;-0.053930;-0.254719;-0.044382
709;-0.027774;-0.314934;-0.013768
710;-0.112148;-0.433201;0.000316
711;0.088486;-0.374924;-0.098447
712;-0.029080;-0.119705;-0.245871
713;-0.053934;0.396899;-0.162196
714;0.080165;0.186380;-0.182758
715;-0.406413;0.261047;-0.341731
716;0.135211;0.538280;0.316203
717;-0.264641;-0.151644;0.145297
718;-0.290678;-0.102439;0.409226
719;-0.104470;0.123652;0.293211
720;0.010618;-0.078402;0.076989
721;0.005556;-0.145239;0.071471
722;0.102172;-0.205188;0.174215
723;0.202027;-0.230231;0.058733
724;0.101745;-0.247515;-0.137169
725;0.113203;-0.053413;-0.053842
726;0.112625;0.156100;-0.052146
727;0.177726;0.127751;-0.118994
728;0.272006;-0.008017;-0.136618
729;0.257901;0.299123;-0.063053
730;0.129524;0.471611;0.040301
731;-0.133560;0.305782;-0.136416
732;-0.178916;-0.098920;0.177086
733;-0.075445;-0.065452;-0.022832
734;-0.097687;0.239606;0.075322
735;-0.157262;0.129236;0.099521
736;-0.108611;-0.119964;0.105497
737;-0.064122;-0.301707;0.017673
738;-0.001783;-0.342452;-0.004040
739;-0.074592;-0.330278;-0.006635
740;0.082195;-0.365748;-0.049601
741;0.018096;-0.207138;-0.181753
742;-0.024066;0.325165;-0.152091
743;0.027452;0.272204;-0.171338
744;-0.259723;-0.110728;-0.298633
745;-0.444027;0.845268;-0.020759
746;0.027748;-0.004493;0.121287
747;-0.388139;-0.084821;0.282133
748;-0.302959;0.058958;0.425616
749;0.055566;-0.002803;0.188583
750;0.018600;-0.075769;0.054426
751;-0.049552;-0.150142;0.143490
752;0.128481;-0.148193;0.117228
753;0.212292;-0.131435;-0.006979
754;0.167416;-0.195817;-0.074740
755;0.150326;-0.217439;-0.122784
756;0.020933;-0.071025;-0.006544
757;0.016279;0.273690;-0.073011
758;0.245256;0.131083;-0.129467
759;0.479419;0.245309;-0.118743
760;0.352351;0.396341;0.060780
761;-0.074599;0.288385;-0.141767
762;-0.281070;-0.054360;0.185429
763;-0.203340;-0.041235;-0.039966
764;-0.090501;0.256283;0.043868
765;-0.082793;0.181308;0.145167
766;-0.087509;-0.109218;0.071394
767;-0.091584;-0.229305;-0.023512
768;-0.009318;-0.368607;0.027906
769;-0.090884;-0.453249;0.050523
770;0.035194;-0.384859;-0.083148
771;-0.016833;-0.171609;-0.170029
772;0.018966;0.424774;-0.092580
773;0.057225;0.107188;-0.215803
774;-0.153445;-0.265184;-0.308748
775;-0.499261;1.036407;0.037322
776;0.019310;0.009517;-0.002980
777;-0.317192;-0.085252;0.295834
778;-0.321863;-0.022033;0.422954
779;0.121587;0.015090;0.190466
780;0.000714;-0.044931;0.079205
781;-0.080612;-0.246767;0.142183
782;0.062080;-0.198182;0.126968
783;0.173065;-0.189135;-0.017423
784;0.096797;-0.242490;-0.144108
785;0.090773;-0.033639;-0.038885
786;0.127206;0.225030;-0.121686
787;0.334563;0.183431;-0.225431
788;0.378164;0.035457;-0.189350
789;0.335116;0.289538;-0.046749
790;0.126933;0.413160;0.101698
791;-0.307662;0.385211;-0.062385
792;-0.431042;-0.117792;0.162581
793;-0.232796;0.082218;0.061109
794;-0.073528;0.254743;0.031954
795;-0.017899;0.052598;0.117289
796;0.025824;-0.144052;0.049160
797;-0.034127;-0.375327;-0.033924
798;-0.038018;-0.460854;0.005452
799;-0.050485;-0.426161;-0.015764
800;0.050066;-0.354792;-0.136204
801;-0.036751;-0.055727;-0.138311
802;-0.175805;0.478857;-0.263390
803;0.173656;0.009204;-0.273989
804;-0.262685;0.363171;-0.196754
805;0.166263;0.646308;0.481494
806;-0.408724;-0.229244;0.086656
807;-0.338741;-0.212965;0.453440
808;-0.037960;0.211245;0.277033
809;0.058627;0.009775;0.045768
810;0.086904;-0.241330;0.159628
811;0.061792;-0.283558;0.157284
812;0.133709;-0.104763;0.029968
813;0.109575;-0.179103;-0.154768
814;0.196541;-0.196558;-0.137557
815;0.269004;0.060435;-0.117778
816;0.216513;0.135479;-0.072141
817;0.214844;-0.061903;-0.142274
818;0.253186;0.400387;-0.038723
819;-0.059535;0.482263;0.129116
820;-0.194697;0.297161;0.087503
821;-0.241325;-0.142908;0.140594
822;-0.263857;0.159149;0.002001
823;-0.093640;0.277978;0.030466
824;-0.046607;0.052400;0.083259
825;-0.026723;-0.174668;0.027330
826;-0.020746;-0.410224;-0.062428
827;-0.037775;-0.405684;-0.001462
828;-0.028866;-0.439564;-0.015504
829;0.039116;-0.303575;-0.045440
830;-0.125911;0.111135;-0.049226
831;-0.126168;0.356628;-0.329740
832;0.200502;-0.023936;-0.223120
833;0.039318;-0.287295;-0.196793
834;-0.457776;0.975813;-0.043632
835;0.028728;0.092538;0.191719
836;-0.333657;-0.300445;0.195749
837;-0.411349;-0.214670;0.344206
838;0.054586;0.247402;0.322026
839;-0.027763;-0.058133;0.070287
840;-0.011080;-0.191716;0.132363
841;0.060614;-0.121050;0.124896
842;0.209503;-0.105267;-0.017384
843;0.192610;-0.237430;-0.152989
844;0.227722;-0.205447;-0.186308
845;0.154942;0.072063;-0.142474
846;0.258982;0.156036;-0.154256
847;0.282668;0.046494;-0.134120
848;0.283808;0.188044;-0.179377
849;0.202929;0.482723;0.151467
850;-0.095820;0.309434;-0.060657
851;-0.286313;-0.019479;0.226395
852;-0.271641;0.041813;-0.011584
853;-0.131028;0.310554;-0.006703
854;-0.053649;0.137780;0.094674
855;-0.041251;-0.209329;0.026637
856;-0.030275;-0.292190;-0.038541
857;0.001141;-0.369190;-0.023700
858;-0.104118;-0.412753;0.034594
859;0.038136;-0.415739;-0.083610
860;-0.042430;-0.145424;-0.158890
861;0.022579;0.444553;-0.114487
862;-0.012397;0.162826;-0.250551
863;-0.302333;-0.092586;-0.372659
864;-0.197913;1.116724;0.410285
865;-0.088794;-0.116166;0.139950
866;-0.450158;-0.076851;0.296859
867;-0.279690;0.085357;0.357987
868;0.117979;0.046829;0.166829
869;-0.041949;-0.119488;0.087964
870;-0.026121;-0.174663;0.180056
871;0.125122;-0.114389;0.083423
872;0.229686;-0.112337;-0.015805
873;0.241589;-0.178082;-0.131394
874;0.199481;-0.227480;-0.177452
875;0.073389;-0.006269;-0.081883
876;0.052646;0.139356;-0.098430
877;0.203215;-0.031283;-0.115137
878;0.322727;0.183332;-0.115725
879;0.236542;0.469937;0.049279
880;-0.122852;0.504090;-0.019683
881;-0.228787;-0.043199;0.168694
882;-0.249826;0.030466;-0.118832
883;-0.205815;0.314171;-0.059035
884;-0.022412;0.122028;0.094713
885;0.012456;-0.224169;0.104364
886;-0.056055;-0.404416;-0.015334
887;-0.056144;-0.348949;-0.004062
888;-0.050053;-0.376201;-0.027993
889;0.095382;-0.395974;-0.096319
890;-0.040584;-0.146262;-0.168168
891;-0.120111;0.491521;-0.169647
892;0.077874;0.115501;-0.255049
893;-0.303076;0.037499;-0.305879
894;0.006462;1.019307;0.537951
895;-0.049182;-0.162715;0.110149
896;-0.458307;-0.168132;0.287787
897;-0.209731;0.071972;0.345019
898;0.056586;-0.022549;0.089180
899;-0.010840;-0.160536;0.092651
900;0.034512;-0.136612;0.150791
901;0.165821;-0.054839;0.053187
902;0.237326;-0.091302;-0.062538
903;0.234516;-0.123751;-0.160177
904;0.143460;-0.180629;-0.153586
905;0.001923;-0.164679;0.074201
906;0.009371;0.166647;-0.079084
907;0.259561;0.092613;-0.173433
908;0.408647;0.412236;0.026396
909;0.122141;0.459961;0.074116
910;-0.180151;0.214797;0.075667
911;-0.256581;-0.127681;-0.038997
912;-0.127085;0.142122;-0.036937
913;-0.094775;0.142498;0.065046
914;-0.073178;-0.125165;0.165809
915;-0.040908;-0.236021;0.001178
916;-0.075735;-0.294351;-0.087166
917;-0.109925;-0.277213;-0.014026
918;0.062055;-0.391222;-0.041563
919;0.084667;-0.323842;-0.151111
920;-0.144922;0.112499;-0.114457
921;-0.052689;0.354689;-0.183178
922;0.047414;-0.090053;-0.289338
923;-0.474279;0.924255;0.228577
924;-0.116289;-0.112974;0.092136
925;-0.328863;-0.137791;0.139571
926;-0.398689;0.035722;0.387679
927;0.158568;0.165399;0.166776
928;0.032461;-0.166762;0.081235
929;0.029692;-0.187526;0.134660
930;0.115423;-0.152426;0.063185
931;0.237149;-0.130173;-0.066362
932;0.228524;-0.286955;-0.174971
933;0.201445;-0.257144;-0.132236
934;0.115145;0.080540;-0.127367
935;0.194449;0.322424;-0.143391
936;0.242448;-0.067735;-0.170184
937;0.245188;0.468988;-0.001590
938;-0.130874;0.583397;0.176878
939;-0.277199;0.265076;0.196783
940;-0.296109;-0.232559;0.011863
941;-0.155516;0.070320;0.017847
942;-0.039747;0.216814;0.018313
943;-0.015453;-0.019947;0.065354
944;0.007528;-0.291595;0.021632
945;-0.014843;-0.414721;-0.076755
946;-0.110949;-0.328981;-0.062900
947;0.007163;-0.397906;-0.067401
948;0.016568;-0.334122;-0.067820
949;-0.223490;0.226977;-0.039802
950;-0.104191;0.452667;-0.353436
951;0.147456;-0.249972;-0.297163
952;-0.287404;0.984279;0.175288
953;-0.062400;-0.165892;0.173152
954;-0.358227;-0.205764;0.095296
955;-0.414214;0.047061;0.305757
956;0.171007;0.188465;0.231397
957;-0.008780;-0.150810;0.023605
958;0.051677;-0.192522;0.173613
959;0.085726;-0.155406;0.057051
960;0.178580;-0.072985;-0.133366
961;0.208737;-0.242371;-0.166164
962;0.106155;-0.287317;0.017637
963;-0.029676;0.140135;-0.119267
964;0.152914;0.300005;-0.115438
965;0.505691;0.065800;-0.170698
966;0.287376;0.475277;0.064934
967;-0.104044;0.495976;0.087608
968;-0.274349;-0.008297;0.158464
969;-0.225066;-0.186202;-0.073115
970;-0.103275;0.129530;-0.036737
971;-0.071033;0.171623;0.068068
972;-0.010525;-0.107497;0.118559
973;-0.022522;-0.264548;-0.022494
974;-0.023775;-0.301748;-0.071970
975;-0.103518;-0.362154;0.010205
976;0.071870;-0.401200;-0.058000
977;0.019299;-0.251728;-0.150505
978;-0.185619;0.318214;-0.056844
979;-0.008082;0.331534;-0.340411
980;-0.039093;-0.134841;-0.504137
981;-0.273323;1.428835;0.710446
982;-0.181794;-0.464818;0.039182
983;-0.327373;-0.444271;0.191212
984;-0.408217;0.280764;0.310398
985;0.229598;0.121293;0.167638
986;-0.007724;-0.154526;0.029497
987;0.099358;-0.214117;0.123243
988;0.181585;-0.128223;-0.042790
989;0.220146;-0.281272;-0.165365
990;0.184426;-0.171094;-0.056469
991;0.103057;0.073474;-0.101316
992;0.209347;0.147280;-0.135441
993;0.184385;-0.007528;-0.132024
994;0.232429;0.235612;-0.114651
995;0.137803;0.517050;0.075634
996;-0.148632;0.303160;-0.049814
997;-0.289500;-0.163991;0.126363
998;-0.214321;0.022068;-0.003783
999;-0.066996;0.337162;-0.026240
1000;-0.008124;0.177986;0.159986
1001;-0.044966;-0.089345;0.106314
1002;-0.101953;-0.374368;-0.037112
1003;-0.033064;-0.421404;0.011603
1004;-0.014345;-0.448004;-0.011055
1005;0.085136;-0.382713;-0.130090
1006;-0.095561;-0.024949;-0.115756
1007;-0.109749;0.662438;-0.105304
1008;0.050381;-0.131231;-0.270796
1009;-0.437365;0.221718;-0.140597
1010;0.127662;0.755971;0.340009
1011;-0.106806;-0.157791;0.091704
1012;-0.326361;-0.223167;0.386737
1013;-0.038994;0.053381;0.301651
1014;-0.035788;-0.028992;0.110580
1015;-0.022161;-0.129229;0.053207
1016;0.087819;-0.200843;0.102331
1017;0.254394;-0.162965;-0.000248
1018;0.176985;-0.266367;-0.132526
1019;0.100899;0.009126;-0.095038
1020;0.126389;0.137386;-0.115274
1021;0.265647;0.125710;-0.171693
1022;0.258857;-0.109813;-0.111376
1023;0.277050;0.182451;-0.134480
1024;0.225819;0.573418;0.124914
1025;-0.163953;0.294811;-0.014192
1026;-0.257251;-0.147178;0.150777
1027;-0.190746;0.077953;-0.027516
1028;-0.107554;0.410584;-0.021499
1029;-0.105581;0.061080;0.162132
1030;-0.061811;-0.225443;0.098511
1031;-0.044319;-0.386298;-0.043405
1032;0.011753;-0.350719;0.031439
1033;-0.038504;-0.457954;-0.016883
1034;0.056726;-0.299004;-0.124764
1035;-0.101377;0.043058;-0.129332
1036;-0.084280;0.451100;-0.182412
1037;0.056621;-0.051261;-0.302965
1038;-0.329631;0.298542;-0.367028
1039;0.220349;0.834524;0.649547
1040;-0.191977;-0.367802;0.098613
1041;-0.376950;-0.389549;0.290903
1042;-0.082116;0.381131;0.353445
1043;-0.000681;-0.049559;0.099914
1044;-0.004867;-0.093772;0.090528
1045;0.017663;-0.209971;0.129323
1046;0.160844;-0.063112;0.017722
1047;0.172504;-0.151747;-0.122150
1048;0.184708;-0.212961;-0.156063
1049;0.123278;-0.165587;-0.016966
1050;0.122445;0.216739;-0.072666
1051;0.203479;0.054016;-0.154251
1052;0.349065;0.173690;-0.196307
1053;0.283540;0.376669;0.013051
1054;-0.054311;0.289283;-0.059866
1055;-0.264743;-0.065424;0.198451
1056;-0.305698;0.011853;-0.007126
1057;-0.121472;0.344166;-0.072199
1058;0.012892;0.250635;0.122102
1059;-0.018748;-0.073634;0.136876
1060;-0.093158;-0.278563;-0.044533
1061;-0.033707;-0.390103;-0.030128
1062;-0.050727;-0.449740;0.013315
1063;0.063470;-0.395409;-0.050169
1064;-0.082815;-0.215181;-0.125757
1065;-0.125626;0.423231;-0.174268
1066;0.048725;0.163841;-0.257054
1067;-0.182027;-0.249063;-0.418763
1068;-0.284307;1.275979;0.326096
1069;-0.053503;-0.207765;-0.019959
1070;-0.336051;-0.292078;0.260567
1071;-0.342491;0.047736;0.367429
1072;0.130411;0.144457;0.216489
1073;0.037357;-0.059647;0.033744
1074;0.025850;-0.201632;0.116455
1075;0.134277;-0.159702;0.092341
1076;0.211515;-0.257723;-0.012456
1077;0.101046;-0.243062;-0.089741
1078;0.063293;0.092879;-0.089341
1079;0.195724;0.184670;-0.102656
1080;0.202882;0.040957;-0.120887
1081;0.291834;0.091116;-0.207994
1082;0.322640;0.222991;-0.073475
1083;0.134423;0.451251;0.047687
1084;-0.157535;0.202539;0.047983
1085;-0.322072;-0.199730;0.121742
1086;-0.309070;0.118279;0.033057
1087;-0.064919;0.342374;-0.053277
1088;-0.019209;0.119582;0.176198
1089;-0.010507;-0.155480;0.055450
1090;0.003028;-0.395558;-0.075440
1091;-0.001799;-0.440743;-0.011225
1092;0.046258;-0.431308;-0.020011
1093;0.044184;-0.388148;-0.091109
1094;-0.125659;0.051522;-0.056142
1095;-0.313731;0.626144;-0.159262
1096;-0.113320;-0.046290;-0.388655
1097;0.097059;-0.339649;-0.247744
1098;-0.083512;1.154860;0.285970
1099;-0.217735;-0.045230;0.341948
1100;-0.380856;-0.354032;0.192167
1101;-0.400022;-0.076239;0.239788
1102;0.176722;0.238953;0.249189
1103;0.028997;-0.072045;0.036481
1104;0.111708;-0.165187;0.160206
1105;0.152723;-0.111728;0.036108
1106;0.175867;-0.088327;-0.097760
1107;0.141786;-0.264083;-0.119267
1108;0.121356;-0.151976;-0.125245
1109;0.061516;0.061911;-0.082784
1110;0.126329;0.092879;-0.164341
1111;0.299068;0.179406;-0.202583
1112;0.323625;0.339142;0.007932
1113;0.004130;0.369517;0.021217
1114;-0.186708;-0.078155;0.188656
1115;-0.274394;-0.101924;-0.039888
1116;-0.195750;0.347971;-0.101696
1117;0.035980;0.322826;0.079257
1118;-0.006411;-0.035631;0.175288
1119;-0.050901;-0.290937;0.004755
1120;0.007681;-0.391332;-0.029249
1121;-0.097356;-0.455708;0.077873
1122;-0.000472;-0.471912;0.001236
1123;-0.068175;-0.163023;-0.110815
1124;-0.130496;0.544637;-0.062463
1125;-0.068561;0.176704;-0.324089
1126;0.074836;-0.437435;-0.200200
1127;-0.440015;0.633651;-0.215512
1128;0.078932;0.310199;0.331691
1129;-0.270810;-0.142866;0.236301
1130;-0.389680;-0.190108;0.385244
1131;-0.023975;0.135439;0.336055
1132;-0.024205;-0.003356;0.098336
1133;0.076892;-0.102760;0.106263
1134;0.109131;-0.207714;0.106160
1135;0.281477;-0.154387;-0.022115
1136;0.146051;-0.273019;-0.149518
1137;0.148111;0.073521;-0.116674
1138;0.272342;0.150973;-0.130383
1139;0.320179;0.063781;-0.191078
1140;0.200170;-0.185698;-0.122855
1141;0.171045;0.299465;-0.071802
1142;0.081916;0.505937;0.071640
1143;-0.223993;0.229148;0.128043
1144;-0.284640;-0.124085;0.076258
1145;-0.251426;0.246401;-0.038259
1146;-0.071025;0.301853;-0.015586
1147;0.016744;0.072279;0.075336
1148;-0.018915;-0.241333;0.045818
1149;-0.029440;-0.447012;-0.098671
1150;-0.052111;-0.432709;-0.013585
1151;0.053904;-0.471622;-0.001939
1152;0.064197;-0.369585;-0.133893
1153;-0.172054;0.137594;-0.032740
1154;-0.142246;0.679022;-0.227608
1155;0.109609;-0.090507;-0.336886
1156;-0.329939;0.304191;-0.153503
1157;-0.115864;0.462858;0.574516
1158;-0.094987;-0.320992;0.148372
1159;-0.374348;-0.194152;0.251185
1160;0.033634;0.286235;0.237584
1161;0.023361;-0.084929;0.085978
1162;0.075789;-0.113164;0.090189
1163;0.089217;-0.206570;0.052424
1164;0.211147;-0.129690;-0.100304
1165;0.192231;-0.164298;-0.192554
1166;0.238096;-0.082217;-0.077431
1167;0.198300;-0.085095;-0.051560
1168;0.146066;0.016921;-0.073275
1169;0.122334;-0.006571;-0.214333
1170;0.263178;0.334334;-0.069711
1171;0.102395;0.530570;0.147573
1172;-0.159059;0.177182;0.170680
1173;-0.212574;-0.186257;0.045897
1174;-0.220360;0.266773;0.025852
1175;-0.052936;0.350961;0.019445
1176;-0.073295;0.101772;0.138433
1177;-0.067369;-0.235373;0.095526
1178;-0.094528;-0.395176;-0.061303
1179;0.005086;-0.450095;0.096999
1180;-0.002573;-0.474108;0.056819
1181;-0.173229;-0.241333;-0.105552
1182;-0.217263;0.322112;-0.061414
1183;0.011404;0.230757;-0.323976
1184;0.182270;-0.312930;-0.145107
1185;-0.235746;0.212513;-0.404651
1186;0.130786;0.961034;0.365696
1187;-0.238674;-0.207498;0.072794
1188;-0.338332;-0.305872;0.265325
1189;-0.107939;0.102818;0.402903
1190;-0.006286;0.022648;0.115978
1191;-0.010260;-0.127836;-0.010672
1192;0.061268;-0.127237;0.101996
1193;0.179206;-0.057875;0.016234
1194;0.195496;-0.111601;-0.116849
1195;0.204819;-0.079396;-0.129354
1196;0.206561;-0.122234;-0.161656
1197;0.195766;-0.128677;-0.108384
1198;0.145699;0.066344;-0.134979
1199;0.248707;0.231655;-0.183537
1200;0.311230;0.447509;0.066165
1201;0.037954;0.302143;-0.005071
1202;-0.225617;0.010750;0.189343
1203;-0.284693;0.000732;0.043090
1204;-0.178832;0.258514;0.080393
1205;-0.171245;0.231948;0.090893
1206;-0.142551;-0.051748;0.078832
1207;-0.063454;-0.204453;-0.046428
1208;-0.015968;-0.340376;-0.064504
1209;-0.072128;-0.441603;0.060527
1210;0.080931;-0.415863;-0.051262
1211;0.061239;-0.257023;-0.231128
1212;-0.103294;0.191612;-0.155499
1213;-0.018785;0.336069;-0.236761
1214;0.023708;-0.292711;-0.349474
1215;-0.348910;0.897439;0.133150
1216;0.105988;0.137272;0.294984
1217;-0.299017;-0.328661;0.133399
1218;-0.213642;-0.102179;0.405183
1219;0.033940;0.158513;0.204577
1220;-0.159819;-0.117792;0.065857
1221;-0.013573;-0.140283;0.118261
1222;0.075601;-0.144332;0.136031
1223;0.193030;-0.085562;-0.001753
1224;0.168630;-0.111318;-0.072514
1225;0.174707;-0.149569;-0.137416
1226;0.157852;-0.117834;-0.121641
1227;0.143422;-0.004681;-0.138426
1228;0.329421;0.122487;-0.153811
1229;0.377545;0.171533;-0.097127
1230;0.210600;0.457243;0.099471
1231;-0.249351;0.314221;-0.032061
1232;-0.297188;-0.057054;0.166193
1233;-0.190387;0.173060;0.012683
1234;-0.051254;0.342034;0.018671
1235;-0.119447;0.113024;0.089506
1236;-0.113904;-0.098309;0.024709
1237;0.023199;-0.347921;-0.042934
1238;0.049501;-0.490408;-0.015862
1239;-0.051765;-0.439821;-0.011613
1240;0.066656;-0.361456;-0.104139
1241;-0.017747;-0.116059;-0.138186
1242;-0.111029;0.533877;-0.187759
1243;0.038698;0.172693;-0.255355
1244;-0.049548;-0.263759;-0.406730
1245;-0.178427;1.159457;0.292948
1246;-0.065927;-0.235201;0.103176
1247;-0.322487;-0.272085;0.309122
1248;-0.215680;0.061650;0.345754
1249;-0.016357;0.091035;0.206626
1250;-0.110077;-0.142765;0.057584
1251;-0.026793;-0.145555;0.175736
1252;-0.013067;-0.187564;0.124887
1253;0.156110;-0.054001;-0.036715
1254;0.219232;-0.065817;-0.111393
1255;0.257243;-0.115158;-0.169685
1256;0.211759;-0.076091;-0.168124
1257;0.128107;-0.058029;-0.107340
1258;0.183728;0.217616;-0.163963
1259;0.266840;0.243075;-0.097791
1260;0.279815;0.306090;0.143296
1261;-0.195674;0.116822;0.128181
1262;-0.506633;0.012157;0.028637
1263;-0.112543;0.226917;0.192390
1264;-0.006519;0.313325;-0.007107
1265;-0.219595;0.112028;0.049708
1266;-0.077368;-0.132725;0.069336
1267;-0.000719;-0.366059;-0.041409
1268;0.011404;-0.409095;0.010706
1269;-0.037941;-0.474256;-0.034375
1270;0.071641;-0.313671;-0.130168
1271;-0.051911;0.042332;-0.140696
1272;-0.053181;0.435016;-0.252000
1273;0.047573;-0.185637;-0.153467
1274;-0.220289;-0.018050;-0.544288
1275;0.126224;1.266679;0.323646
1276;-0.206408;-0.171148;0.076966
1277;-0.375028;-0.324990;0.253535
1278;-0.215596;-0.019393;0.296813
1279;-0.024538;0.079398;0.118046
1280;0.052434;-0.117163;0.016906
1281;0.061486;-0.172023;0.166169
1282;0.100009;-0.039928;0.065698
1283;0.091070;-0.128756;-0.088091
1284;0.144530;-0.145558;-0.106409
1285;0.158786;-0.067563;-0.130719
1286;0.175021;-0.100678;-0.059656
1287;0.191202;0.093031;-0.128846
1288;0.302897;0.165913;-0.172073
1289;0.285028;0.340270;0.068043
1290;-0.059504;0.328803;0.006485
1291;-0.260213;-0.016472;0.154966
1292;-0.312857;0.016484;0.030694
1293;-0.148525;0.327644;-0.011504
1294;-0.048397;0.229122;0.016990
1295;-0.117269;-0.056572;0.049159
1296;-0.001839;-0.181571;-0.024767
1297;-0.000569;-0.340143;-0.061888
1298;-0.054546;-0.437846;0.030658
1299;0.032410;-0.368413;-0.027682
1300;0.114294;-0.270321;-0.159072
1301;-0.017041;0.062586;-0.131788
1302;-0.060502;0.333308;-0.273590
1303;0.121817;-0.033430;-0.249608
1304;-0.129271;0.047168;-0.528197
1305;-0.002528;1.452058;0.534180
1306;-0.318897;-0.412059;-0.016743
1307;-0.364409;-0.461129;0.324428
1308;-0.178166;0.220099;0.340654
1309;-0.086708;0.011079;0.121187
1310;-0.029095;-0.145480;0.028820
1311;0.104313;-0.154651;0.161976
1312;0.126224;-0.098517;0.073187
1313;0.149070;-0.090820;-0.090687
1314;0.162527;-0.119150;-0.131929
1315;0.163034;-0.113521;-0.222438
1316;0.188659;-0.072025;-0.168448
1317;0.207783;0.008038;-0.077357
1318;0.266565;0.249066;-0.138260
1319;0.245614;0.287448;-0.027219
1320;0.079186;0.332610;0.037427
1321;-0.183285;0.014809;0.226356
1322;-0.412413;-0.059163;0.001410
1323;-0.204280;0.344223;0.082456
1324;0.059593;0.311656;0.077125
1325;-0.151481;0.022430;0.054715
1326;-0.108442;-0.241150;0.053145
1327;-0.020756;-0.397713;-0.055607
1328;-0.044901;-0.383116;-0.016247
1329;-0.015998;-0.390675;-0.029342
1330;0.082830;-0.249863;-0.142403
1331;0.000211;0.130501;-0.090730
1332;0.008114;0.282978;-0.255805
1333;0.082366;-0.207448;-0.250978
1334;-0.154572;0.135281;-0.576166
1335;0.246010;1.244482;0.391295
1336;-0.169063;-0.269836;0.126121
1337;-0.354779;-0.396090;0.284003
1338;-0.243636;0.041724;0.284973
1339;-0.109212;0.157011;0.174962
1340;-0.062080;-0.110541;0.011555
1341;0.000334;-0.172712;0.162184
1342;0.092631;-0.114470;0.109142
1343;0.173926;-0.068633;-0.067029
1344;0.154664;-0.138948;-0.086990
1345;0.117746;-0.138978;-0.229720
1346;0.103755;-0.103528;-0.088994
1347;0.103623;0.032601;-0.106900
1348;0.304170;0.163367;-0.218366
1349;0.419563;0.345118;-0.010876
1350;0.241173;0.414915;0.051050
1351;-0.164307;0.189273;0.116446
1352;-0.336491;-0.085744;0.076452
1353;-0.269879;0.237804;0.102469
1354;-0.158520;0.299699;0.036516
1355;-0.202859;0.018602;0.093652
1356;-0.102336;-0.185495;0.060143
1357;0.017300;-0.402295;-0.076768
1358;-0.005465;-0.407436;0.016033
1359;0.010031;-0.450728;-0.010227
1360;0.077032;-0.325230;-0.137514
1361;-0.102901;0.038978;-0.157255
1362;-0.005628;0.507797;-0.218361
1363;0.134388;0.011138;-0.225024
1364;-0.242364;0.065957;-0.438296
1365;0.077793;0.809628;0.333009
1366;-0.210584;-0.234876;0.142621
1367;-0.459520;-0.079815;0.305454
1368;-0.174326;0.124956;0.346354
1369;-0.049147;-0.014993;0.234553
1370;-0.059932;-0.159110;0.026431
1371;0.018458;-0.059542;0.155756
1372;0.118106;-0.142270;0.090259
1373;0.247704;-0.198933;-0.079675
1374;0.189081;-0.148591;-0.179291
1375;0.174952;0.001467;-0.132883
1376;0.223847;0.045932;-0.086391
1377;0.177137;0.097221;-0.168553
1378;0.170855;-0.092189;-0.175168
1379;0.310763;0.285122;-0.106582
1380;0.342265;0.520362;0.116953
1381;-0.061219;0.201530;0.059319
1382;-0.310829;-0.102629;0.144597
1383;-0.379670;0.184304;-0.044832
1384;-0.073890;0.390735;-0.019672
1385;0.006660;0.115481;0.141297
1386;-0.008035;-0.108062;0.071744
1387;-0.060986;-0.349994;-0.067939
1388;-0.036815;-0.418173;0.000286
1389;-0.045932;-0.544894;0.052123
1390;0.046722;-0.390704;-0.021135
1391;-0.157983;0.000637;-0.097834
1392;-0.105473;0.620010;-0.174579
1393;0.134355;0.115380;-0.286976
1394;0.117629;-0.428879;-0.208312
1395;-0.418366;0.697793;-0.299357
1396;0.112572;0.429961;0.410904
1397;-0.410771;-0.235928;0.030289
1398;-0.302200;-0.351289;0.358107
1399;0.060719;0.205713;0.417305
1400;-0.123193;-0.072214;0.077256
1401;-0.006221;-0.084652;0.117906
1402;0.043638;-0.124760;0.118489
1403;0.173601;-0.104554;0.016530
1404;0.234691;-0.155744;-0.106631
1405;0.229150;-0.176191;-0.169037
1406;0.156020;-0.085423;0.003763
1407;0.085458;0.139060;-0.099949
1408;0.226521;0.041421;-0.168306
1409;0.405722;0.209031;-0.167097
1410;0.342577;0.462723;0.075250
1411;-0.088039;0.335716;-0.011687
1412;-0.260478;-0.020350;0.220010
1413;-0.326384;-0.068950;-0.033161
1414;-0.169874;0.242401;-0.054334
1415;-0.057704;0.227262;0.080452
1416;-0.023111;-0.061345;0.073426
1417;0.027575;-0.262553;-0.036807
1418;0.035502;-0.365196;-0.044596
1419;-0.035156;-0.390318;0.061386
1420;0.020490;-0.351677;-0.007497
1421;-0.047709;-0.180151;-0.110330
1422;-0.090561;0.262650;-0.141608
1423;0.014646;0.310309;-0.245498
1424;0.152646;-0.170957;-0.157884
1425;-0.041159;-0.166015;-0.388162
1426;-0.245766;1.230151;0.312382
1427;-0.223155;-0.190714;0.254621
1428;-0.373610;-0.298907;0.199080
1429;-0.309286;0.061111;0.375931
1430;0.082837;0.165664;0.176465
1431;-0.099978;-0.146937;0.021997
1432;-0.011217;-0.140065;0.136138
1433;0.091764;-0.125047;0.069230
1434;0.221837;-0.098365;-0.070434
1435;0.241631;-0.126590;-0.158781
1436;0.255183;-0.130921;-0.179231
1437;0.150628;-0.144990;-0.035097
1438;0.116051;0.014302;-0.074235
1439;0.184744;0.129111;-0.199738
1440;0.354457;0.262745;-0.080518
1441;0.299763;0.448132;0.123010
1442;-0.051983;0.234956;0.075250
1443;-0.359578;-0.080352;0.121186
1444;-0.384015;0.243407;-0.008052
1445;-0.085318;0.343367;0.023584
1446;-0.098580;0.040032;0.150088
1447;-0.092094;-0.169525;-0.006429
1448;-0.048939;-0.333910;-0.115618
1449;0.064145;-0.409391;0.053660
1450;0.007418;-0.511559;-0.001361
1451;0.044456;-0.290146;-0.112377
1452;-0.079084;0.063148;-0.097677
1453;-0.073365;0.363065;-0.219651
1454;0.129991;0.047324;-0.236315
1455;0.102133;-0.294398;-0.258571
1456;-0.362851;0.874429;0.003189
1457;-0.172767;-0.000450;0.292323
1458;-0.368698;-0.209968;0.148451
1459;-0.346228;-0.122695;0.334567
1460;0.104525;0.147943;0.326357
1461;-0.017636;-0.004669;0.045107
1462;0.004325;-0.093133;0.090205
1463;0.019863;-0.225674;0.081022
1464;0.212158;-0.090684;-0.038419
1465;0.165403;-0.146699;-0.109186
1466;0.218028;-0.126244;-0.170324
1467;0.181107;-0.083983;-0.020797
1468;0.170510;0.078433;-0.116802
1469;0.224290;0.153678;-0.205538
1470;0.349576;0.254299;-0.086047
1471;0.259119;0.419774;0.042047
1472;-0.135380;0.245327;0.025183
1473;-0.330671;-0.107676;0.152817
1474;-0.314480;0.079166;-0.015867
1475;-0.121526;0.275541;-0.051317
1476;-0.000833;0.091629;0.072213
1477;0.017118;-0.107577;0.077715
1478;0.027431;-0.257167;-0.035981
1479;-0.013913;-0.375351;0.028734
1480;-0.102238;-0.452047;0.033876
1481;0.039614;-0.383346;-0.031701
1482;-0.097747;-0.123215;-0.117493
1483;-0.044882;0.482592;-0.210118
1484;0.110547;0.187080;-0.297430
1485;0.118696;-0.387558;-0.230019
1486;-0.449156;0.850637;-0.096959
1487;-0.004261;0.047224;0.229685
1488;-0.297648;-0.281562;0.249811
1489;-0.374645;-0.079947;0.407907
1490;0.009538;0.209039;0.265831
1491;-0.134912;-0.117421;0.096574
1492;-0.026755;-0.144267;0.091915
1493;0.055751;-0.145759;0.104972
1494;0.240658;-0.066438;-0.007919
1495;0.210752;-0.147374;-0.136795
1496;0.222824;-0.138471;-0.202864
1497;0.213023;-0.066409;-0.120453
1498;0.150985;0.037182;-0.119318
1499;0.142935;0.062913;-0.156865
1500;0.250876;0.212992;-0.192334
1501;0.300950;0.378854;0.056446
1502;0.036782;0.362057;0.033190
1503;-0.147742;0.041358;0.130558
1504;-0.217543;-0.105412;-0.030450
1505;-0.157883;0.213547;0.021595
1506;-0.072242;0.216420;0.054382
1507;-0.104642;-0.015598;0.130341
1508;-0.031379;-0.179098;0.023763
1509;-0.027334;-0.312084;-0.075862
1510;-0.055236;-0.365621;0.060770
1511;0.000232;-0.432825;-0.004081
1512;-0.017683;-0.283242;-0.118971
1513;-0.117842;0.149658;-0.133826
1514;-0.027563;0.320439;-0.215718
1515;0.071197;-0.188562;-0.232097
1516;-0.100838;0.003390;-0.414924
1517;-0.077059;1.222902;0.357601
1518;-0.294586;-0.131642;0.136934
1519;-0.316570;-0.331223;0.300404
1520;-0.174829;0.060986;0.391712
1521;-0.008652;0.095493;0.124398
1522;-0.072720;-0.163505;0.100408
1523;-0.018056;-0.167260;0.169619
1524;0.095903;-0.097387;0.087490
1525;0.192395;-0.095175;-0.070848
1526;0.238088;-0.095317;-0.142088
1527;0.276770;-0.081845;-0.146575
1528;0.208367;-0.102685;-0.075470
1529;0.168318;0.006433;-0.132144
1530;0.213157;0.099557;-0.185520
1531;0.332865;0.307212;-0.076199
1532;0.155421;0.452382;0.112592
1533;-0.096660;0.129767;0.097900
1534;-0.289248;-0.104937;0.053532
1535;-0.296507;0.201607;-0.038738
1536;0.011421;0.235486;-0.015161
1537;-0.022204;0.024635;0.169819
1538;-0.040137;-0.152735;0.033559
1539;-0.074174;-0.260136;-0.105112
1540;-0.016772;-0.358752;0.058689
1541;-0.098946;-0.481455;0.028780
1542;0.040281;-0.373551;-0.070501
1543;-0.068785;-0.080954;-0.086171
1544;-0.083195;0.458292;-0.191942
1545;0.097200;0.244590;-0.377447
1546;0.056604;-0.283857;-0.294401
1547;-0.458271;1.036566;0.048624
1548;-0.039091;-0.151211;0.159227
1549;-0.324678;-0.335489;0.212621
1550;-0.357564;0.064094;0.395443
1551;0.175038;0.227126;0.221707
1552;-0.075742;-0.143398;0.090119
1553;-0.101568;-0.234555;0.092975
1554;0.066654;-0.117601;0.132777
1555;0.186998;-0.149758;-0.000496
1556;0.142989;-0.220796;-0.110617
1557;0.223948;-0.083379;-0.168671
1558;0.181577;0.048788;-0.089723
1559;0.196883;0.081813;-0.121361
1560;0.208658;0.141606;-0.213302
1561;0.395725;0.260245;-0.170335
1562;0.242682;0.467798;0.073015
1563;-0.104579;0.298567;-0.039945
1564;-0.270506;-0.140698;0.214084
1565;-0.288767;-0.056411;0.031492
1566;-0.159429;0.231861;-0.034154
1567;-0.041756;0.130970;0.091913
1568;-0.015108;-0.126169;0.079538
1569;0.020810;-0.237922;-0.052084
1570;0.057896;-0.286519;-0.051388
1571;-0.104815;-0.391448;0.022550
1572;0.049988;-0.420597;-0.029772
1573;-0.001611;-0.210260;-0.126893
1574;-0.172310;0.412455;-0.141422
1575;-0.058352;0.273037;-0.262376
1576;0.161429;-0.295957;-0.248657
1577;-0.337188;0.713290;-0.141297
1578;0.136946;0.257852;0.473241
1579;-0.284807;-0.369144;0.055096
1580;-0.413523;-0.303942;0.301031
1581;0.093002;0.341834;0.351110
1582;-0.072506;-0.089717;0.083563
1583;-0.008717;-0.183272;0.058307
1584;0.099704;-0.125977;0.144874
1585;0.188083;-0.049612;0.006204
1586;0.172046;-0.132787;-0.128545
1587;0.225350;-0.120449;-0.130523
1588;0.202417;-0.091061;-0.174680
1589;0.161581;-0.097884;-0.092667
1590;0.101386;0.190972;-0.161286
1591;0.220941;0.209614;-0.192226
1592;0.276311;0.432042;-0.000755
1593;0.018869;0.223111;0.028670
1594;-0.267359;-0.077037;0.155799
1595;-0.367973;0.074335;0.017448
1596;-0.101481;0.200116;-0.021421
1597;-0.013019;0.170695;0.077089
1598;-0.059677;-0.099156;0.055233
1599;-0.041649;-0.240487;-0.051224
1600;-0.033730;-0.323818;-0.059276
1601;-0.119273;-0.326072;-0.008387
1602;0.074615;-0.265272;-0.051568
1603;0.084405;-0.105164;-0.116884
1604;-0.028493;0.078815;-0.122205
1605;-0.023208;0.131492;-0.223749
1606;0.055650;0.056887;-0.181844
1607;-0.172389;0.208040;-0.396525
1608;-0.148039;0.850284;0.506237
1609;-0.208991;-0.467214;0.108212
1610;-0.148511;-0.405248;0.224317
1611;-0.025922;0.367111;0.280119
1612;-0.015455;-0.081413;0.087721
1613;0.032532;-0.109290;0.045199
1614;0.118306;-0.129019;0.100546
1615;0.099810;-0.124331;-0.004557
1616;0.128024;-0.072663;-0.095098
1617;0.102137;-0.089979;-0.105246
1618;0.116211;-0.035807;-0.102490
1619;0.113060;-0.036456;-0.044982
1620;0.105153;0.207408;-0.094487
1621;0.164037;0.223733;-0.154018
1622;0.251893;0.223399;-0.056176
1623;0.146264;0.223052;0.009764
1624;-0.152350;-0.067102;0.118410
1625;-0.352623;-0.052478;0.004483
1626;-0.185880;0.164448;0.020636
1627;-0.000412;0.202062;0.025827
1628;-0.022084;0.007922;0.047857
1629;0.029506;-0.108578;0.010630
1630;-0.014982;-0.200867;-0.055425
1631;-0.116111;-0.309292;0.038657
1632;-0.095944;-0.319758;-0.023932
1633;0.095996;-0.151043;-0.032685
1634;-0.031297;-0.007391;-0.021760
1635;-0.061824;0.028637;-0.250463
1636;0.080946;0.063527;-0.170965
1637;0.132292;0.077654;-0.163517
1638;-0.111841;0.149256;-0.433576
1639;-0.159125;0.785395;0.423822
1640;-0.287911;-0.441893;0.122282
1641;-0.150775;-0.372229;0.178066
1642;-0.062898;0.291917;0.244053
1643;0.012985;-0.032514;0.081350
1644;0.027803;-0.052293;0.081821
1645;0.022995;-0.187576;0.130835
1646;0.095670;-0.048437;0.001823
1647;0.107521;-0.051939;-0.042142
1648;0.100633;-0.046887;-0.079147
1649;0.085415;0.005490;-0.053697
1650;0.037982;-0.021804;-0.069806
1651;0.055646;0.093894;-0.068975
1652;0.005435;0.078111;-0.069850
1653;0.109374;0.084810;-0.101285
1654;0.233971;0.069609;-0.120886
1655;0.249090;0.181036;-0.118780
1656;0.180249;0.079447;-0.047931
1657;0.079320;0.063074;0.069171
1658;-0.105578;-0.063526;0.061464
1659;-0.233545;-0.129661;0.026448
1660;-0.242973;0.084915;-0.002399
1661;-0.138733;0.138161;0.102376
1662;-0.059119;0.023716;0.006854
1663;-0.002487;0.008059;-0.064207
1664;0.014957;-0.047774;-0.007428
1665;-0.080778;-0.120855;-0.016293
1666;-0.073140;-0.106924;-0.010496
1667;-0.018967;-0.139486;0.008730
1668;-0.000026;-0.076292;-0.095309
1669;0.085506;-0.089010;-0.076983
1670;0.081304;-0.093217;-0.143713
1671;0.037040;-0.072522;-0.133220
1672;-0.005455;0.018510;-0.090844
1673;-0.032169;-0.095350;-0.104853
1674;-0.226945;0.230460;0.014074
1675;-0.168748;0.238811;0.078268
1676;-0.082255;-0.147629;-0.022400
1677;-0.088618;-0.131285;0.035027
1678;0.092783;-0.000492;0.171957
1679;-0.008056;0.003468;0.168612
1680;-0.022777;0.024409;0.085398
1681;0.043627;0.012615;0.033296
1682;0.032984;0.039975;0.045251
1683;0.023867;-0.000256;0.019978
1684;0.027664;-0.061620;0.081642
1685;0.066483;0.031020;-0.016417
1686;0.102252;0.026614;-0.058277
1687;0.152147;-0.023498;-0.007083
1688;0.087338;0.021299;0.022537
1689;-0.065678;0.010580;-0.087574
1690;-0.070047;-0.007903;-0.054364
1691;0.044934;-0.050720;-0.011749
1692;0.038692;0.004477;-0.036337
1693;0.010173;-0.020789;-0.063763
1694;0.051362;-0.001583;-0.049806
1695;0.019167;0.004847;0.009959
1696;-0.058030;-0.016090;0.032557
1697;-0.082707;0.002347;0.010450
1698;-0.068443;-0.011331;-0.010235
1699;-0.018514;0.001748;-0.018812
1700;-0.011458;-0.021893;-0.013484
1701;-0.004880;-0.010219;-0.001727
1702;-0.024441;-0.005695;-0.002428
1703;-0.037112;0.004994;0.008815
1704;-0.049748;0.012022;0.019445
1705;-0.037715;-0.004529;0.020557
1706;-0.004846;-0.007774;0.013355
1707;0.018473;-0.011148;0.006594
1708;0.009869;-0.002690;0.006445
1709;-0.007070;-0.000626;0.001942
1710;-0.019006;-0.007142;0.005933
1711;-0.019438;-0.007099;-0.006241
1712;-0.013695;-0.000613;-0.001830
1713;-0.007134;-0.006541;-0.007246
1714;-0.000931;-0.010812;-0.013125
1715;0.010455;-0.001290;-0.008009
1716;0.012324;-0.004536;-0.002716
1717;0.013759;-0.003439;0.002074
1718;0.015743;-0.002654;0.003798
1719;0.004198;-0.011904;0.003794
1720;-0.014115;-0.017463;-0.006625
1721;-0.013763;0.007365;0.002150
1722;-0.010691;-0.002871;0.004073
1723;-0.010699;-0.008559;-0.006053
1724;-0.003971;-0.009133;-0.001623
1725;0.010417;-0.004336;-0.010437
1726;0.010748;-0.002907;-0.005341
1727;0.006482;-0.004596;-0.001442
1728;0.003072;-0.001583;-0.005454
1729;-0.003265;-0.001641;-0.000150
1730;-0.007328;-0.015275;-0.000437
1731;0.000830;-0.009811;0.002885
1732;-0.004268;-0.000128;0.004906
1733;-0.009018;-0.004384;0.005515
1734;-0.007544;-0.006568;-0.000259
1735;-0.004277;-0.000316;-0.002122
1736;-0.001793;-0.003297;0.002091
1737;0.000418;-0.008253;-0.005009
1738;-0.001637;-0.002498;-0.003408
1739;-0.000441;-0.009023;-0.000955
1740;0.000471;-0.001612;-0.006848
1741;-0.000015;-0.004098;-0.002787
1742;0.008632;-0.003751;-0.006276
1743;0.004674;-0.009694;-0.007400
1744;0.008162;-0.001947;-0.003413
1745;0.008057;-0.004319;-0.006318
1746;0.011546;-0.007947;-0.002093
1747;0.002320;-0.001886;0.001676
1748;-0.004099;-0.003863;0.004017
1749;-0.001217;-0.003058;-0.002556
1750;0.001134;-0.008652;-0.002911
1751;0.003431;-0.005258;-0.002408
1752;0.004489;-0.007406;0.002853
1753;0.001918;-0.006427;-0.000562
1754;0.005267;-0.005800;-0.002928