index;x;y;z
0;-0.011099;-0.010520;-0.009968
1;-0.001087;-0.003829;0.002061
2;-0.002015;-0.002484;0.008016
3;-0.001828;0.003158;-0.000162
4;-0.002641;-0.011295;-0.008862
5;0.003357;-0.005940;0.013611
6;-0.001499;-0.000649;-0.006421
7;-0.003368;-0.006484;-0.004917
8;-0.002696;-0.001199;0.007595
9;-0.005826;-0.001757;0.007445
10;-0.002002;-0.003634;-0.005374
11;-0.005054;-0.005662;-0.002118
12;-0.003526;-0.000822;-0.011711
13;0.007022;-0.003739;-0.010119
14;0.000929;0.001209;-0.007289
15;-0.012122;0.000161;-0.018113
16;-0.014065;-0.013047;0.000765
17;-0.059774;0.013007;0.009148
18;-0.045981;-0.027162;0.008083
19;-0.021260;-0.005652;0.004470
20;0.002494;-0.011803;0.007044
21;0.022732;-0.001364;0.003568
22;0.022606;-0.009693;0.001861
23;0.035873;-0.006979;-0.004642
24;0.029880;0.001744;-0.000416
25;0.034555;-0.007133;0.005981
26;0.034880;-0.008647;0.013228
27;0.020620;-0.013048;0.014525
28;0.025651;-0.003064;0.023028
29;0.012713;-0.016605;0.015353
30;0.027589;-0.013682;0.010734
31;0.019578;-0.020085;-0.004517
32;0.027823;-0.017919;-0.015812
33;0.019468;-0.013378;-0.014495
34;-0.004169;-0.001638;-0.018126
35;-0.010466;-0.005205;-0.014916
36;-0.022121;-0.007809;-0.002771
37;-0.066166;0.003193;-0.000149
38;-0.069743;0.006921;-0.009096
39;-0.039647;0.004645;-0.010244
40;-0.015773;-0.004021;-0.004315
41;0.007397;0.000600;-0.011324
42;0.026404;0.008270;-0.010832
43;0.004535;0.006413;0.000011
44;-0.004654;-0.008082;0.006468
45;-0.024851;-0.017984;0.003674
46;-0.031544;-0.002058;0.002292
47;-0.016639;-0.010873;0.006104
48;-0.017577;-0.015356;-0.009001
49;-0.010247;0.009968;-0.015602
50;-0.013304;0.007751;-0.009347
51;-0.015421;-0.009312;-0.006737
52;-0.002136;-0.007975;-0.003350
53;0.004062;-0.009140;-0.006520
54;0.027217;-0.005026;-0.009996
55;0.032945;-0.007877;0.004407
56;0.026591;-0.007127;0.001614
57;0.020229;-0.009056;-0.007013
58;0.009768;-0.002443;0.002588
59;0.011700;-0.006828;0.010290
60;0.014443;-0.011451;0.006687
61;0.009714;-0.012934;0.018720
62;0.010557;-0.004107;0.014291
63;-0.002047;-0.004220;0.003483
64;0.004496;-0.005873;-0.001768
65;0.009568;-0.009937;-0.004327
66;0.017517;-0.005332;-0.002397
67;0.018402;-0.004776;-0.006401
68;0.016091;-0.007110;-0.012725
69;0.009180;-0.005344;-0.010029
70;-0.000081;-0.005115;-0.014437
71;-0.004914;-0.001948;-0.000138
72;-0.005819;-0.003391;-0.003773
73;-0.005005;-0.002198;0.006754
74;-0.012056;-0.002983;0.002934
75;-0.005631;-0.001785;0.005837
76;-0.005991;-0.006475;0.002566
77;0.009320;-0.007185;-0.004245
78;0.005037;-0.004614;0.001598
79;-0.004657;0.002447;-0.003794
80;-0.016382;-0.005114;-0.003596
81;-0.018848;-0.000618;0.000473
82;-0.013358;-0.000791;0.000083
83;-0.006900;-0.001895;0.005054
84;0.001618;-0.004207;0.003198
85;0.000503;-0.005019;-0.003734
86;0.002180;-0.007470;0.006742
87;0.000444;-0.003027;0.000312
88;-0.005056;-0.002701;0.000118
89;-0.007998;-0.008729;0.002541
90;-0.009380;-0.002208;0.006348
91;-0.014856;-0.002794;0.004726
92;-0.019879;-0.000364;0.008694
93;-0.022288;-0.003126;0.001328
94;0.026362;-0.041546;-0.010564
95;0.004337;-0.003871;0.003150
96;0.013580;-0.005969;0.001818
97;0.016360;-0.002285;-0.002586
98;0.025761;-0.003950;-0.007273
99;0.032521;-0.011954;-0.004204
100;0.043332;-0.011161;-0.001376
101;0.030353;-0.008714;-0.000517
102;0.017556;-0.005679;-0.005041
103;0.009818;-0.003439;-0.003976
104;-0.000175;-0.008497;0.006915
105;-0.007283;-0.005880;0.002215
106;-0.015498;-0.008794;0.003913
107;-0.018733;-0.010687;0.011253
108;-0.021154;-0.016604;0.018015
109;-0.027052;-0.019969;0.020724
110;-0.047972;-0.035613;0.037830
111;-0.060423;0.043058;0.053670
112;-0.029865;-0.017822;0.111048
113;-0.054328;0.001842;0.056597
114;-0.108423;0.028173;-0.016788
115;-0.121798;0.030683;-0.045374
116;-0.019379;-0.016964;0.029145
117;0.079662;-0.052621;0.043219
118;0.092413;-0.020258;0.002833
119;0.025530;-0.033626;-0.043853
120;-0.006077;-0.019884;-0.048312
121;0.018921;-0.027479;-0.006183
122;0.040314;-0.024407;0.006774
123;0.043048;0.004416;-0.023053
124;0.100142;-0.027080;-0.025529
125;0.155953;-0.034913;0.015740
126;0.190719;0.093285;0.089442
127;0.164613;0.117611;0.012797
128;0.097164;0.111915;-0.119204
129;0.069492;0.106999;-0.176115
130;-0.005488;0.028272;-0.098911
131;-0.178695;0.150236;-0.029626
132;-0.023880;0.107990;0.102897
133;-0.043069;0.043320;0.087192
134;-0.123244;0.025560;0.063230
135;-0.149115;-0.096845;0.072802
136;-0.175523;-0.174994;0.123027
137;-0.095173;-0.166909;0.097648
138;-0.052155;-0.119850;-0.004273
139;0.012176;-0.156135;-0.115111
140;0.222755;-0.050381;-0.194872
141;0.235217;-0.015352;-0.122783
142;-0.020209;-0.154214;0.043039
143;-0.161663;-0.271087;-0.063060
144;0.012580;0.770727;0.045263
145;-0.278778;0.033519;-0.021809
146;-0.374951;-0.295341;0.047923
147;0.064935;0.189818;0.364884
148;0.079283;0.029470;0.047091
149;-0.131040;0.017959;0.086257
150;-0.048113;-0.041129;0.004475
151;0.028250;-0.005956;0.069733
152;0.055117;-0.045275;0.056547
153;0.085663;-0.062055;0.001524
154;0.071810;-0.031853;-0.093327
155;0.047412;-0.055983;-0.047623
156;0.087641;-0.044592;-0.010297
157;0.071137;-0.022983;-0.032778
158;0.068488;-0.014027;0.002917
159;0.063509;-0.009746;0.015819
160;0.111715;0.038530;0.004873
161;0.148735;0.151502;0.019842
162;0.173042;0.149994;-0.022706
163;0.126491;0.148164;-0.051246
164;-0.051585;0.065054;-0.173479
165;-0.201059;0.113246;-0.191487
166;-0.057917;0.129972;0.116657
167;0.142770;0.100381;0.157978
168;0.071663;0.032798;0.108886
169;-0.113670;-0.081796;0.060186
170;-0.184707;-0.212961;0.085112
171;-0.098788;-0.211327;0.123282
172;-0.086025;-0.241832;0.150963
173;-0.035260;-0.240357;0.019441
174;0.277756;0.009866;-0.119619
175;0.215881;0.059317;-0.116744
176;-0.116604;0.062530;-0.168321
177;-0.055603;-0.053274;-0.151300
178;-0.116467;-0.052353;-0.017821
179;-0.235219;0.585535;-0.034601
180;-0.053856;0.104971;-0.043085
181;-0.270499;-0.196487;0.170449
182;-0.188597;-0.094691;0.269456
183;0.162748;0.040801;0.149857
184;-0.036540;0.030662;0.044012
185;-0.051947;-0.072708;-0.002953
186;-0.011860;-0.044086;0.046624
187;0.017643;-0.049874;0.104898
188;0.091848;-0.050382;0.054037
189;0.043175;-0.061449;-0.014842
190;0.048570;-0.031641;-0.054239
191;0.051307;0.025291;-0.074598
192;0.176104;0.005459;-0.103526
193;0.251187;-0.005725;0.005800
194;0.116546;0.033919;-0.058369
195;0.155677;0.028803;-0.055719
196;0.201395;0.001805;-0.131401
197;0.330117;0.114386;-0.057554
198;0.200622;-0.005845;-0.036098
199;-0.104808;0.157359;-0.141927
200;-0.260951;0.345997;0.082328
201;0.071341;0.168104;0.072329
202;0.037329;0.084284;0.037164
203;-0.199932;-0.079348;0.097449
204;-0.195802;-0.142908;0.117640
205;-0.169147;-0.155808;0.107554
206;-0.204483;-0.171632;0.138705
207;-0.154030;-0.234775;0.063408
208;-0.011418;-0.185512;-0.042613
209;0.224226;0.030539;-0.192546
210;0.244670;0.193532;-0.200869
211;0.083717;-0.001268;-0.173293
212;-0.098975;-0.223313;0.040694
213;-0.289101;0.663657;0.089997
214;-0.164190;-0.021222;-0.152160
215;-0.242324;-0.397902;0.442412
216;0.137450;0.199301;0.405667
217;0.130836;0.116354;-0.095551
218;-0.137541;-0.162878;0.020509
219;-0.006605;-0.104218;0.066005
220;0.082640;-0.015512;0.015364
221;0.079893;-0.037499;-0.001968
222;-0.019285;-0.043756;-0.025762
223;0.020193;-0.043024;-0.061096
224;0.044245;0.069109;-0.073099
225;0.232332;0.021962;0.037568
226;0.266737;0.021348;-0.015260
227;0.179034;0.002150;-0.080992
228;0.236120;0.104643;-0.106845
229;0.236092;0.065138;-0.023107
230;0.065854;0.092561;-0.165953
231;-0.165010;0.307754;-0.140313
232;-0.159577;0.178250;0.140464
233;0.145323;0.105092;0.025505
234;-0.049162;0.053548;0.048203
235;-0.237536;-0.078517;0.132627
236;-0.192817;-0.164036;0.171505
237;-0.270408;-0.212803;0.143264
238;-0.204797;-0.250473;0.097609
239;-0.030710;-0.209197;0.002359
240;0.164448;-0.057535;-0.210106
241;0.278830;0.155339;-0.277954
242;0.092094;0.018427;-0.210458
243;0.008503;-0.087445;-0.105527
244;-0.281219;0.479699;0.072534
245;-0.207343;-0.098155;0.285222
246;-0.119840;-0.270616;0.337791
247;-0.031521;0.299557;0.359978
248;-0.030930;0.109544;-0.054872
249;-0.160690;-0.036206;0.007139
250;-0.078155;-0.083430;0.180316
251;0.093384;-0.020285;0.061827
252;0.047410;-0.079476;-0.044987
253;0.031459;-0.076647;-0.042277
254;0.074863;-0.042416;-0.039914
255;0.157400;0.033753;-0.052050
256;0.263301;-0.021958;-0.071940
257;0.207139;-0.070839;-0.078270
258;0.322417;-0.008091;-0.086468
259;0.359661;0.294389;-0.016049
260;0.243578;0.309928;-0.182372
261;-0.145822;0.077276;-0.187792
262;-0.283177;0.332311;-0.067232
263;0.143740;0.017173;0.107583
264;0.132039;-0.096910;0.072745
265;-0.127735;0.003063;0.128762
266;-0.196052;-0.085757;0.107587
267;-0.251218;-0.171710;0.109814
268;-0.194695;-0.167284;0.194534
269;-0.069275;-0.296875;0.118448
270;0.078264;-0.135047;-0.120552
271;0.492300;0.136939;-0.201956
272;0.254243;0.107170;-0.203385
273;-0.211784;-0.261516;-0.004307
274;-0.435290;0.327957;-0.235547
275;-0.307224;0.306584;0.184100
276;-0.092352;-0.248561;0.496660
277;0.030377;0.234066;0.300517
278;0.006065;0.132308;-0.008713
279;-0.257216;-0.028257;0.020841
280;-0.149780;-0.097534;0.140607
281;0.045882;-0.056794;0.036779
282;0.120655;-0.035339;0.015371
283;0.113672;-0.044763;-0.019368
284;0.127130;-0.004507;-0.116807
285;0.240540;0.021733;-0.043953
286;0.329317;0.002810;-0.110779
287;0.296065;-0.003660;-0.031897
288;0.295942;0.153443;-0.134075
289;0.274522;0.113926;-0.031406
290;0.058861;0.061809;-0.143325
291;-0.163904;0.336982;-0.132368
292;-0.125490;0.263498;0.103125
293;0.110673;0.026650;0.081052
294;-0.113368;-0.025860;0.087452
295;-0.216432;-0.060413;0.085802
296;-0.191712;-0.157923;0.170907
297;-0.289538;-0.241262;0.190162
298;-0.242716;-0.310823;0.126610
299;-0.079142;-0.172746;-0.053796
300;0.256486;0.215979;-0.394953
301;0.475152;0.193701;-0.368715
302;0.036868;-0.212226;0.101101
303;-0.414083;0.439975;-0.022109
304;-0.349538;0.054961;0.010175
305;-0.040120;-0.265168;0.445021
306;-0.043424;0.185471;0.376883
307;0.158642;0.067468;-0.115530
308;-0.112859;-0.049509;0.004158
309;-0.112324;-0.141769;0.173088
310;0.062501;-0.072634;0.002043
311;0.021662;-0.011744;-0.037180
312;0.004378;-0.040626;-0.049415
313;0.193690;0.012957;-0.085911
314;0.260400;-0.010554;-0.057585
315;0.315229;-0.019847;-0.088945
316;0.286725;0.019438;-0.081107
317;0.358160;0.302550;-0.083837
318;0.199450;0.191787;-0.201227
319;-0.124163;0.071810;-0.195890
320;-0.257383;0.322702;0.053641
321;0.083843;0.193442;0.117443
322;-0.037788;0.046584;0.059221
323;-0.166358;-0.063989;0.102646
324;-0.198023;-0.238742;0.185981
325;-0.254648;-0.291798;0.181182
326;-0.278925;-0.353545;0.154579
327;-0.101059;-0.309282;0.053034
328;0.232589;0.046718;-0.314789
329;0.628367;0.419926;-0.429355
330;0.067237;-0.023211;-0.181783
331;-0.213208;0.012168;0.149007
332;-0.404157;0.956335;-0.052389
333;-0.288805;-0.427946;0.201413
334;-0.211753;-0.121054;0.661721
335;0.082156;0.154046;0.019320
336;-0.022286;-0.095533;-0.074633
337;-0.050013;-0.065384;0.149384
338;0.123004;-0.081062;0.116210
339;0.079263;-0.037738;-0.033945
340;0.045736;-0.059017;-0.037712
341;0.115533;0.006366;-0.063471
342;0.225041;0.048912;-0.134266
343;0.306894;-0.031657;-0.051510
344;0.465298;-0.036004;-0.056986
345;0.328595;-0.010907;-0.102550
346;0.267679;0.192119;-0.099289
347;0.034742;0.225596;-0.142531
348;-0.368022;0.451908;-0.052486
349;-0.143671;0.290566;0.147064
350;0.187480;0.146173;-0.004975
351;-0.123484;0.028221;0.071472
352;-0.267405;-0.087805;0.149148
353;-0.193207;-0.266134;0.183284
354;-0.323212;-0.377978;0.183918
355;-0.235456;-0.322846;0.135394
356;-0.009303;-0.171658;-0.122862
357;0.371503;0.193762;-0.315680
358;0.427780;0.140307;-0.349335
359;0.129408;-0.121246;0.072912
360;-0.382701;0.358052;-0.174697
361;-0.629526;0.431937;-0.186049
362;-0.052194;-0.220863;0.440718
363;-0.094163;0.069826;0.493527
364;0.054036;0.102817;0.000451
365;-0.060947;-0.037354;-0.047968
366;-0.132580;-0.098210;0.119950
367;0.111932;-0.116663;0.120627
368;0.186266;-0.036186;-0.041947
369;0.166706;-0.079197;-0.041654
370;0.247088;-0.043096;-0.098552
371;0.294196;-0.021113;-0.135000
372;0.374867;0.075228;-0.090703
373;0.243382;-0.039556;-0.082033
374;0.343436;0.048768;-0.059258
375;0.252914;0.185324;-0.080595
376;0.020453;0.108123;-0.107233
377;-0.222267;0.329478;-0.089043
378;-0.031642;0.333117;0.190206
379;0.005007;0.089165;0.048239
380;-0.173186;0.064180;0.049342
381;-0.247681;-0.058048;0.177480
382;-0.211623;-0.256786;0.189585
383;-0.257300;-0.350321;0.209894
384;-0.121206;-0.362271;0.114800
385;0.165878;-0.142801;-0.150714
386;0.620035;0.190661;-0.210186
387;0.292667;0.086259;-0.304128
388;-0.319177;-0.248465;-0.055621
389;-0.459840;0.669472;-0.070143
390;-0.272243;0.027136;0.358655
391;-0.130708;-0.373443;0.350291
392;0.080808;0.223695;0.357363
393;0.062462;0.095148;-0.061980
394;-0.201022;-0.122805;0.052147
395;-0.148815;-0.132225;0.061455
396;0.043270;-0.037164;-0.017571
397;0.074474;-0.083252;-0.062482
398;0.114085;-0.051626;-0.057655
399;0.187139;0.063701;-0.024416
400;0.244504;0.026406;0.011118
401;0.206103;0.006436;-0.054898
402;0.259213;0.039495;-0.108333
403;0.316987;0.140733;-0.118278
404;0.293235;0.081682;-0.028241
405;0.115974;0.101589;-0.138688
406;-0.195980;0.425151;-0.193378
407;-0.085134;0.271254;0.256592
408;0.127758;0.111887;-0.019627
409;-0.092227;0.034903;0.097561
410;-0.286315;-0.198352;0.210998
411;-0.292803;-0.398053;0.210930
412;-0.268027;-0.338727;0.246012
413;-0.133653;-0.258869;0.101598
414;0.034877;-0.157556;-0.128602
415;0.424573;0.314737;-0.355175
416;0.319123;0.248150;-0.362900
417;-0.136793;-0.398145;0.086229
418;-0.339566;0.517528;0.104774
419;-0.428751;0.369584;0.194358
420;-0.178793;-0.447821;0.433630
421;-0.033771;0.255767;0.318453
422;0.081964;0.012140;-0.138261
423;-0.021120;-0.063256;0.068080
424;0.039628;-0.246584;0.094621
425;0.131609;-0.093963;-0.011381
426;0.138667;-0.020897;-0.042195
427;0.167171;-0.058998;-0.021273
428;0.191805;-0.010873;-0.062139
429;0.254684;0.022231;-0.003759
430;0.308830;0.039017;-0.029429
431;0.158084;0.066746;-0.123248
432;0.314592;0.267995;-0.119843
433;0.265378;0.200750;-0.089489
434;-0.103442;-0.004862;-0.192878
435;-0.313838;0.402677;-0.037618
436;0.082377;0.213064;0.182891
437;0.010234;0.028675;0.088476
438;-0.152228;0.010777;0.102890
439;-0.255826;-0.184886;0.163081
440;-0.273573;-0.372288;0.183694
441;-0.231873;-0.479529;0.214597
442;-0.030978;-0.365789;0.085018
443;0.247900;0.076706;-0.406051
444;0.807286;0.628701;-0.348646
445;0.048039;-0.067747;-0.190300
446;-0.433725;0.077720;0.148144
447;-0.529193;0.420059;-0.011746
448;-0.029969;-0.262394;0.292373
449;-0.052593;0.153309;0.432839
450;0.011946;0.060159;0.063857
451;-0.140570;-0.126204;-0.054812
452;-0.087724;-0.047378;0.158279
453;0.022067;-0.065374;0.075100
454;0.077101;0.015235;-0.016904
455;0.089095;0.016047;-0.026665
456;0.150278;0.006878;-0.076782
457;0.175958;-0.005494;-0.181760
458;0.363209;-0.026625;-0.127224
459;0.381007;-0.079703;-0.092764
460;0.474270;0.335922;-0.029772
461;0.178492;0.205850;-0.102399
462;-0.253996;0.272316;-0.216033
463;-0.441749;0.506552;0.068084
464;0.211736;0.133115;0.123733
465;0.112012;-0.073898;0.128663
466;-0.139748;-0.159375;0.206805
467;-0.219055;-0.309339;0.178486
468;-0.235459;-0.294306;0.176427
469;-0.292397;-0.218216;0.145909
470;-0.110530;-0.234047;0.076641
471;0.131257;-0.068393;-0.221493
472;0.464868;0.249084;-0.420036
473;0.238795;0.140687;-0.317456
474;-0.167589;-0.303225;-0.030372
475;-0.206667;0.491535;0.215767
476;-0.407649;0.179480;0.049040
477;-0.196305;-0.380872;0.314689
478;-0.117407;0.196289;0.438898
479;0.138645;0.089436;-0.055259
480;0.018410;-0.108285;0.043356
481;0.010297;-0.152295;0.151932
482;0.151324;-0.058255;0.012504
483;0.120967;-0.039512;-0.017426
484;0.090963;-0.056530;-0.057428
485;0.144764;0.004052;-0.135078
486;0.179175;-0.066851;-0.096856
487;0.320915;0.047283;-0.097920
488;0.194029;0.059132;-0.122614
489;0.325215;0.149365;-0.083768
490;0.230623;0.106125;-0.073189
491;-0.016001;0.210229;-0.092410
492;-0.419379;0.474153;0.117412
493;0.039827;0.244899;0.137004
494;-0.020458;-0.017749;0.060894
495;-0.144833;-0.086124;0.135334
496;-0.168259;-0.266929;0.199326
497;-0.226646;-0.400763;0.233905
498;-0.215031;-0.373137;0.172134
499;-0.077205;-0.299541;0.015973
500;0.215576;0.050938;-0.324597
501;0.522541;0.416242;-0.426161
502;0.113835;0.174576;-0.248735
503;-0.206413;-0.036338;-0.032095
504;-0.167621;0.405542;0.279129
505;-0.493842;-0.127646;-0.029205
506;-0.070826;-0.341009;0.316321
507;0.161226;0.359719;0.337733
508;0.116242;0.055072;-0.022572
509;-0.103319;-0.175664;0.005797
510;-0.085919;-0.154993;0.105705
511;0.126790;-0.103201;0.066792
512;0.144215;-0.078521;0.000538
513;0.108292;-0.088110;-0.064778
514;0.156109;0.095831;-0.145590
515;0.216928;0.171864;-0.021857
516;0.334684;-0.013471;-0.113929
517;0.351823;0.049191;-0.238526
518;0.293212;0.181073;-0.200537
519;0.256786;0.408697;-0.073988
520;0.102191;0.314447;0.128034
521;0.094578;0.222762;0.053221
522;-0.400383;0.182095;0.078324
523;-0.420777;-0.136692;0.177794
524;-0.198229;-0.264588;0.212110
525;-0.059833;-0.339052;0.217648
526;-0.181550;-0.450010;0.202502
527;-0.136389;-0.437237;0.025099
528;0.138863;0.021112;-0.365221
529;0.643633;0.612144;-0.426634
530;0.101823;-0.075581;-0.309822
531;-0.200621;0.016055;0.026391
532;-0.065390;0.942111;0.235634
533;-0.501596;-0.549070;0.022208
534;-0.116661;-0.004884;0.684863
535;0.099440;0.355833;0.180086
536;-0.116743;0.076657;-0.089150
537;-0.236698;-0.176501;0.127569
538;-0.069424;-0.107716;0.217011
539;0.201773;0.063248;0.019476
540;0.089990;-0.065848;-0.058700
541;0.090691;-0.105413;-0.070370
542;0.272980;0.046627;-0.075662
543;0.267483;-0.045941;-0.111440
544;0.355504;-0.084819;-0.152434
545;0.325163;-0.077068;-0.226956
546;0.241868;0.192409;-0.135867
547;0.139228;0.277295;-0.137722
548;-0.011877;0.294837;-0.076046
549;-0.259667;0.391919;0.193946
550;0.130691;0.278745;0.067493
551;-0.036805;0.056715;0.035047
552;-0.133721;-0.059544;0.225220
553;-0.208525;-0.304591;0.288986
554;-0.326196;-0.369375;0.233510
555;-0.287317;-0.391695;0.188875
556;-0.017109;-0.239256;-0.036712
557;0.453511;0.240468;-0.355833
558;0.401871;0.228800;-0.301732
559;-0.026232;-0.217358;-0.107592
560;-0.136415;-0.137295;-0.096504
561;-0.240927;0.908850;0.316334
562;-0.336845;-0.379209;0.125866
563;-0.210221;-0.257451;0.569364
564;0.118930;0.405740;0.074519
565;-0.097395;0.048224;-0.121439
566;-0.151939;-0.129172;0.115266
567;0.052308;-0.126266;0.135358
568;0.145339;-0.036345;-0.020964
569;0.110807;-0.031915;-0.069556
570;0.085951;-0.072396;-0.056821
571;0.208572;0.020236;-0.065638
572;0.325175;-0.043316;-0.082032
573;0.351351;-0.052378;-0.057634
574;0.307458;0.055182;-0.183011
575;0.335915;0.273187;-0.157790
576;0.144383;0.223864;-0.150626
577;-0.212088;0.380552;-0.210334
578;-0.114475;0.267752;0.155741
579;0.237455;0.061949;0.091248
580;-0.066630;0.071326;0.091558
581;-0.226247;-0.078916;0.182673
582;-0.249083;-0.287160;0.171381
583;-0.268281;-0.325700;0.233678
584;-0.191249;-0.336311;0.217553
585;-0.082503;-0.293510;-0.013880
586;0.194237;0.120123;-0.552850
587;0.724295;0.448613;-0.379698
588;-0.022455;-0.278786;0.120224
589;-0.423139;0.111788;0.030231
590;-0.394274;0.688747;-0.064221
591;-0.091003;-0.411381;0.221765
592;-0.194702;0.221965;0.532815
593;0.070756;0.027206;-0.069190
594;-0.013360;-0.067645;0.045064
595;-0.039519;-0.213451;0.161459
596;0.189625;-0.047368;0.033314
597;0.158511;-0.026409;-0.079366
598;0.078483;-0.103490;-0.049367
599;0.171701;-0.030721;-0.095105
600;0.206648;0.078365;-0.155774
601;0.370858;0.032479;-0.131490
602;0.348122;0.048722;-0.115451
603;0.293626;0.273449;-0.144297
604;0.144407;0.045292;-0.113262
605;-0.102885;0.205659;-0.117734
606;-0.246379;0.369237;0.177641
607;0.164907;0.254005;0.092968
608;-0.050655;0.030797;0.007438
609;-0.208942;-0.109708;0.136620
610;-0.207428;-0.227607;0.212285
611;-0.223240;-0.256632;0.207760
612;-0.258692;-0.321951;0.204634
613;-0.089580;-0.266237;0.048854
614;0.147882;-0.026577;-0.252873
615;0.537117;0.250326;-0.289845
616;0.108245;0.133214;-0.245705
617;-0.199974;-0.254794;-0.065170
618;-0.294642;0.783396;0.021382
619;-0.306120;-0.170748;0.045592
620;-0.009591;-0.528337;0.635514
621;0.133276;0.301079;0.414521
622;0.042134;0.127566;-0.152675
623;-0.228031;-0.157504;0.036925
624;-0.090212;-0.159819;0.089352
625;0.152244;0.010970;-0.008750
626;0.101449;-0.094695;-0.015148
627;0.117010;-0.049957;-0.064362
628;0.182210;-0.047231;-0.061702
629;0.226652;-0.017163;-0.064987
630;0.266809;0.091906;-0.126503
631;0.166834;0.126253;-0.140446
632;0.350801;0.090349;-0.177068
633;0.255965;0.296882;-0.099238
634;0.068824;0.197972;-0.204061
635;-0.112279;0.258287;-0.115359
636;0.099125;0.184045;0.288739
637;0.262296;0.033163;0.120283
638;0.014826;0.062811;0.055572
639;-0.243629;-0.086706;0.206064
640;-0.345726;-0.301508;0.194262
641;-0.300304;-0.304671;0.216726
642;-0.122407;-0.226960;0.163877
643;0.018717;-0.135032;-0.047471
644;0.284432;0.258681;-0.466922
645;0.354265;0.197200;-0.231455
646;-0.117138;-0.408982;-0.022902
647;-0.151357;0.060616;0.208115
648;-0.224539;1.385742;-0.455865
649;-0.265642;-0.694817;0.144494
650;-0.326330;-0.108332;0.639158
651;0.264021;0.171662;-0.049953
652;0.007845;-0.056572;-0.029983
653;-0.169224;-0.215532;0.158430
654;0.118492;-0.054727;0.046628
655;0.127053;-0.016447;-0.058085
656;0.084780;-0.005537;-0.039137
657;0.129768;-0.033251;-0.118023
658;0.298698;0.024451;-0.017889
659;0.378703;0.042913;-0.091187
660;0.414623;0.056262;-0.132695
661;0.474726;0.279938;-0.092181
662;0.224223;0.032279;-0.117876
663;-0.203818;0.084417;-0.291927
664;-0.386170;0.538181;0.113195
665;0.220684;0.326252;0.077496
666;0.084204;0.076113;0.022795
667;-0.178900;-0.137974;0.173054
668;-0.288660;-0.273547;0.226111
669;-0.260450;-0.328903;0.236663
670;-0.237905;-0.360230;0.228692
671;-0.134048;-0.278454;0.102615
672;0.079269;0.027075;-0.243705
673;0.577109;0.373536;-0.369464
674;0.085513;0.051482;-0.293634
675;-0.178032;-0.197095;0.121408
676;-0.043979;0.810416;0.204668
677;-0.612489;-0.249390;0.018794
678;-0.269542;-0.403733;0.395602
679;0.178003;0.312886;0.393270
680;0.147423;0.079616;0.000565
681;-0.105928;-0.155543;-0.000848
682;-0.023946;-0.073115;0.038909
683;0.125807;-0.044698;0.087132
684;0.155385;-0.102046;-0.027861
685;0.174446;-0.056738;-0.051755
686;0.148904;-0.056969;-0.121444
687;0.227344;0.076598;-0.102978
688;0.229608;0.042762;-0.122613
689;0.465497;0.020029;-0.125350
690;0.353202;0.063646;-0.136530
691;0.313778;0.092659;-0.150997
692;0.022923;0.110497;-0.188250
693;-0.398291;0.513129;-0.134066
694;-0.141548;0.355827;0.222927
695;0.157692;0.140373;0.034905
696;-0.033629;-0.004881;0.109733
697;-0.238830;-0.126068;0.183077
698;-0.245256;-0.356959;0.238639
699;-0.225776;-0.468386;0.287425
700;-0.155363;-0.417814;0.183878
701;-0.028946;-0.274101;-0.114654
702;0.402160;0.327828;-0.551879
703;0.676421;0.527797;-0.429452
704;-0.069872;-0.178688;-0.248919
705;-0.252637;0.549181;0.351086
706;-0.696217;-0.190877;0.137385
707;-0.030735;-0.636425;0.257202
708;0.137951;0.519004;0.473323
709;0.117611;0.071846;-0.087683
710;-0.063787;-0.091227;0.016394
711;-0.078152;-0.160873;0.142246
712;0.054018;-0.055650;0.024478
713;0.087801;-0.097292;-0.091060
714;0.076361;-0.068370;-0.026073
715;0.255433;-0.037906;-0.106901
716;0.285877;-0.025785;-0.077628
717;0.274370;0.065838;-0.099326
718;0.196200;0.139669;-0.183681
719;0.297253;0.337276;-0.223133
720;0.132322;0.098053;-0.114478
721;-0.074350;0.442417;-0.040970
722;-0.110358;0.251262;0.312165
723;0.138827;0.177756;-0.019687
724;-0.113385;-0.123451;0.034344
725;-0.293115;-0.313034;0.228181
726;-0.338475;-0.380455;0.222987
727;-0.293852;-0.472410;0.173902
728;-0.093883;-0.199047;-0.014918
729;0.282105;0.124792;-0.250355
730;0.512158;0.351169;-0.332785
731;0.225270;0.124321;-0.213593
732;-0.176755;-0.517845;0.401411
733;-0.795198;0.027422;-0.014517
734;0.624448;1.666428;0.251073
735;-0.438504;-0.813395;0.558718
736;-0.269063;0.153662;0.154276
737;0.366113;0.250585;-0.213810
738;-0.248177;-0.309157;0.145658
739;0.269291;-0.186225;0.102470
740;0.365139;-0.166456;-0.115189
741;0.146078;-0.079389;-0.095498
742;0.140603;-0.040556;-0.148478
743;0.186758;0.064285;-0.019843
744;0.208250;0.068581;0.055649
745;0.297475;0.036687;-0.085561
746;0.353915;0.175921;-0.035349
747;0.287953;0.185492;-0.003849
748;-0.045130;0.135005;-0.150937
749;-0.262637;0.268126;-0.092412
750;-0.080866;0.335659;0.179343
751;0.131274;0.167955;0.049556
752;-0.150958;0.058916;0.088039
753;-0.292051;-0.125408;0.182625
754;-0.195121;-0.352621;0.211812
755;-0.180255;-0.390964;0.218297
756;-0.171458;-0.392578;0.210876
757;-0.057389;-0.210070;-0.068619
758;0.436442;0.349599;-0.444296
759;0.476185;0.236917;-0.342233
760;-0.106537;-0.268459;-0.015561
761;-0.241659;0.075928;0.049645
762;-0.208711;0.954014;0.150345
763;-0.238302;-0.344220;0.167293
764;-0.172655;-0.428545;0.589939
765;0.202133;0.317157;0.139226
766;-0.101902;-0.089548;-0.124330
767;-0.162109;-0.145224;0.020515
768;-0.033946;-0.156452;0.022890
769;0.176657;0.010774;-0.039121
770;0.141239;-0.104399;-0.014030
771;0.136170;-0.074746;-0.059747
772;0.172281;0.021769;-0.097757
773;0.237436;0.098368;-0.053644
774;0.318775;0.048365;-0.080850
775;0.274971;0.094739;-0.163633
776;0.368383;0.330356;-0.158022
777;0.254198;0.214332;-0.227813
778;-0.103801;0.192349;-0.222934
779;-0.210066;0.313564;0.175612
780;0.226858;0.118138;0.206230
781;-0.049254;-0.038245;0.068269
782;-0.240791;-0.135214;0.144113
783;-0.229996;-0.306893;0.169791
784;-0.240714;-0.466391;0.243177
785;-0.153395;-0.407700;0.192754
786;-0.039851;-0.259510;-0.039128
787;0.271839;0.220761;-0.567978
788;0.763023;0.640905;-0.402831
789;0.068776;-0.156229;-0.206471
790;-0.236926;-0.195702;0.222196
791;-0.419043;1.389354;-0.027815
792;-0.291348;-0.601002;0.260068
793;-0.250778;-0.181911;0.874696
794;0.074147;0.120465;-0.116994
795;0.085436;0.034211;-0.139172
796;-0.182181;-0.265130;0.123311
797;0.252637;-0.139248;0.171984
798;0.265398;-0.018520;-0.129065
799;-0.008848;-0.033932;-0.087235
800;-0.036442;0.007556;-0.065356
801;0.265846;0.059691;-0.093767
802;0.426183;0.040647;-0.079291
803;0.429277;0.022216;-0.096121
804;0.405376;0.034015;-0.127644
805;0.267943;0.103923;-0.063949
806;-0.160912;0.330083;-0.192697
807;-0.360624;0.447421;0.021248
808;0.150150;0.216855;0.149037
809;0.096905;0.060903;-0.001414
810;-0.155970;-0.065331;0.082707
811;-0.234809;-0.170756;0.190267
812;-0.193374;-0.264824;0.234242
813;-0.233611;-0.321871;0.258020
814;-0.147086;-0.360481;0.154567
815;0.019054;-0.188952;-0.139820
816;0.366759;0.307097;-0.541390
817;0.568602;0.347114;-0.371121
818;-0.072391;-0.175724;-0.063615
819;-0.423446;0.361056;0.042108
820;-0.415881;0.082973;0.082525
821;-0.043918;-0.179822;0.373310
822;-0.006920;0.270272;0.390173
823;0.016587;0.027004;-0.045596
824;-0.065502;-0.140925;0.064925
825;0.032735;-0.122766;0.153002
826;0.169097;-0.085652;0.009967
827;0.073859;-0.026040;-0.074745
828;0.089449;-0.027111;-0.052240
829;0.220575;0.020653;-0.139352
830;0.310036;-0.017131;-0.122835
831;0.369157;-0.013596;-0.178479
832;0.429949;0.025481;0.001333
833;0.196687;0.231985;-0.213292
834;-0.222258;0.279570;-0.193341
835;-0.219338;0.396303;0.122338
836;0.337343;0.233058;0.090971
837;0.019525;-0.048101;0.038310
838;-0.218268;-0.082627;0.159081
839;-0.249176;-0.323009;0.247102
840;-0.207013;-0.385798;0.207130
841;-0.171220;-0.255797;0.168189
842;-0.091001;-0.204559;0.101258
843;0.086400;-0.031106;-0.276973
844;0.445097;0.272321;-0.506060
845;0.310250;0.132780;-0.379332
846;0.112264;-0.016010;0.000901
847;-0.372906;0.490894;0.278827
848;-0.528498;-0.166400;0.041134
849;-0.156121;-0.287517;0.507377
850;0.003974;0.331900;0.358085
851;0.105738;0.038742;-0.061913
852;-0.096282;-0.120529;-0.000867
853;0.055228;-0.088939;0.210075
854;0.207280;-0.038200;0.041794
855;0.086384;-0.108430;-0.064184
856;0.113717;-0.079802;-0.060063
857;0.158273;0.023440;-0.056401
858;0.162649;0.072784;-0.111665
859;0.325813;-0.011710;-0.118279
860;0.395080;-0.010648;-0.144290
861;0.371503;0.050630;-0.150573
862;0.381793;0.291758;-0.047689
863;0.098017;0.213795;-0.181040
864;-0.148068;0.278834;-0.189553
865;-0.222361;0.325226;0.150065
866;0.176377;0.081265;0.124473
867;0.018445;-0.027129;0.079879
868;-0.116509;-0.106190;0.150053
869;-0.154909;-0.250441;0.217482
870;-0.257842;-0.345864;0.242364
871;-0.243540;-0.395537;0.193142
872;-0.084249;-0.251459;-0.011032
873;0.232205;0.216497;-0.491531
874;0.642777;0.387601;-0.429646
875;0.046500;-0.189075;-0.135611
876;-0.301927;0.012988;0.210055
877;-0.393869;0.967596;-0.430572
878;-0.174018;-0.311393;0.269383
879;-0.272124;-0.186541;0.555377
880;0.328843;0.180776;0.074995
881;0.095061;-0.103394;-0.041563
882;-0.096216;-0.139623;0.129147
883;0.072492;-0.097136;0.066504
884;0.063968;-0.007692;-0.070784
885;0.063905;-0.088426;-0.071877
886;0.096657;-0.055768;-0.068173
887;0.293598;0.045566;-0.119639
888;0.262226;0.045679;-0.093770
889;0.393371;0.051159;-0.068099
890;0.366299;0.131832;-0.116010
891;0.310304;0.161698;-0.095663
892;0.242183;0.100084;-0.180373
893;-0.220547;0.399749;-0.247081
894;-0.249377;0.344307;0.240398
895;0.217841;0.104859;0.146168
896;-0.033661;-0.042226;0.051213
897;-0.288072;-0.126177;0.143593
898;-0.279011;-0.323237;0.230425
899;-0.275222;-0.348355;0.269302
900;-0.178612;-0.378189;0.240207
901;-0.082526;-0.254667;-0.097761
902;0.442653;0.377113;-0.721441
903;0.755428;0.372574;-0.346591
904;-0.289910;-0.316527;-0.038631
905;-0.364305;0.531044;-0.064668
906;-0.321790;-0.157536;0.175551
907;0.085665;-0.367667;0.519032
908;0.042885;0.385180;0.302393
909;-0.079748;-0.032516;-0.091526
910;-0.078474;-0.079424;0.089986
911;0.001409;-0.214173;0.163473
912;0.233850;-0.116541;0.001207
913;0.103920;-0.070164;-0.062627
914;0.116278;-0.024536;-0.063850
915;0.173722;0.063275;-0.148105
916;0.314962;0.058301;-0.078193
917;0.565955;0.026442;-0.130759
918;0.448190;0.031029;-0.087718
919;0.360600;0.300167;-0.134571
920;0.132707;0.232095;-0.154989
921;-0.279163;0.383394;-0.176908
922;-0.320797;0.272283;0.180503
923;0.161184;0.119217;0.071515
924;-0.052430;-0.046709;0.051506
925;-0.179762;-0.103144;0.187263
926;-0.178289;-0.280479;0.224560
927;-0.249426;-0.353538;0.226145
928;-0.229135;-0.390303;0.202150
929;-0.044474;-0.264729;-0.014096
930;0.322224;0.254363;-0.485705
931;0.587216;0.353735;-0.360780
932;-0.052609;-0.059746;-0.244672
933;-0.350571;-0.036646;0.207348
934;-0.486989;0.723641;0.112489
935;-0.181729;-0.244130;0.351760
936;0.128288;0.007925;0.521955
937;0.088374;0.081029;0.101739
938;-0.089200;-0.051350;-0.109641
939;-0.118671;-0.133165;0.031834
940;-0.006212;-0.187882;0.128544
941;0.233283;-0.072016;-0.058357
942;0.125286;-0.129133;-0.075769
943;0.189838;-0.076963;-0.055426
944;0.251648;-0.014989;-0.118415
945;0.272888;0.048657;-0.082802
946;0.287771;0.071386;-0.110073
947;0.214595;0.129273;-0.189204
948;0.385462;0.184076;-0.095735
949;0.174361;0.133045;-0.205291
950;-0.244563;0.413969;-0.171240
951;-0.093476;0.277563;0.282622
952;0.276098;0.111837;0.090960
953;-0.070089;-0.001728;0.070010
954;-0.235353;-0.105903;0.145617
955;-0.231062;-0.299229;0.221563
956;-0.239105;-0.354700;0.259001
957;-0.193895;-0.333806;0.157214
958;-0.031332;-0.186323;-0.140276
959;0.386134;0.318199;-0.480373
960;0.530221;0.141213;-0.271581
961;-0.192355;-0.216365;-0.059222
962;-0.098966;0.604636;0.015791
963;-0.490714;-0.011809;-0.102696
964;-0.191259;-0.422961;0.490273
965;0.045336;0.399482;0.518830
966;0.005114;0.002872;-0.092756
967;-0.091469;-0.090622;-0.002980
968;-0.040933;-0.146339;0.130983
969;0.159778;-0.055562;0.042521
970;0.184315;-0.048528;-0.066431
971;0.148765;-0.085117;-0.046982
972;0.145981;-0.052336;-0.093859
973;0.210966;0.011600;-0.031911
974;0.295507;0.038095;-0.048136
975;0.337723;0.097175;-0.107094
976;0.334683;0.099579;-0.221264
977;0.433464;0.237314;-0.123961
978;0.259123;0.097651;-0.091836
979;-0.133726;0.193517;-0.134330
980;-0.256846;0.317788;0.170377
981;0.166778;0.199755;0.082883
982;-0.007824;0.027098;-0.055562
983;-0.185691;-0.058364;0.117870
984;-0.207530;-0.176296;0.235790
985;-0.258903;-0.284986;0.187261
986;-0.269937;-0.348067;0.209795
987;-0.058217;-0.309057;0.083189
988;0.102917;-0.114114;-0.205367
989;0.504389;0.340486;-0.373643
990;0.357600;0.119263;-0.361416
991;-0.108279;-0.333420;-0.086836
992;-0.000371;0.539512;0.302190
993;-0.670008;0.017028;-0.101638
994;-0.267791;-0.289429;0.310662
995;0.102720;0.398270;0.440132
996;0.117499;0.005156;-0.092609
997;-0.084098;-0.141586;0.065371
998;-0.063018;-0.185207;0.118791
999;0.152985;-0.050742;-0.000155
1000;0.148913;-0.054071;-0.076749
1001;0.128339;-0.085752;-0.063346
1002;0.125598;0.024349;-0.148631
1003;0.236940;0.002084;-0.064785
1004;0.431829;0.095514;-0.122449
1005;0.289462;0.055350;-0.136420
1006;0.378301;0.155000;-0.104980
1007;0.314125;0.057198;-0.077809
1008;-0.072434;0.252924;-0.143257
1009;-0.339163;0.404053;0.200851
1010;0.238305;0.242227;0.093191
1011;-0.008721;-0.011023;-0.029408
1012;-0.167616;-0.057322;0.112675
1013;-0.207103;-0.177043;0.212488
1014;-0.230585;-0.370041;0.237790
1015;-0.253803;-0.299456;0.222186
1016;-0.162845;-0.259121;0.026856
1017;0.004128;-0.032571;-0.300183
1018;0.500181;0.272942;-0.336114
1019;0.320740;0.034534;-0.317591
1020;-0.023441;-0.315495;0.081508
1021;-0.130092;0.537710;0.020588
1022;-0.344483;0.286069;-0.210483
1023;-0.215920;-0.522735;0.437124
1024;0.031444;0.192821;0.576465
1025;0.143199;0.088530;-0.107312
1026;-0.147841;-0.093811;0.045726
1027;-0.051040;-0.181749;0.077260
1028;0.179454;-0.100798;-0.009885
1029;0.115882;-0.079901;-0.046806
1030;0.116132;-0.045333;-0.070050
1031;0.138057;-0.025843;-0.089550
1032;0.201244;0.023673;-0.163253
1033;0.340477;0.040664;-0.080493
1034;0.425213;0.056238;-0.075963
1035;0.408894;0.202963;-0.130376
1036;0.420187;0.174038;-0.085721
1037;0.027730;0.081644;-0.119194
1038;-0.460598;0.526590;-0.074833
1039;-0.182461;0.273798;0.225294
1040;0.090508;0.075682;0.064973
1041;-0.052029;-0.127693;0.154872
1042;-0.170175;-0.205624;0.177538
1043;-0.204050;-0.281705;0.202543
1044;-0.253901;-0.367306;0.225546
1045;-0.116979;-0.347390;0.105725
1046;0.076333;-0.164256;-0.168086
1047;0.455889;0.336300;-0.445081
1048;0.413352;0.219953;-0.386438
1049;-0.066999;-0.308106;-0.111304
1050;-0.036616;0.516200;0.121644
1051;-0.413130;0.201906;0.052272
1052;-0.022326;-0.548527;0.460032
1053;0.007829;0.297540;0.513177
1054;-0.030319;0.035479;-0.057294
1055;-0.102435;-0.074246;-0.030394
1056;-0.072254;-0.146864;0.095182
1057;0.116153;-0.119723;0.099746
1058;0.184542;-0.042982;-0.072537
1059;0.161818;-0.027321;-0.061268
1060;0.104469;-0.038159;-0.104471
1061;0.227405;0.034018;-0.099439
1062;0.326809;0.082764;-0.068205
1063;0.386110;0.072871;-0.103526
1064;0.388028;0.074564;-0.119439
1065;0.348146;0.089025;-0.132557
1066;0.018552;0.115656;-0.172390
1067;-0.314625;0.438323;-0.038284
1068;-0.065842;0.369570;0.179146
1069;0.128137;0.132659;0.032121
1070;-0.094636;-0.071409;0.114675
1071;-0.251695;-0.223386;0.200031
1072;-0.188729;-0.378643;0.216024
1073;-0.195133;-0.417933;0.204557
1074;-0.148480;-0.345903;0.180040
1075;-0.005947;-0.115206;-0.127166
1076;0.442086;0.362080;-0.546092
1077;0.578750;0.335475;-0.474153
1078;-0.057461;-0.196749;-0.190548
1079;-0.177370;0.335908;0.225210
1080;-0.659447;0.210748;0.097976
1081;-0.106976;-0.480933;0.294201
1082;0.020474;0.269073;0.439094
1083;0.111441;-0.013733;-0.052178
1084;0.058930;-0.073608;-0.023007
1085;-0.065227;-0.203344;0.069272
1086;0.102973;-0.081904;0.043041
1087;0.148591;-0.032129;-0.104565
1088;0.046567;-0.015709;-0.076685
1089;0.165043;0.052966;-0.119884
1090;0.362966;0.022769;-0.063928
1091;0.397016;0.035710;-0.087530
1092;0.314141;-0.087287;-0.107059
1093;0.376413;0.241439;-0.253484
1094;0.205749;0.171181;-0.131558
1095;-0.182701;0.459168;-0.113058
1096;-0.215482;0.292157;0.175201
1097;0.104406;0.084974;0.008636
1098;-0.033312;-0.035061;0.051839
1099;-0.127291;-0.062688;0.222970
1100;-0.207219;-0.222335;0.212883
1101;-0.339066;-0.235353;0.243545
1102;-0.269231;-0.324773;0.158957
1103;-0.057645;-0.269237;-0.039824
1104;0.314002;0.111153;-0.458547
1105;0.646942;0.381882;-0.510480
1106;0.069235;-0.334130;-0.005792
1107;-0.707082;-0.011401;0.085927
1108;0.017651;1.184496;-0.409834
1109;-0.057420;-0.664289;0.499418
1110;-0.123429;0.046271;0.513014
1111;0.213507;0.132498;-0.074384
1112;-0.047667;-0.085798;0.047579
1113;-0.108512;-0.198563;0.137716
1114;0.122167;-0.072234;0.021341
1115;0.103271;-0.053862;-0.055568
1116;0.131252;-0.060139;0.008173
1117;0.120495;0.020624;-0.086368
1118;0.063220;0.037970;-0.193913
1119;0.264861;0.026378;-0.026849
1120;0.642957;-0.005715;-0.008319
1121;0.474348;0.122480;-0.090465
1122;0.273136;0.211143;-0.145372
1123;0.029064;0.189148;-0.147514
1124;-0.281627;0.365911;-0.059071
1125;-0.112748;0.337054;0.139805
1126;0.140252;0.159199;0.051740
1127;-0.090905;-0.074861;0.136041
1128;-0.234995;-0.224424;0.185024
1129;-0.174177;-0.347611;0.193094
1130;-0.248569;-0.392005;0.218230
1131;-0.161085;-0.349693;0.157157
1132;0.007055;-0.122445;-0.199743
1133;0.613766;0.315991;-0.345267
1134;0.376217;0.121058;-0.299002
1135;-0.178223;-0.129214;-0.137493
1136;-0.237809;0.177909;-0.138330
1137;-0.227102;0.940524;-0.076025
1138;-0.495191;-0.612068;0.238675
1139;-0.218284;-0.329389;0.615375
1140;0.378428;0.393846;0.189224
1141;0.105140;-0.130525;-0.075837
1142;-0.031540;-0.234839;-0.011939
1143;0.128656;-0.171216;0.052179
1144;0.238105;0.014095;-0.051961
1145;-0.005053;-0.037701;-0.094856
1146;-0.148011;-0.043420;-0.120113
1147;0.223896;0.184323;-0.066921
1148;0.408224;0.093562;-0.001183
1149;0.521886;0.004508;-0.198511
1150;0.586028;0.023770;-0.088993
1151;0.416795;0.061250;-0.080262
1152;-0.149973;0.235633;-0.243313
1153;-0.369483;0.471899;0.070193
1154;0.104971;0.269619;0.157072
1155;0.055632;0.129104;-0.010978
1156;-0.197299;-0.055048;0.136738
1157;-0.264571;-0.219453;0.225020
1158;-0.201036;-0.330477;0.246135
1159;-0.244082;-0.312275;0.229055
1160;-0.159069;-0.256678;0.083559
1161;0.075097;-0.044450;-0.249119
1162;0.425376;0.116046;-0.366487
1163;0.351081;0.016979;-0.422851
1164;-0.034652;-0.195027;0.074110
1165;-0.324421;0.664770;-0.121227
1166;-0.383700;0.232559;-0.088983
1167;-0.242555;-0.282520;0.505345
1168;0.063308;0.190742;0.539971
1169;0.370527;0.227302;-0.000881
1170;-0.069349;-0.195766;-0.045536
1171;-0.101717;-0.134722;0.048318
1172;0.117633;-0.103748;0.124799
1173;0.154272;-0.075227;-0.081328
1174;0.114322;-0.158838;-0.082335
1175;0.157088;-0.042530;-0.067986
1176;0.330960;0.121745;-0.033911
1177;0.191420;0.080167;-0.144107
1178;0.443564;0.014458;-0.055619
1179;0.437480;-0.001317;-0.158257
1180;0.406094;0.197346;-0.062747
1181;0.377539;0.252107;-0.096783
1182;-0.400973;0.420554;-0.256062
1183;-0.376745;0.280405;0.214469
1184;0.286393;0.067993;0.110281
1185;-0.013914;-0.025951;0.039972
1186;-0.194600;-0.024648;0.120179
1187;-0.217904;-0.242516;0.213194
1188;-0.281847;-0.364676;0.241769
1189;-0.177797;-0.369166;0.198721
1190;-0.010915;-0.293333;-0.025821
1191;0.239650;0.041453;-0.434508
1192;0.593299;0.389052;-0.356242
1193;0.090222;-0.102016;-0.064289
1194;-0.218743;0.220987;-0.035793
1195;-0.410365;0.703857;-0.210975
1196;-0.263529;-0.638634;0.240159
1197;0.061870;0.073833;0.663543
1198;0.111650;0.069209;-0.097884
1199;0.024535;-0.046952;-0.063257
1200;-0.100671;-0.113689;0.096639
1201;-0.004029;-0.067170;0.052211
1202;0.095071;-0.008459;-0.031473
1203;0.085615;-0.031710;-0.036437
1204;0.224827;-0.002068;-0.049005
1205;0.318954;0.023476;-0.120124
1206;0.493221;-0.036899;-0.094936
1207;0.387177;0.015480;-0.160008
1208;0.205502;0.037541;-0.294212
1209;0.207790;0.218781;-0.233414
1210;0.156699;0.224948;-0.038925
1211;-0.298309;0.510445;0.134785
1212;-0.012114;0.347331;0.097539
1213;-0.055022;-0.031090;-0.062088
1214;-0.109746;-0.093418;0.096448
1215;-0.112728;-0.114122;0.250105
1216;-0.213651;-0.299058;0.226577
1217;-0.323726;-0.446334;0.254064
1218;-0.113175;-0.341224;0.094330
1219;0.124407;-0.038735;-0.237038
1220;0.532987;0.403723;-0.415231
1221;0.245972;0.181380;-0.331165
1222;-0.106787;-0.314856;0.026965
1223;-0.198999;-0.074422;0.040970
1224;-0.133099;1.183808;-0.151064
1225;-0.186204;-0.624631;0.239352
1226;-0.081955;0.066633;0.473771
1227;0.013862;0.109655;-0.108344
1228;-0.016528;-0.051635;-0.023345
1229;-0.019826;-0.259231;0.099021
1230;0.202607;-0.054747;-0.004548
1231;0.143260;-0.053413;-0.123552
1232;0.108882;-0.106580;-0.055375
1233;0.210626;-0.093618;-0.047046
1234;0.238798;0.050868;-0.041527
1235;0.238007;0.107767;-0.052667
1236;0.306491;0.090511;-0.115105
1237;0.391992;0.204114;-0.144968
1238;0.434986;0.108705;-0.056212
1239;0.006642;0.204423;-0.231483
1240;-0.438254;0.455024;0.017693
1241;0.076331;0.240997;0.206391
1242;0.227695;0.100640;0.102704
1243;-0.121915;-0.040646;0.112330
1244;-0.275617;-0.173820;0.209559
1245;-0.216307;-0.399522;0.262719
1246;-0.237898;-0.442563;0.270812
1247;-0.207085;-0.321706;0.141282
1248;0.050040;-0.043153;-0.263146
1249;0.499119;0.360271;-0.493767
1250;0.326776;0.064693;-0.307629
1251;-0.082495;-0.243670;0.134897
1252;-0.274599;0.184081;-0.148435
1253;-0.321146;0.953397;-0.082641
1254;-0.308470;-0.463980;0.333174
1255;-0.095258;-0.018959;0.658310
1256;0.187622;0.069299;0.008852
1257;0.056366;-0.001741;-0.062244
1258;-0.068676;-0.194883;0.071121
1259;0.110973;-0.159876;0.078333
1260;0.190883;-0.055357;-0.101491
1261;0.190432;-0.116877;-0.031238
1262;0.165760;-0.113447;-0.068325
1263;0.205599;0.086377;-0.153862
1264;0.192466;0.044155;-0.123875
1265;0.431543;0.074986;-0.141748
1266;0.535029;0.235472;-0.020515
1267;0.318550;0.238208;-0.165411
1268;-0.110604;0.038418;-0.223683
1269;-0.356132;0.446540;-0.014496
1270;0.112461;0.214370;0.222734
1271;0.193804;0.022080;0.135230
1272;-0.057836;-0.157342;0.183496
1273;-0.215676;-0.262050;0.170311
1274;-0.240241;-0.304014;0.150082
1275;-0.232021;-0.357561;0.167642
1276;-0.132881;-0.292051;0.141711
1277;0.011567;-0.030538;-0.208277
1278;0.571939;0.380563;-0.493743
1279;0.370273;0.120494;-0.387975
1280;-0.111969;-0.147690;0.014042
1281;-0.175234;0.938353;-0.081293
1282;-0.464045;-0.316847;0.137217
1283;-0.172912;-0.597145;0.599296
1284;0.131922;0.436267;0.399182
1285;0.036877;0.008977;-0.110340
1286;-0.020999;-0.118655;0.001168
1287;0.060032;-0.183788;0.115946
1288;0.212676;-0.081642;0.025087
1289;0.109701;-0.012467;-0.062806
1290;0.055880;-0.047831;-0.062797
1291;0.093980;-0.009325;-0.112748
1292;0.208025;0.054104;-0.146327
1293;0.372517;0.035523;-0.073310
1294;0.470193;0.066925;-0.103285
1295;0.304905;0.220135;-0.179897
1296;0.362673;0.086985;-0.130269
1297;0.022428;0.136379;-0.209627
1298;-0.376499;0.532416;-0.047950
1299;0.061084;0.255841;0.238485
1300;0.096818;0.074386;0.062062
1301;-0.101393;-0.103249;0.102901
1302;-0.248331;-0.240605;0.207450
1303;-0.253452;-0.350184;0.243340
1304;-0.228851;-0.385951;0.291484
1305;-0.136316;-0.307629;0.144920
1306;0.037455;-0.045814;-0.334717
1307;0.801239;0.483204;-0.536974
1308;0.299403;-0.030495;-0.303418
1309;-0.283897;-0.171562;0.250056
1310;-0.536406;0.785409;-0.320796
1311;-0.089242;-0.243073;0.367064
1312;0.012000;-0.186105;0.725825
1313;0.229116;0.258932;0.159878
1314;0.059787;-0.005026;-0.107992
1315;-0.216264;-0.070942;0.053182
1316;-0.084697;-0.128861;0.143972
1317;0.144072;-0.022917;-0.045256
1318;0.171777;-0.098946;-0.024099
1319;0.212469;-0.052386;-0.070871
1320;0.260344;0.011963;-0.219598
1321;0.339168;0.043757;-0.130863
1322;0.436347;0.000491;-0.127257
1323;0.306875;0.100470;-0.166161
1324;0.220946;0.204249;-0.233806
1325;0.164343;0.105135;-0.127412
1326;-0.191733;0.492338;0.024196
1327;0.071271;0.331097;0.220228
1328;0.052512;0.088436;0.029727
1329;-0.156645;-0.110707;0.114199
1330;-0.203155;-0.272842;0.198126
1331;-0.218850;-0.361644;0.210944
1332;-0.268958;-0.407855;0.262748
1333;-0.139292;-0.325779;0.137818
1334;0.023695;-0.122984;-0.249966
1335;0.683312;0.646478;-0.673608
1336;0.362112;0.189174;-0.295926
1337;-0.395436;-0.446633;0.175799
1338;-0.300546;0.443443;0.315673
1339;-0.363138;0.278176;-0.230695
1340;-0.176545;-0.399349;0.349096
1341;0.124879;0.302447;0.372788
1342;0.050678;0.025483;-0.092486
1343;-0.043071;-0.127124;0.081645
1344;-0.044442;-0.195546;0.097042
1345;0.099592;-0.008625;-0.032072
1346;0.109365;-0.036089;-0.100833
1347;0.143335;-0.069719;-0.000499
1348;0.251084;0.012948;-0.068281
1349;0.317073;-0.044515;-0.044316
1350;0.355254;-0.015838;-0.211094
1351;0.366234;0.058428;-0.179827
1352;0.336798;0.247994;-0.192079
1353;0.171027;0.150733;-0.154731
1354;0.018446;0.181083;-0.039019
1355;-0.161975;0.375183;0.305500
1356;0.210018;0.282761;0.056858
1357;-0.036053;-0.018537;-0.005597
1358;-0.125381;-0.168402;0.167255
1359;-0.129225;-0.327012;0.281550
1360;-0.203812;-0.410387;0.256485
1361;-0.234908;-0.311304;0.208832
1362;-0.144707;-0.253632;0.033609
1363;0.237828;0.067386;-0.372925
1364;0.536849;0.442276;-0.457138
1365;0.142873;0.087269;-0.193042
1366;-0.086664;-0.219115;-0.103127
1367;-0.202590;0.614531;0.248573
1368;-0.533579;-0.208203;0.163632
1369;0.057877;-0.465188;0.511589
1370;0.214731;0.416293;0.184106
1371;-0.025253;-0.011921;-0.097554
1372;-0.092782;-0.116880;0.015209
1373;0.026546;-0.213852;0.124065
1374;0.095229;-0.055225;-0.020041
1375;0.070553;-0.049415;-0.070587
1376;0.093857;-0.027274;-0.061944
1377;0.143500;0.037524;-0.101765
1378;0.263773;0.186416;-0.071640
1379;0.344799;-0.042499;-0.084816
1380;0.422777;-0.010871;-0.114214
1381;0.422029;0.242516;-0.110967
1382;0.143560;0.198725;-0.238713
1383;-0.220303;0.209566;-0.268666
1384;-0.233662;0.265124;0.145318
1385;0.194023;0.123972;0.096428
1386;-0.003734;0.116765;0.071157
1387;-0.171201;-0.069288;0.124066
1388;-0.142529;-0.300368;0.164600
1389;-0.195621;-0.331854;0.172901
1390;-0.178783;-0.373754;0.204248
1391;-0.061740;-0.350603;0.052650
1392;0.271607;0.086487;-0.538129
1393;0.800127;0.398906;-0.439888
1394;0.179714;-0.288220;-0.019953
1395;-0.604722;0.353345;0.464427
1396;-0.359444;0.619800;-0.073069
1397;-0.455531;-0.560710;0.206612
1398;-0.103737;0.114458;0.355107
1399;0.268524;0.179031;-0.039002
1400;-0.018520;-0.149978;0.031796
1401;-0.040450;-0.114308;0.099866
1402;0.073115;-0.080795;0.038500
1403;0.166083;-0.013029;-0.065525
1404;0.149668;-0.103248;-0.041126
1405;0.229797;-0.057935;-0.048406
1406;0.231934;-0.039956;-0.138042
1407;0.302864;0.128985;-0.130019
1408;0.122007;0.126080;-0.203675
1409;0.345917;0.095169;-0.215837
1410;0.478900;0.080300;-0.045565
1411;0.113619;0.073104;-0.206674
1412;-0.320369;0.406739;0.032161
1413;0.091657;0.285689;0.268049
1414;0.234997;0.191926;0.048497
1415;-0.040058;-0.024044;0.082894
1416;-0.215868;-0.127644;0.203269
1417;-0.234889;-0.359609;0.201227
1418;-0.366189;-0.402668;0.217705
1419;-0.248141;-0.293410;0.109937
1420;-0.004431;-0.111000;-0.234800
1421;0.587554;0.274859;-0.408514
1422;0.382765;0.095048;-0.191801
1423;-0.200306;-0.193143;0.013282
1424;-0.094467;0.470944;-0.157926
1425;-0.243042;0.296042;-0.145567
1426;-0.137141;-0.525620;0.433306
1427;-0.013452;0.169775;0.374385
1428;0.060071;0.146248;-0.001818
1429;-0.057334;-0.085792;-0.062224
1430;0.000561;-0.119665;0.059978
1431;0.148619;-0.126740;0.115978
1432;0.280727;0.008791;-0.055406
1433;0.150737;-0.073657;-0.072635
1434;0.127947;-0.053163;-0.104042
1435;0.301047;0.005359;0.044570
1436;0.307030;0.007379;0.010402
1437;0.296876;0.011696;-0.133938
1438;0.169018;0.132013;-0.217121
1439;0.322475;0.321124;-0.198647
1440;0.394069;0.083907;-0.114997
1441;0.212076;-0.036342;-0.151629
1442;-0.134322;0.407411;-0.055940
1443;0.055479;0.196594;0.177478
1444;0.089576;0.077596;0.091485
1445;-0.088610;0.052773;0.149836
1446;-0.224941;-0.171237;0.197300
1447;-0.244665;-0.299664;0.208044
1448;-0.268565;-0.314356;0.254593
1449;-0.115780;-0.363286;0.114029
1450;0.052719;-0.260469;-0.208515
1451;0.476967;0.336541;-0.565974
1452;0.395919;0.193884;-0.411109
1453;-0.208074;0.260449;0.196029
1454;-0.614007;0.456141;-0.034905
1455;-0.215323;-0.604012;0.323053
1456;0.065029;0.337095;0.548462
1457;0.047231;0.007744;0.016076
1458;-0.096107;-0.095844;0.016841
1459;-0.113203;-0.097051;0.161781
1460;0.022676;-0.100843;0.067250
1461;0.145965;-0.032545;-0.022317
1462;0.230947;-0.063360;-0.063934
1463;0.154298;-0.037518;-0.136584
1464;0.232312;-0.030589;-0.217772
1465;0.449187;0.084081;-0.162193
1466;0.257604;0.055144;-0.140871
1467;0.292591;0.081280;-0.263730
1468;0.458274;0.232026;-0.187432
1469;0.304629;0.178939;-0.141384
1470;-0.186835;0.551784;-0.024188
1471;-0.144541;0.418019;0.244605
1472;0.107888;0.039001;0.076359
1473;-0.069650;-0.162952;0.084637
1474;-0.173905;-0.260195;0.205343
1475;-0.222351;-0.248887;0.210069
1476;-0.262268;-0.314129;0.272716
1477;-0.107448;-0.300030;0.058681
1478;0.056896;-0.159648;-0.215122
1479;0.498096;0.244406;-0.326283
1480;0.049902;0.150290;-0.173621
1481;-0.193885;-0.174316;-0.077420
1482;0.108207;1.040875;-0.204226
1483;-0.451145;-0.512823;0.202104
1484;-0.133929;-0.597185;0.583326
1485;0.277855;0.563792;0.269421
1486;-0.078838;0.061490;-0.109623
1487;-0.123600;-0.125438;0.042776
1488;0.055238;-0.131727;0.143031
1489;0.149337;-0.108916;0.018103
1490;0.196064;-0.040693;-0.037996
1491;0.149088;-0.056361;-0.099325
1492;0.146220;-0.004820;-0.119245
1493;0.241585;0.016391;-0.105919
1494;0.387205;0.061471;-0.077775
1495;0.506156;-0.028658;-0.069161
1496;0.460702;0.178070;-0.125988
1497;0.392743;0.250233;-0.063591
1498;-0.087493;0.183164;-0.129800
1499;-0.429576;0.442573;-0.071342
1500;-0.032364;0.207465;0.128349
1501;0.145988;0.064836;0.054732
1502;-0.090789;-0.052856;0.100016
1503;-0.227085;-0.135400;0.169690
1504;-0.245735;-0.307160;0.209743
1505;-0.227832;-0.372203;0.185307
1506;-0.032465;-0.285590;0.139966
1507;0.067766;-0.184147;-0.068549
1508;0.307256;0.055250;-0.369586
1509;0.405008;0.282741;-0.385099
1510;0.047715;-0.133409;-0.093283
1511;-0.089517;0.093684;0.022820
1512;-0.453361;0.718044;-0.291815
1513;-0.315262;-0.418014;0.227377
1514;0.096930;-0.057961;0.514757
1515;0.277078;0.249710;0.108291
1516;-0.086718;-0.035547;-0.061928
1517;-0.132529;-0.098133;0.018233
1518;-0.024981;-0.114963;0.108780
1519;0.118524;-0.029114;-0.034392
1520;0.123190;-0.123366;-0.051763
1521;0.174820;-0.131527;-0.089085
1522;0.308840;-0.060217;-0.088003
1523;0.337948;0.012535;-0.076965
1524;0.447774;0.122255;-0.150272
1525;0.254437;0.216325;-0.334723
1526;0.318530;0.226934;-0.205553
1527;0.450669;0.047444;-0.019925
1528;-0.008969;0.326140;-0.097055
1529;-0.383355;0.492858;0.255039
1530;0.137333;0.215268;0.142076
1531;0.080953;-0.085831;0.011871
1532;-0.022036;-0.176888;0.168384
1533;-0.182059;-0.303213;0.270041
1534;-0.345602;-0.407275;0.305049
1535;-0.250285;-0.333188;0.277758
1536;-0.009493;-0.183752;0.004316
1537;0.263443;0.148864;-0.341666
1538;0.508055;0.420594;-0.472310
1539;0.030653;-0.166979;-0.186818
1540;-0.242983;-0.330858;0.178830
1541;-0.136285;0.994107;0.022870
1542;-0.232060;-0.277537;0.027789
1543;-0.204995;-0.517798;0.456095
1544;0.278942;0.355367;0.359560
1545;0.167310;0.131717;-0.054709
1546;-0.047981;-0.125332;0.096132
1547;-0.003586;-0.120484;0.170018
1548;0.032376;0.019416;-0.041139
1549;-0.016349;-0.061072;-0.095438
1550;0.167536;-0.075160;-0.050927
1551;0.291812;0.033921;-0.106331
1552;0.270041;-0.023935;-0.119776
1553;0.331690;0.035435;-0.176823
1554;0.192018;0.022237;-0.140847
1555;0.294266;0.373822;-0.182535
1556;0.378670;0.316435;-0.120790
1557;-0.066268;0.176940;-0.162865
1558;-0.187351;0.226873;0.068460
1559;0.245308;0.065441;0.074098
1560;-0.043637;0.056831;0.011741
1561;-0.142382;0.020247;0.152862
1562;-0.170299;-0.249355;0.204370
1563;-0.175895;-0.335634;0.178774
1564;-0.160456;-0.324608;0.165386
1565;-0.031421;-0.348918;0.072729
1566;0.107748;-0.137773;-0.204057
1567;0.505075;0.363021;-0.575119
1568;0.335707;0.261756;-0.367908
1569;-0.168032;-0.449403;-0.026063
1570;-0.120204;0.530429;0.404426
1571;-0.555457;0.113450;-0.165382
1572;-0.151735;-0.573505;0.235821
1573;0.172013;0.246539;0.486495
1574;0.122388;0.194359;-0.071272
1575;-0.061417;-0.171723;-0.020195
1576;-0.024835;-0.093708;0.151325
1577;0.076550;-0.070411;0.069617
1578;0.073711;0.005879;-0.093900
1579;0.116654;-0.047566;-0.064097
1580;0.226225;-0.002508;-0.120992
1581;0.248965;-0.002413;-0.109730
1582;0.351838;-0.100760;-0.116503
1583;0.351319;-0.033612;-0.124290
1584;0.330368;0.357250;-0.166161
1585;0.266915;0.226095;-0.191179
1586;-0.040686;0.082359;-0.189853
1587;-0.112931;0.403494;0.033900
1588;0.151864;0.162448;0.150750
1589;0.020238;0.233299;0.020225
1590;-0.180399;0.091030;0.118024
1591;-0.219345;-0.106136;0.152938
1592;-0.198920;-0.260335;0.234472
1593;-0.188379;-0.335621;0.259052
1594;-0.116968;-0.408476;0.142785
1595;0.106662;-0.219442;-0.194434
1596;0.540688;0.170080;-0.332055
1597;0.284782;0.056671;-0.072357
1598;-0.084920;-0.258953;0.098585
1599;-0.197435;-0.331563;-0.008322
1600;-0.042922;1.187241;-0.232694
1601;0.117171;-0.022923;0.025185
1602;-0.498510;-0.716345;-0.000705
1603;-0.060792;-0.058383;0.285797
1604;0.420891;0.300349;0.055720
1605;-0.156957;-0.024133;0.022547
1606;-0.045025;-0.148435;-0.014569
1607;0.118065;0.039918;0.013683
1608;0.132259;-0.060118;0.052830
1609;0.165945;-0.088061;-0.019106
1610;0.152030;-0.021931;-0.126756
1611;0.158029;0.015040;-0.097429
1612;0.133919;0.009961;-0.077564
1613;0.120036;0.005383;-0.041931
1614;0.120152;0.038888;-0.006359
1615;0.067256;0.042142;-0.036417
1616;0.102305;-0.001207;-0.011003
1617;0.189321;0.010962;-0.004777
1618;0.190689;0.043960;0.000081
1619;0.193456;0.156898;0.014149
1620;0.113102;0.121148;-0.070344
1621;0.036757;0.004072;-0.146289
1622;0.142030;0.057923;-0.151991
1623;0.143793;0.024080;-0.041808
1624;-0.029700;0.053548;0.027079
1625;-0.014815;0.041913;0.058490
1626;0.084686;-0.003957;0.044580
1627;-0.038318;0.006099;0.047234
1628;-0.141071;-0.125038;0.028520
1629;-0.126388;-0.184932;-0.011986
1630;-0.009734;-0.092340;-0.000326
1631;0.067330;-0.101939;0.035188
1632;0.132653;-0.078958;0.018609
1633;0.017698;-0.041605;-0.039454
1634;-0.032525;-0.023259;-0.025978
1635;-0.018672;0.021437;-0.029335
1636;-0.051946;-0.024815;-0.008838
1637;0.066312;0.245041;-0.047791
1638;0.133995;-0.011220;-0.035576
1639;0.017464;-0.108994;-0.028649
1640;0.085813;0.002918;-0.068143
1641;0.131715;0.026280;-0.004208
1642;0.105662;-0.007883;0.014149
1643;0.110639;-0.014718;-0.044497
1644;0.098197;-0.022069;-0.050870
1645;0.085336;-0.018095;-0.016808
1646;0.045295;-0.018309;-0.000838
1647;0.052344;-0.004550;-0.041150
1648;0.061617;-0.008216;-0.018824
1649;0.047816;-0.010988;-0.008479
1650;0.053480;-0.015724;-0.009512
1651;0.038028;-0.006663;-0.000757
1652;0.045397;-0.006176;0.008639
1653;0.012917;-0.017246;0.005139
1654;0.014542;-0.002399;0.008013
1655;0.019173;-0.006556;0.000333
1656;0.028394;-0.012933;-0.008293
1657;0.042528;-0.005815;-0.010246
1658;0.034298;-0.003039;0.002638
1659;0.015102;-0.009840;0.003457
1660;-0.015420;-0.012242;-0.007342
1661;-0.015947;-0.000596;-0.021337
1662;-0.006385;-0.003526;-0.022734
1663;0.007404;-0.013100;-0.006623
1664;0.017110;-0.003634;-0.024445
1665;0.036151;-0.013274;-0.021384
1666;0.023924;-0.003601;-0.014281
1667;0.011278;-0.018015;-0.010795
1668;0.018084;0.001196;-0.000978
1669;0.023727;-0.008711;-0.019346
1670;0.049376;-0.012906;-0.004303
1671;0.036368;-0.002224;0.000603
1672;0.035278;-0.013486;-0.018048
1673;0.022793;-0.014104;-0.019311
1674;0.012880;-0.003787;-0.008623
1675;0.022241;-0.008367;-0.016431
1676;0.008423;-0.009634;0.008181
1677;-0.002994;-0.001798;-0.003970
1678;0.017577;-0.007924;-0.008927
1679;0.015749;-0.011767;-0.006217
1680;0.014368;0.011001;-0.005894
1681;0.032343;-0.020252;-0.014839
1682;0.016286;-0.009186;-0.003132
1683;0.011692;0.005825;-0.006411
1684;0.014150;0.000291;-0.008999
1685;0.018940;-0.002794;-0.004367
1686;0.016771;0.004124;-0.001339
1687;0.014157;-0.017329;-0.007322
1688;0.003958;0.003356;0.007983
1689;0.003540;-0.016036;-0.013247
1690;-0.014442;-0.029691;-0.022027
1691;0.034013;-0.008483;0.014284
1692;-0.000604;0.003468;0.003318
1693;0.016679;0.002111;0.000857
1694;0.005678;-0.025961;0.004171
1695;0.004805;-0.017805;0.000726
1696;-0.046917;-0.156493;-0.071029
1697;-0.008780;0.018631;0.024820
1698;0.027862;-0.012208;0.000250
1699;0.036116;-0.004690;0.002239
1700;0.016957;-0.008920;-0.018322
1701;-0.020751;-0.000587;-0.025309
1702;0.005051;0.005942;0.000372
1703;-0.014168;-0.043091;0.008908
1704;0.003790;0.026140;0.031800
1705;-0.071648;0.081954;0.021839
1706;-0.001380;-0.041353;-0.006244
1707;0.017548;-0.001974;0.001508
1708;-0.000507;-0.078407;-0.021678
1709;-0.003521;0.024592;0.008624
1710;-0.003889;-0.019040;-0.005868
1711;0.004233;0.017160;-0.002168
1712;-0.010144;-0.021459;-0.002518
1713;0.013213;-0.000874;0.003752
1714;0.002878;0.005315;-0.002069
1715;0.000902;-0.003396;0.003973
1716;-0.003006;-0.004276;0.003566
1717;0.009444;-0.004947;0.006671
1718;0.004334;0.010213;-0.005317
1719;0.001074;-0.010592;0.005537
1720;-0.000942;-0.009704;0.002813
1721;0.004031;-0.003674;-0.003489
1722;-0.002491;-0.004719;0.001311
1723;0.001603;-0.007286;0.003889
1724;0.004106;-0.007695;-0.002687
1725;0.013024;-0.009954;-0.005377
1726;-0.000166;0.002056;0.017939
1727;0.014570;-0.004525;-0.011602
1728;0.001680;-0.008081;-0.022376