index;x;y;z
0;-0.009251;-0.000896;-0.001106
1;-0.000489;0.000049;0.001946
2;0.006417;-0.012253;-0.000660
3;0.001569;-0.009064;0.000881
4;0.002648;-0.002174;-0.001020
5;-0.006147;-0.004219;0.000706
6;-0.002755;-0.004961;0.000782
7;-0.012544;-0.004949;0.005727
8;-0.009109;0.000780;-0.013594
9;0.015201;-0.001272;-0.009603
10;0.025352;-0.008304;0.010072
11;0.007185;-0.009663;0.020487
12;-0.031560;-0.005289;0.012809
13;-0.031113;-0.001179;0.003834
14;-0.026696;0.010542;-0.017719
15;-0.003814;-0.000307;-0.020595
16;0.018434;-0.014507;-0.020067
17;0.012510;-0.013747;-0.007942
18;0.003929;-0.004549;-0.009148
19;-0.014481;-0.003438;-0.005340
20;-0.026843;0.003617;-0.003894
21;-0.039235;0.003549;-0.002633
22;-0.063597;0.011218;-0.017643
23;-0.049771;0.014123;-0.019251
24;-0.001778;-0.010321;0.006271
25;0.040935;-0.002226;0.015862
26;0.051934;-0.011890;0.016322
27;0.057394;-0.025813;0.018392
28;0.049551;-0.017850;0.020930
29;0.034009;-0.004374;0.015591
30;0.022553;-0.006684;0.021873
31;0.007380;-0.007805;0.026102
32;-0.013664;-0.002585;0.025416
33;-0.034651;0.026163;0.010796
34;-0.044406;-0.000641;-0.001163
35;-0.016053;-0.002194;-0.006187
36;0.006734;-0.006664;-0.002099
37;0.017127;-0.005322;-0.008917
38;0.037044;-0.012971;0.002092
39;0.043484;-0.021464;0.016498
40;0.030283;-0.005451;0.011419
41;0.004064;-0.008104;0.023003
42;-0.028585;0.001680;0.007557
43;-0.036240;0.006193;-0.000908
44;-0.039058;-0.001221;0.002396
45;-0.023037;0.004226;-0.005249
46;-0.011645;-0.002775;-0.002260
47;-0.000676;-0.005683;-0.004916
48;-0.000182;-0.004761;-0.011193
49;0.011787;-0.003870;-0.011107
50;0.009647;-0.009040;-0.007294
51;0.015938;-0.010730;-0.006979
52;-0.000029;-0.005069;-0.001884
53;-0.011310;-0.004117;-0.007769
54;-0.008678;-0.005000;-0.004054
55;-0.004911;-0.006607;-0.001785
56;0.003807;-0.005416;-0.001358
57;0.009672;-0.007725;-0.001721
58;0.018585;-0.010396;0.002203
59;0.013972;-0.003906;0.009803
60;0.011233;-0.003128;0.004837
61;0.007426;-0.011604;0.008198
62;-0.001236;-0.001234;-0.004425
63;-0.005820;-0.001060;-0.004410
64;-0.016160;-0.003846;0.003714
65;-0.010003;0.001266;0.001945
66;-0.012417;-0.000801;0.002010
67;-0.006859;-0.003783;0.007600
68;0.001541;-0.002497;0.005754
69;-0.002886;-0.003289;0.004867
70;-0.005726;-0.000772;-0.000234
71;-0.011899;-0.001761;0.004555
72;-0.011207;-0.001147;-0.000396
73;-0.011469;-0.002995;-0.004158
74;-0.001051;-0.000747;0.004194
75;0.004077;-0.005094;0.002521
76;0.005105;-0.004458;-0.002851
77;-0.002039;-0.003545;-0.003785
78;-0.014569;-0.000245;0.003101
79;-0.014481;-0.005384;0.003172
80;-0.010478;0.000599;0.004744
81;-0.014430;-0.002254;0.006754
82;-0.013082;-0.004656;0.006077
83;-0.011761;-0.002852;0.001138
84;-0.025056;0.000619;-0.000393
85;-0.025878;-0.000222;-0.004953
86;-0.011307;-0.003140;-0.001603
87;-0.001145;-0.005325;-0.001813
88;0.010126;-0.006089;0.000008
89;0.015109;-0.004783;-0.010724
90;0.021783;-0.016166;-0.007855
91;0.014508;-0.007409;-0.002686
92;0.001056;-0.002242;-0.004080
93;-0.002031;-0.008025;0.003111
94;-0.003475;-0.004286;0.010339
95;-0.001365;-0.001569;0.007069
96;0.011731;-0.009729;0.014741
97;0.019249;-0.004882;0.009710
98;0.014367;-0.002831;0.014666
99;0.000460;-0.006302;0.016644
100;-0.008782;0.002352;0.013465
101;0.003751;-0.005274;0.004248
102;0.019169;-0.006395;0.012226
103;0.014205;-0.014622;0.004407
104;0.015666;-0.006094;0.001015
105;0.002656;-0.006849;0.006810
106;-0.007663;-0.009803;0.000944
107;-0.000285;-0.002645;0.010186
108;-0.014356;-0.011511;0.017884
109;-0.038118;-0.002023;0.016832
110;-0.060291;-0.009550;0.039131
111;-0.049919;-0.002592;0.050724
112;-0.046802;0.006056;0.064182
113;-0.049184;0.024839;0.073270
114;-0.078887;-0.005985;0.017905
115;-0.092962;0.043571;-0.073078
116;-0.030715;0.006012;-0.034922
117;0.078228;-0.074478;0.006854
118;0.119453;-0.040103;-0.036178
119;0.045357;-0.009497;-0.039842
120;0.017243;-0.024924;-0.067369
121;0.102180;-0.047408;-0.027185
122;0.120247;-0.048907;0.045119
123;0.044965;0.030701;0.027233
124;-0.033529;0.059009;-0.015554
125;-0.010003;0.030917;-0.022797
126;0.093893;-0.011631;0.014566
127;0.137884;-0.012896;0.018264
128;0.183159;0.078748;-0.021389
129;0.153691;0.073012;-0.006013
130;0.134854;0.081687;-0.057320
131;-0.017910;0.020233;-0.127631
132;-0.123629;0.045552;-0.088469
133;-0.106548;0.054121;0.041954
134;-0.011637;0.100899;0.126002
135;-0.057136;0.056297;-0.004865
136;-0.173385;-0.121349;-0.013667
137;-0.116797;-0.103971;0.026607
138;-0.069072;-0.083923;0.063471
139;-0.052260;-0.196208;0.033255
140;0.012746;-0.160853;-0.037113
141;0.124256;-0.064846;-0.161874
142;0.138406;-0.015836;-0.079013
143;0.044663;0.005731;-0.049910
144;0.005122;-0.053930;-0.094475
145;-0.124216;-0.032832;-0.071381
146;-0.177360;0.393964;0.088212
147;-0.090458;0.055392;-0.166120
148;-0.012145;-0.143013;0.128728
149;-0.211209;-0.096242;0.206102
150;0.117541;0.064452;0.098144
151;-0.053615;-0.061187;0.076997
152;0.045859;0.014273;0.074586
153;0.025192;-0.014764;0.089734
154;0.080221;-0.061745;0.103477
155;0.044119;-0.033764;0.075987
156;-0.003993;-0.017125;0.016420
157;-0.048879;0.038235;-0.039867
158;-0.013533;0.005956;-0.006897
159;0.042026;-0.034331;0.004169
160;0.095688;0.008977;-0.012628
161;0.077844;0.000459;-0.009918
162;0.118560;0.029737;-0.001639
163;0.189242;-0.045069;-0.024870
164;0.228533;-0.036386;-0.030472
165;0.265908;0.119305;-0.055508
166;0.187930;0.082185;-0.030058
167;-0.015496;0.166381;-0.174568
168;-0.134231;0.205251;-0.107157
169;-0.038064;0.053484;0.052319
170;-0.026750;0.079138;0.031212
171;-0.115774;0.022944;0.018404
172;-0.210862;-0.117876;0.067748
173;-0.186450;-0.163383;0.120131
174;-0.138702;-0.115768;0.128579
175;-0.073214;-0.217512;0.098571
176;0.018810;-0.210534;0.011839
177;0.132058;-0.036771;-0.184084
178;0.192985;0.167557;-0.202565
179;0.059470;0.038627;-0.076811
180;-0.042387;-0.120079;-0.085341
181;-0.061314;0.067072;-0.135404
182;-0.059757;0.355329;0.089890
183;-0.125973;-0.096506;-0.099473
184;-0.231374;-0.278815;0.207193
185;0.160033;0.299412;0.432192
186;-0.031868;0.135538;-0.075614
187;-0.163472;-0.072581;0.009855
188;0.002667;-0.007418;0.120493
189;0.038299;-0.069586;0.067389
190;0.025626;-0.076289;-0.010516
191;-0.012011;-0.057274;-0.004164
192;-0.009777;-0.042538;-0.059550
193;0.077769;-0.023171;-0.096653
194;0.260605;-0.007633;0.014241
195;0.264188;-0.009327;-0.064012
196;0.195084;-0.030745;-0.003201
197;0.265827;0.176804;-0.032560
198;0.232804;0.147810;0.058750
199;-0.008391;0.141409;-0.114025
200;-0.272666;0.250671;-0.286757
201;-0.193140;0.273700;0.099126
202;0.122576;0.092711;0.114683
203;0.013565;0.027300;0.013371
204;-0.210767;-0.174043;0.032415
205;-0.205404;-0.186895;0.103395
206;-0.203321;-0.218693;0.164603
207;-0.139161;-0.310175;0.137986
208;-0.029862;-0.248121;-0.009703
209;0.166148;-0.001662;-0.083768
210;0.204687;0.181402;-0.330344
211;0.167115;0.103940;-0.187742
212;-0.065741;-0.161404;-0.081947
213;-0.174586;0.363486;0.022507
214;-0.181313;0.109240;-0.096267
215;-0.098430;-0.121725;0.194294
216;-0.180247;-0.199567;0.399867
217;0.173400;0.220554;0.083195
218;-0.130608;-0.024744;-0.026209
219;-0.082031;-0.046428;0.079592
220;0.013812;-0.099250;0.197337
221;0.160520;-0.050813;0.032665
222;0.056233;-0.013343;-0.027161
223;0.017486;-0.055895;-0.017533
224;0.147194;-0.015841;-0.012679
225;0.160838;-0.061139;-0.104211
226;0.164778;-0.074903;-0.051739
227;0.149390;-0.016498;-0.066148
228;0.069144;0.029745;-0.151926
229;0.234337;0.075222;-0.091014
230;0.257919;0.108677;0.133504
231;-0.055079;0.058228;-0.064404
232;-0.437016;0.452197;-0.208177
233;-0.069118;0.256714;0.192430
234;0.143436;0.051487;-0.002321
235;-0.065967;0.007549;0.008389
236;-0.223822;-0.134189;0.105162
237;-0.172372;-0.244357;0.120266
238;-0.186547;-0.227402;0.190928
239;-0.060935;-0.239751;0.101466
240;0.044331;-0.170262;-0.124979
241;0.243477;0.119870;-0.228729
242;0.220256;0.151089;-0.180325
243;-0.033667;-0.118803;0.009831
244;-0.227826;0.046109;-0.081063
245;-0.221172;0.866215;-0.066814
246;-0.093932;-0.188908;0.137755
247;-0.300196;-0.430267;0.375111
248;0.106954;0.159882;0.390365
249;0.155914;0.092135;-0.044983
250;-0.080731;-0.079263;-0.014670
251;-0.083994;-0.144772;0.082897
252;0.059154;0.002766;0.010231
253;0.001448;-0.056849;-0.041893
254;0.035875;-0.038024;0.001387
255;0.124692;-0.051397;-0.055059
256;0.207034;0.040344;-0.084535
257;0.315057;-0.001678;-0.039202
258;0.271068;-0.050869;-0.088097
259;0.232673;-0.022005;-0.063381
260;0.313264;0.226835;-0.026740
261;0.180356;0.067086;-0.084523
262;-0.204531;0.051809;-0.229205
263;-0.425707;0.441782;-0.094940
264;0.059837;0.210716;0.172834
265;0.068184;0.039298;0.029541
266;-0.200410;-0.055849;0.040537
267;-0.198064;-0.191086;0.120269
268;-0.213881;-0.178173;0.123605
269;-0.270930;-0.254037;0.156641
270;-0.069177;-0.269264;0.030432
271;0.180796;-0.070028;-0.278981
272;0.470257;0.268789;-0.259535
273;0.033411;0.028717;-0.175083
274;-0.331700;-0.113126;-0.124492
275;-0.201346;0.702348;0.089735
276;-0.229077;-0.204612;0.105705
277;-0.002974;-0.370411;0.445912
278;-0.044417;0.251449;0.234360
279;-0.027248;0.099218;-0.101623
280;-0.142031;-0.118412;0.065673
281;-0.049125;-0.167042;0.144473
282;0.211595;-0.035255;0.036592
283;0.043552;-0.090338;-0.042468
284;0.054484;-0.101237;-0.045617
285;0.174241;0.004543;-0.034782
286;0.158835;0.040196;-0.078126
287;0.294946;-0.006832;-0.093506
288;0.207073;-0.022761;-0.097816
289;0.247789;0.014534;-0.019587
290;0.173678;0.151433;0.123047
291;-0.002301;0.116080;-0.072479
292;-0.175563;0.328778;-0.140397
293;-0.029494;0.190511;0.105125
294;0.140271;0.060769;-0.004671
295;-0.072426;0.078663;0.050449
296;-0.215132;-0.067064;0.122664
297;-0.216438;-0.218086;0.145667
298;-0.251886;-0.157462;0.142436
299;-0.131342;-0.276484;0.095045
300;0.020163;-0.225442;0.038551
301;0.047861;-0.094434;-0.164391
302;0.188588;0.202612;-0.349318
303;0.157074;0.019548;-0.187681
304;-0.059998;-0.267078;-0.066252
305;-0.125998;0.790092;0.302557
306;-0.328939;-0.134228;0.011871
307;-0.070552;-0.306352;0.434286
308;0.034439;0.302092;0.438383
309;0.045715;0.071270;-0.179488
310;-0.114912;-0.138211;0.083993
311;-0.058453;-0.164829;0.112489
312;0.120034;-0.030556;-0.023476
313;0.028375;-0.084204;-0.043584
314;0.073663;-0.088716;-0.056049
315;0.116394;-0.077098;-0.061898
316;0.154195;-0.014735;-0.010592
317;0.301518;0.042446;-0.040185
318;0.220318;0.038403;-0.043533
319;0.357009;0.156951;-0.036220
320;0.154553;0.024150;0.055406
321;-0.039721;0.116368;-0.090975
322;-0.270469;0.381768;-0.114624
323;-0.057729;0.288196;0.081597
324;0.114570;0.068593;0.033530
325;-0.078499;-0.077957;0.043197
326;-0.214615;-0.167962;0.084003
327;-0.217289;-0.267361;0.126970
328;-0.286338;-0.290040;0.156015
329;-0.200292;-0.296527;0.119115
330;-0.003190;-0.148438;-0.152398
331;0.299294;0.184486;-0.384123
332;0.384200;0.341619;-0.281131
333;-0.026060;-0.037773;-0.198000
334;-0.147425;0.194648;0.044144
335;-0.450772;0.614110;0.036336
336;-0.126609;-0.274087;0.217195
337;-0.144711;-0.112231;0.500764
338;0.022889;0.131834;0.097064
339;0.133172;-0.019724;-0.097585
340;-0.108680;-0.209159;0.162540
341;0.148168;-0.105922;0.118002
342;0.114967;-0.053578;-0.069660
343;0.026769;-0.106941;-0.041687
344;0.074021;-0.087025;-0.040659
345;0.125216;0.053290;-0.111140
346;0.102170;0.014557;-0.016145
347;0.245512;0.047157;-0.025393
348;0.236264;-0.021349;-0.073023
349;0.379956;0.251455;-0.067609
350;0.276366;0.042867;-0.035373
351;-0.135944;0.062365;-0.186586
352;-0.312536;0.416202;-0.113959
353;0.036798;0.137516;0.119704
354;0.067191;0.068773;-0.007633
355;-0.131420;0.020757;0.063774
356;-0.232364;-0.136304;0.125942
357;-0.237944;-0.239941;0.142672
358;-0.229679;-0.230631;0.111045
359;-0.147183;-0.261505;-0.046203
360;0.049921;-0.113728;-0.177102
361;0.416149;0.188092;-0.263946
362;0.207450;-0.006963;-0.102560
363;-0.118865;0.203531;-0.052603
364;-0.322190;0.624773;0.074298
365;-0.315845;-0.324272;0.143618
366;0.025603;-0.054675;0.415305
367;0.048105;0.215823;0.203952
368;-0.061606;0.018939;-0.031455
369;-0.168266;-0.128718;0.068706
370;-0.023235;-0.046152;0.164173
371;0.078170;0.009951;-0.031753
372;-0.006695;-0.071747;-0.078658
373;0.115307;-0.069908;-0.035205
374;0.192686;-0.009982;-0.111836
375;0.197660;-0.041611;-0.071691
376;0.370623;-0.033010;-0.066022
377;0.275019;-0.042691;-0.135409
378;0.347810;0.096582;-0.016499
379;0.184140;0.047169;0.054732
380;-0.085306;0.187159;-0.133334
381;-0.292340;0.504232;-0.060051
382;0.017818;0.236930;0.106130
383;0.023414;0.017009;-0.032316
384;-0.159255;-0.009304;0.103640
385;-0.256718;-0.187365;0.173223
386;-0.263703;-0.321679;0.165074
387;-0.222986;-0.267968;0.175981
388;-0.105123;-0.254923;0.084976
389;-0.033955;-0.204445;-0.102097
390;0.125154;0.141844;-0.421823
391;0.477971;0.509965;-0.401717
392;-0.019804;-0.215495;-0.113431
393;-0.339125;0.166076;0.081489
394;-0.472798;0.736411;0.037173
395;0.078630;-0.227542;0.276069
396;-0.199077;-0.160474;0.453231
397;0.069925;0.214148;0.127558
398;0.043699;-0.053837;-0.040002
399;-0.102717;-0.188503;0.060297
400;0.072617;-0.160352;0.129217
401;0.176010;-0.037330;-0.020963
402;0.104201;-0.081963;-0.063203
403;0.057845;-0.045464;-0.069903
404;0.062203;0.013618;-0.148366
405;0.190952;0.006345;-0.032630
406;0.147403;0.025535;-0.103670
407;0.194160;0.055636;-0.059462
408;0.372225;0.212518;0.036689
409;0.290100;0.068070;-0.043169
410;-0.190845;0.299110;-0.235061
411;-0.203902;0.369287;0.148726
412;0.173874;0.027834;0.133985
413;-0.085279;-0.019702;0.025358
414;-0.210817;-0.081887;0.105040
415;-0.235639;-0.270768;0.140623
416;-0.248812;-0.333363;0.162562
417;-0.063907;-0.289544;0.097182
418;0.045751;-0.187171;0.004736
419;0.099897;0.141429;-0.299913
420;0.323279;0.366033;-0.395556
421;0.048523;-0.083216;-0.239248
422;-0.225883;0.079817;0.037884
423;-0.446602;0.836127;0.102035
424;-0.051576;-0.188074;0.204780
425;-0.205562;-0.340496;0.363926
426;-0.015657;0.253111;0.367230
427;0.097962;0.041948;-0.066562
428;-0.124891;-0.095346;0.062478
429;-0.104357;-0.151437;0.172533
430;0.165669;0.019689;-0.010129
431;0.065824;-0.066560;-0.080176
432;-0.021081;-0.116383;-0.064505
433;0.114012;-0.033567;-0.127939
434;0.282985;0.002270;-0.091050
435;0.319821;-0.046667;-0.042259
436;0.393025;0.026058;-0.098330
437;0.294454;0.310196;-0.096615
438;0.266245;0.103465;0.015385
439;-0.214298;0.137456;-0.189061
440;-0.375696;0.361869;-0.076735
441;0.117728;0.131083;0.227906
442;0.057863;0.063194;-0.016812
443;-0.129576;-0.034915;0.066813
444;-0.217026;-0.199856;0.130488
445;-0.265131;-0.312681;0.217232
446;-0.221484;-0.378181;0.203060
447;-0.110546;-0.297018;0.010277
448;0.068701;-0.088474;-0.267047
449;0.391100;0.539185;-0.314132
450;0.221516;0.098842;-0.268390
451;-0.144044;-0.306575;-0.018018
452;-0.111043;0.564436;0.168069
453;-0.509058;-0.076880;0.034048
454;-0.054264;-0.299337;0.401788
455;-0.000748;0.313919;0.470724
456;-0.072319;0.087694;-0.135143
457;-0.127724;-0.074404;0.079500
458;-0.065998;-0.227848;0.097566
459;0.253644;-0.069357;-0.020063
460;0.123304;-0.073695;-0.068208
461;0.074889;-0.066035;-0.042961
462;0.073078;-0.023206;-0.056558
463;0.125499;0.036668;-0.043714
464;0.277150;0.014968;0.001892
465;0.349231;-0.014281;-0.000026
466;0.366795;0.237150;-0.068715
467;0.171988;0.166607;0.053874
468;-0.088263;0.163961;-0.153345
469;-0.374962;0.383271;-0.124248
470;0.006940;0.210710;0.089561
471;0.070628;0.013006;0.041427
472;-0.138128;-0.109525;0.100355
473;-0.243168;-0.155150;0.113310
474;-0.272710;-0.299398;0.124830
475;-0.273400;-0.383452;0.109973
476;-0.157916;-0.261118;0.041820
477;0.028701;-0.005109;-0.142521
478;0.364200;0.377917;-0.399112
479;0.297861;0.158103;-0.425519
480;-0.021364;-0.272063;0.019384
481;-0.193542;-0.132491;0.090202
482;-0.051884;1.082133;-0.042985
483;-0.207680;-0.230570;0.071821
484;-0.206037;-0.361288;0.683513
485;0.204616;0.247335;0.137681
486;0.016612;0.022695;-0.040812
487;-0.119723;-0.139217;0.033875
488;-0.000283;-0.125442;0.102623
489;0.140045;0.001990;0.010019
490;-0.012505;-0.039293;-0.069286
491;-0.000770;-0.002579;-0.106376
492;0.186021;0.028297;-0.087418
493;0.303211;-0.003747;-0.040760
494;0.331569;-0.059101;-0.034686
495;0.277881;-0.120076;-0.083320
496;0.338936;0.166037;-0.048568
497;0.148239;0.142684;-0.112181
498;-0.143135;0.421948;-0.170276
499;-0.170364;0.279250;0.146888
500;0.140951;0.042817;0.040412
501;-0.057787;-0.036076;0.003899
502;-0.179815;-0.158835;0.160345
503;-0.258899;-0.311250;0.196412
504;-0.288102;-0.283730;0.154510
505;-0.191852;-0.239414;0.058438
506;-0.070517;-0.234998;-0.109526
507;0.235593;0.184402;-0.341423
508;0.460654;0.440331;-0.371421
509;0.008374;-0.239576;-0.025239
510;-0.273298;0.160340;0.008395
511;-0.369666;0.784007;-0.025226
512;-0.014834;-0.232049;0.133775
513;-0.226051;-0.213275;0.603459
514;0.022827;0.201355;0.077695
515;-0.014832;-0.052960;-0.115614
516;-0.172337;-0.224752;0.170834
517;0.203078;-0.094112;0.026267
518;0.150853;-0.061889;-0.044810
519;0.074312;-0.077571;-0.065878
520;0.097666;-0.033789;-0.100817
521;0.187442;0.102068;-0.075151
522;0.172735;0.002115;-0.021685
523;0.261198;-0.078881;-0.064667
524;0.284773;-0.078255;-0.115679
525;0.334810;0.251390;-0.104653
526;0.196174;0.118245;-0.083427
527;-0.012956;0.219253;-0.258383
528;-0.196305;0.378019;0.049270
529;0.007183;0.032531;0.093113
530;-0.081555;0.126069;0.027064
531;-0.215745;0.015128;0.119720
532;-0.262365;-0.209274;0.154820
533;-0.265730;-0.161006;0.181950
534;-0.242743;-0.302166;0.167029
535;-0.033955;-0.257293;-0.013043
536;0.144811;-0.126685;-0.264415
537;0.360366;0.330229;-0.384344
538;0.176441;0.000895;-0.252940
539;-0.311340;0.021987;0.145921
540;-0.467484;1.028785;0.048369
541;-0.023149;-0.437924;0.251260
542;-0.135816;-0.125177;0.577734
543;0.045859;0.247935;0.036487
544;-0.045589;0.025646;-0.109538
545;-0.211430;-0.195842;0.183578
546;0.127399;-0.134138;0.066477
547;0.181583;-0.091462;-0.016528
548;0.102536;-0.086642;-0.086660
549;-0.002849;-0.027798;-0.165905
550;0.192855;0.024287;-0.045888
551;0.329809;0.024119;-0.020854
552;0.118988;0.037574;-0.044132
553;0.255997;-0.013804;-0.041794
554;0.223431;0.168986;0.044124
555;0.087809;0.118759;-0.096880
556;-0.198281;0.366542;-0.166252
557;-0.107371;0.404364;0.146585
558;0.128377;0.089107;0.043756
559;-0.089534;-0.094656;0.030878
560;-0.262829;-0.200017;0.148641
561;-0.204563;-0.190833;0.108317
562;-0.282729;-0.290988;0.124660
563;-0.181640;-0.289034;0.115035
564;0.000809;-0.148836;-0.115305
565;0.255505;0.138598;-0.376093
566;0.345258;0.174928;-0.343810
567;-0.054885;-0.115205;-0.065247
568;-0.192976;0.118246;0.024242
569;-0.355010;0.753622;-0.113612
570;-0.033374;-0.239414;0.206104
571;-0.166060;-0.223415;0.523394
572;0.092158;0.226802;0.139865
573;-0.049806;-0.024038;-0.104672
574;-0.149523;-0.111258;0.046284
575;0.029475;-0.116802;0.138823
576;0.140463;-0.004447;-0.012456
577;-0.016313;-0.084862;-0.071290
578;0.081701;-0.116468;-0.056972
579;0.247142;-0.072375;-0.082271
580;0.289690;0.027787;-0.026121
581;0.322015;0.029728;-0.161811
582;0.265422;0.022693;-0.108979
583;0.316534;0.102607;-0.067904
584;0.000299;0.030812;0.093273
585;-0.089568;0.177493;-0.125226
586;-0.158285;0.414504;-0.025528
587;0.115744;0.132440;0.152601
588;0.052711;0.068065;0.031530
589;-0.108720;0.029588;0.084612
590;-0.237132;-0.259502;0.197318
591;-0.241452;-0.329998;0.209797
592;-0.240281;-0.261731;0.195321
593;-0.130828;-0.278589;0.046077
594;-0.070462;-0.202486;-0.139943
595;0.252678;0.312995;-0.381429
596;0.420443;0.324716;-0.266809
597;0.029560;-0.380161;-0.148742
598;0.051355;0.442967;0.258062
599;-0.617827;0.245723;0.022523
600;-0.127140;-0.385044;0.207953
601;-0.142461;0.140812;0.601667
602;0.075948;0.105247;-0.154780
603;-0.006046;-0.130232;0.050205
604;-0.157415;-0.267162;0.116426
605;0.213236;-0.045584;0.055056
606;0.060742;-0.058645;-0.058154
607;-0.010365;-0.043831;-0.032931
608;0.092801;0.002647;-0.029383
609;0.188281;0.050923;-0.017999
610;0.276843;-0.013545;-0.067631
611;0.336482;-0.034944;-0.084521
612;0.321815;0.064549;-0.041764
613;0.233264;0.162487;0.055205
614;-0.100998;0.180630;-0.108284
615;-0.371695;0.478915;-0.158932
616;-0.061950;0.363358;0.127194
617;0.159190;0.016927;0.005951
618;-0.162318;-0.064269;0.077906
619;-0.230245;-0.127104;0.167863
620;-0.204725;-0.234702;0.103583
621;-0.341693;-0.404176;0.136825
622;-0.206990;-0.291779;0.137245
623;-0.000242;-0.094695;-0.145559
624;0.264632;0.336846;-0.345069
625;0.406971;0.239925;-0.472361
626;0.061521;-0.172291;-0.127262
627;-0.222184;0.139500;0.113998
628;-0.289031;0.692719;0.080137
629;-0.089461;-0.240451;0.196959
630;-0.335060;-0.229307;0.584635
631;-0.041591;0.161224;0.104743
632;-0.005683;0.004127;-0.117028
633;-0.118658;-0.150774;0.151617
634;0.219875;-0.139343;0.072916
635;0.161053;-0.036800;0.049446
636;0.017387;-0.073877;-0.064939
637;0.067739;-0.102585;-0.105222
638;0.162535;-0.051523;-0.034925
639;0.144974;-0.007746;-0.037101
640;0.313557;-0.014718;-0.006313
641;0.306946;0.018992;-0.120497
642;0.345765;0.179845;-0.090836
643;0.219427;0.093772;0.090157
644;-0.151193;0.080275;-0.079026
645;-0.341947;0.414436;-0.142785
646;0.016943;0.215098;0.155399
647;0.139843;-0.032141;0.015033
648;-0.084929;0.000737;0.071660
649;-0.197256;-0.060758;0.139578
650;-0.291305;-0.241058;0.151493
651;-0.308407;-0.303253;0.170309
652;-0.093575;-0.274460;0.087255
653;0.030171;-0.189226;-0.099188
654;0.339237;0.189978;-0.296063
655;0.309197;0.143831;-0.307553
656;-0.003775;-0.285790;0.026577
657;-0.101264;0.255701;0.015123
658;-0.392178;1.126612;0.001256
659;-0.258153;-0.438970;0.153658
660;-0.202837;-0.288800;0.535765
661;0.113345;0.329433;0.081138
662;-0.046742;0.008000;-0.121286
663;-0.178741;-0.165681;0.130342
664;0.029941;-0.141776;0.087006
665;0.144604;-0.038584;-0.030269
666;0.074178;-0.115342;-0.053454
667;0.125660;-0.060227;-0.069776
668;0.162827;0.026551;-0.124460
669;0.326840;0.006515;-0.016292
670;0.275150;-0.039631;-0.057559
671;0.203414;0.001351;-0.113291
672;0.345646;0.275956;-0.045668
673;0.231599;0.068172;0.003809
674;-0.233638;0.108302;-0.165039
675;-0.392157;0.403681;-0.111947
676;0.053143;0.169786;0.154321
677;0.086718;-0.016712;0.022127
678;-0.106003;0.048007;0.061301
679;-0.209015;-0.119699;0.176485
680;-0.287337;-0.331324;0.156367
681;-0.291405;-0.345577;0.156230
682;-0.108836;-0.269989;0.045101
683;0.080553;-0.136960;-0.243719
684;0.481768;0.317882;-0.297624
685;0.288421;0.137613;-0.199218
686;-0.082972;-0.252339;0.013110
687;-0.177793;0.488350;0.134701
688;-0.536930;0.176358;-0.059898
689;-0.018854;-0.297656;0.277082
690;-0.027183;0.160581;0.517604
691;0.007789;0.103457;-0.026364
692;0.005742;-0.101306;-0.107469
693;-0.140449;-0.205611;0.128606
694;0.049734;-0.106689;0.109553
695;0.146150;-0.079562;-0.142842
696;0.052237;-0.167546;-0.050095
697;0.182742;-0.065629;-0.049885
698;0.203178;0.088875;-0.105567
699;0.174766;0.076498;-0.052237
700;0.313421;0.012288;-0.055725
701;0.347494;0.028837;-0.029453
702;0.267320;0.153412;0.076549
703;0.008858;0.134624;-0.057247
704;-0.233878;0.390997;-0.200923
705;-0.185557;0.327087;0.121588
706;0.148581;0.070737;0.081100
707;-0.084176;0.035277;0.025476
708;-0.210030;-0.034500;0.114451
709;-0.256189;-0.303463;0.132777
710;-0.289414;-0.323188;0.186333
711;-0.183288;-0.410185;0.216832
712;-0.083128;-0.283711;-0.016769
713;0.204452;0.121381;-0.324643
714;0.483511;0.593930;-0.364183
715;0.159182;-0.022841;-0.323608
716;-0.324649;-0.213779;-0.012776
717;-0.294314;0.803868;0.175386
718;-0.104481;-0.113776;-0.001379
719;-0.163391;-0.395063;0.533560
720;-0.070891;0.152918;0.486179
721;0.073456;0.082677;-0.257463
722;-0.245104;-0.097355;0.118829
723;0.001923;-0.176588;0.114744
724;0.197622;-0.049168;-0.001288
725;0.136254;-0.076471;-0.043082
726;0.091882;-0.105681;-0.044345
727;0.083351;-0.043885;-0.115707
728;0.172944;-0.048819;-0.040407
729;0.314764;-0.015255;-0.043298
730;0.160319;0.108508;-0.131168
731;0.263674;0.132111;-0.062394
732;0.273916;0.091032;0.073464
733;0.070120;0.107811;-0.025234
734;-0.155192;0.323609;-0.241206
735;-0.073271;0.259906;0.199297
736;0.088531;0.017458;0.082610
737;-0.086755;0.078654;0.032858
738;-0.159061;-0.034477;0.153781
739;-0.286324;-0.266490;0.183864
740;-0.323773;-0.259532;0.155630
741;-0.193195;-0.271335;0.104265
742;0.002624;-0.196295;-0.023609
743;0.198242;-0.024240;-0.267485
744;0.486058;0.377177;-0.345765
745;0.155661;-0.128077;-0.004418
746;-0.128270;-0.208181;0.062752
747;-0.230665;0.973974;0.102266
748;-0.416769;-0.109696;-0.102314
749;-0.135828;-0.479163;0.562841
750;0.147267;0.323160;0.333333
751;0.174210;0.086824;-0.242919
752;-0.150192;-0.169121;0.154197
753;-0.081230;-0.120908;0.156370
754;0.137862;-0.043157;-0.041228
755;0.045362;-0.094216;-0.097862
756;0.038255;-0.073455;-0.064192
757;0.113138;-0.017248;-0.111595
758;0.315416;-0.000512;0.001918
759;0.214826;-0.000097;-0.036177
760;0.202719;0.006858;-0.112698
761;0.343714;0.286014;-0.049397
762;0.224696;0.011977;-0.114780
763;-0.117948;0.117409;-0.311009
764;-0.235346;0.468810;0.090062
765;0.196411;0.108711;0.090300
766;0.039925;0.098645;-0.059629
767;-0.228299;-0.012562;0.075309
768;-0.317357;-0.308737;0.188338
769;-0.287458;-0.347524;0.238239
770;-0.215135;-0.298027;0.193729
771;-0.083616;-0.248629;0.054256
772;0.096806;-0.048584;-0.323253
773;0.508166;0.655485;-0.454637
774;0.154459;0.026113;-0.380156
775;-0.308233;-0.505413;0.164654
776;-0.201844;0.523474;0.231835
777;-0.169735;0.240888;-0.153710
778;-0.064638;-0.362281;0.543443
779;-0.210413;-0.106311;0.455411
780;0.215784;0.288710;-0.216033
781;-0.167300;-0.105170;0.050008
782;-0.099730;-0.233384;0.188133
783;0.164204;0.017160;0.027582
784;0.079210;-0.051949;-0.064940
785;0.037455;-0.121136;-0.040406
786;0.144019;-0.061257;-0.096888
787;0.188909;-0.024406;-0.061978
788;0.338639;-0.050460;-0.022807
789;0.350368;0.007377;-0.071963
790;0.325335;0.157031;-0.009672
791;0.207852;0.160305;0.120818
792;-0.063906;0.137769;-0.116580
793;-0.302277;0.417714;-0.242200
794;-0.063184;0.170839;0.216075
795;0.176379;-0.008916;0.067065
796;-0.034146;0.122736;-0.036727
797;-0.251866;-0.066333;0.103980
798;-0.277563;-0.278444;0.175711
799;-0.250038;-0.325430;0.200979
800;-0.170000;-0.294211;0.125824
801;-0.032476;-0.159242;-0.125026
802;0.254796;0.095717;-0.391046
803;0.498233;0.239726;-0.248642
804;0.025107;-0.038243;-0.163674
805;-0.111112;0.021835;0.049466
806;-0.352836;0.761505;0.033442
807;-0.354349;-0.316716;0.156639
808;-0.041714;-0.216406;0.633847
809;0.167235;0.319559;0.138850
810;-0.078286;0.020982;-0.116962
811;-0.251017;-0.127084;0.138684
812;-0.114625;-0.053449;0.100661
813;0.093994;-0.060358;-0.023518
814;0.091393;-0.142746;-0.064656
815;0.126569;-0.064741;-0.067698
816;0.196473;-0.000075;-0.126914
817;0.208732;0.003459;-0.066379
818;0.243819;-0.001062;-0.105910
819;0.359116;-0.044865;-0.116226
820;0.386929;0.157999;0.025593
821;-0.005250;0.046931;0.005676
822;-0.203269;0.148167;-0.243435
823;-0.263582;0.474524;0.037737
824;0.080377;0.203277;0.171333
825;0.096989;0.092372;-0.044751
826;-0.064869;0.019688;0.042820
827;-0.205207;-0.240270;0.211973
828;-0.235373;-0.303190;0.195246
829;-0.235980;-0.271489;0.194959
830;-0.128645;-0.345646;0.058627
831;0.070243;-0.195365;-0.169515
832;0.390501;0.289411;-0.262107
833;0.301427;0.163050;-0.267735
834;-0.184208;-0.359024;-0.112101
835;-0.044471;0.592982;0.180247
836;-0.398855;0.134198;-0.121431
837;-0.141540;-0.280889;0.147652
838;-0.249896;-0.145230;0.518872
839;0.233879;0.255284;0.039188
840;-0.093057;-0.076055;-0.077199
841;-0.178369;-0.119776;0.122043
842;0.056109;-0.039818;0.116703
843;0.066449;-0.056818;-0.034849
844;0.035217;-0.080855;-0.071970
845;0.057909;-0.061297;-0.096519
846;0.096944;-0.017751;-0.102828
847;0.293887;-0.054070;-0.026135
848;0.364235;0.000133;-0.084264
849;0.244090;0.030928;-0.122102
850;0.294709;0.178948;0.028266
851;0.150649;0.045232;-0.079696
852;-0.165780;0.318690;-0.202507
853;-0.103427;0.331580;0.168892
854;0.191125;0.045615;0.030767
855;-0.070976;0.132127;-0.033226
856;-0.177570;0.029874;0.098450
857;-0.231860;-0.270438;0.182818
858;-0.289664;-0.256040;0.215074
859;-0.199789;-0.271246;0.169953
860;-0.087440;-0.257991;0.012926
861;0.044688;-0.183039;-0.155823
862;0.387065;0.325648;-0.326472
863;0.352715;0.045082;-0.276411
864;-0.070549;-0.253879;-0.097884
865;0.113078;0.935399;0.249931
866;-0.575808;-0.175630;-0.099944
867;-0.327595;-0.503435;0.213164
868;-0.048217;0.440083;0.456736
869;0.059633;0.124843;-0.137923
870;0.037222;-0.124998;-0.072725
871;-0.080125;-0.260244;0.135313
872;0.166043;-0.043497;0.137646
873;0.107384;-0.101865;-0.079354
874;0.008774;-0.130016;-0.083679
875;0.099746;-0.033387;-0.085219
876;0.163468;0.005508;-0.069945
877;0.198947;-0.014231;-0.031597
878;0.239734;-0.043548;0.013825
879;0.219396;-0.006111;-0.129315
880;0.299077;0.245613;-0.031741
881;0.209449;0.137401;-0.084290
882;-0.268323;0.371933;-0.244911
883;-0.216020;0.450585;0.133479
884;0.215461;0.014437;0.068500
885;-0.073873;-0.017124;0.009030
886;-0.202111;-0.041234;0.083871
887;-0.242825;-0.283023;0.158768
888;-0.315165;-0.427025;0.169106
889;-0.161008;-0.335820;0.128006
890;0.023584;-0.103801;-0.138770
891;0.325104;0.182310;-0.305916
892;0.364239;0.232375;-0.359595
893;-0.034126;-0.188723;-0.237792
894;-0.198980;-0.032658;0.113884
895;-0.135421;0.994413;0.171922
896;-0.288903;-0.307467;0.087664
897;-0.160967;-0.215490;0.542915
898;0.034781;0.273875;0.374455
899;-0.014291;0.053184;-0.140043
900;-0.109625;-0.138472;0.077853
901;-0.040827;-0.174609;0.156260
902;0.262463;-0.052024;0.002732
903;0.107519;-0.083833;-0.059166
904;0.024454;-0.061599;-0.111547
905;0.115103;0.004617;-0.125010
906;0.254161;0.031205;-0.095536
907;0.326591;-0.052671;-0.079228
908;0.314372;-0.044431;-0.061354
909;0.249355;0.171203;-0.076261
910;0.152160;0.055376;0.013246
911;-0.080838;0.144021;-0.170374
912;-0.279925;0.440596;-0.025466
913;0.046974;0.182318;0.142859
914;0.026167;0.050580;0.004175
915;-0.089286;-0.040355;0.061069
916;-0.174279;-0.214391;0.110501
917;-0.263595;-0.302145;0.193664
918;-0.260477;-0.356705;0.212752
919;-0.161663;-0.300602;0.069938
920;0.084253;-0.053458;-0.310109
921;0.496451;0.465798;-0.404403
922;0.178361;0.059965;-0.259560
923;-0.219969;-0.317497;0.047664
924;0.187039;1.023962;0.176432
925;-0.699209;-0.282825;0.015357
926;-0.269801;-0.277228;0.435861
927;0.173255;0.391708;0.396125
928;-0.010737;0.026122;-0.108237
929;-0.097719;-0.181544;0.025783
930;-0.025137;-0.186495;0.125757
931;0.229519;-0.085201;-0.022119
932;0.102894;-0.135344;-0.097340
933;0.106621;-0.120716;-0.070440
934;0.095042;-0.025518;-0.115395
935;0.104445;0.075662;-0.092477
936;0.358564;0.014058;-0.069340
937;0.187644;0.032291;-0.105639
938;0.251861;0.115038;-0.012711
939;0.139547;0.177862;0.090439
940;0.029349;0.167397;-0.045727
941;-0.242342;0.497456;-0.192511
942;0.012056;0.096816;0.233934
943;0.099702;-0.109733;0.015566
944;-0.056755;0.114987;-0.004541
945;-0.172831;-0.090952;0.165862
946;-0.297125;-0.308401;0.195582
947;-0.309737;-0.249802;0.184686
948;-0.128316;-0.222051;0.066008
949;0.069410;-0.203927;0.018687
950;0.187498;0.037532;-0.269951
951;0.426982;0.322526;-0.366840
952;-0.048894;-0.224081;-0.120789
953;-0.136235;0.523845;0.128709
954;-0.305544;0.260621;-0.121081
955;-0.037707;-0.348005;0.379515
956;-0.214198;-0.068688;0.343862
957;0.178353;0.230460;0.078955
958;-0.035199;-0.108475;-0.062152
959;-0.134638;-0.093638;0.126236
960;0.052062;-0.084528;0.074633
961;0.095419;-0.120268;0.022906
962;0.026052;-0.074621;-0.064084
963;0.000145;-0.003182;-0.113900
964;0.179198;0.054008;-0.069547
965;0.288932;0.049864;-0.074511
966;0.432102;-0.074598;-0.084645
967;0.361547;-0.094631;-0.016818
968;0.280756;0.100350;0.067041
969;-0.047109;0.167560;-0.163217
970;-0.432484;0.524761;-0.190455
971;-0.078120;0.365321;0.196982
972;0.261595;0.049857;0.020391
973;-0.088095;-0.066317;0.036631
974;-0.226320;-0.158145;0.146917
975;-0.250758;-0.325642;0.147069
976;-0.299832;-0.372868;0.163444
977;-0.174372;-0.275479;0.134315
978;-0.053734;-0.136952;-0.131174
979;0.368491;0.312660;-0.400096
980;0.491354;0.252001;-0.419767
981;-0.082293;-0.214898;-0.006111
982;-0.390378;0.511281;0.112604
983;-0.349834;0.030971;-0.053753
984;-0.102520;-0.128038;0.378654
985;-0.121602;-0.010326;0.395793
986;0.191704;0.087756;0.029251
987;0.054270;-0.123026;-0.072703
988;-0.120066;-0.192952;0.112390
989;0.120828;-0.078925;0.042593
990;0.053850;-0.018039;-0.076142
991;-0.033578;-0.079648;-0.114101
992;0.077234;-0.111930;-0.038804
993;0.252819;0.025605;-0.034756
994;0.245371;-0.005223;-0.025274
995;0.287188;0.001499;-0.034212
996;0.390156;0.097819;-0.025658
997;0.262976;0.154963;0.059582
998;-0.020284;0.083454;-0.126499
999;-0.235332;0.404705;-0.297186
1000;-0.024819;0.208665;0.270995
1001;0.200194;0.008383;0.117593
1002;-0.039696;0.148198;-0.005858
1003;-0.271284;-0.052360;0.083564
1004;-0.362711;-0.321026;0.185186
1005;-0.258345;-0.330564;0.230288
1006;-0.123776;-0.312197;0.168644
1007;-0.076299;-0.253474;-0.019876
1008;0.119766;0.010616;-0.377694
1009;0.606459;0.630793;-0.450480
1010;0.112334;-0.063809;-0.350074
1011;-0.348724;-0.333286;0.221670
1012;-0.333956;0.759241;0.426783
1013;-0.252625;-0.032780;-0.060280
1014;-0.114318;-0.201497;0.445412
1015;0.136925;0.248013;0.333096
1016;0.093501;0.078772;-0.191783
1017;-0.175596;-0.195029;0.114037
1018;-0.054663;-0.160012;0.101108
1019;0.172813;-0.038781;-0.042952
1020;0.049279;-0.100991;-0.068175
1021;0.082173;-0.100960;-0.060252
1022;0.237758;-0.045335;-0.005343
1023;0.231526;0.029485;-0.071353
1024;0.297070;0.037895;-0.058874
1025;0.253078;-0.003703;-0.193007
1026;0.360714;0.218404;-0.049905
1027;0.287512;-0.067077;0.020282
1028;-0.161235;0.166819;-0.189806
1029;-0.375788;0.489104;0.003100
1030;0.111773;0.154114;0.164354
1031;-0.002999;-0.076501;-0.024845
1032;-0.131029;0.013856;0.091378
1033;-0.199282;-0.151724;0.160837
1034;-0.359144;-0.352029;0.176181
1035;-0.281912;-0.300573;0.167762
1036;-0.099988;-0.218340;0.002133
1037;0.101294;-0.075453;-0.242635
1038;0.494600;0.392329;-0.293494
1039;0.218043;0.088506;-0.352210
1040;-0.191717;-0.407041;0.003292
1041;-0.045378;0.540081;0.057254
1042;-0.379479;0.346377;-0.042657
1043;-0.111044;-0.298663;0.343874
1044;-0.157311;-0.000265;0.521171
1045;0.086835;0.195068;-0.040977
1046;-0.113067;-0.090281;-0.077210
1047;-0.143256;-0.182674;0.128815
1048;0.185729;-0.088331;0.095134
1049;0.218265;-0.084791;-0.063338
1050;0.096689;-0.123982;-0.060941
1051;0.079374;-0.039104;-0.124305
1052;0.130138;-0.005601;-0.137471
1053;0.305804;0.011708;-0.032327
1054;0.203729;0.048867;-0.118384
1055;0.254176;0.064443;-0.050939
1056;0.279452;0.130457;-0.051513
1057;0.018500;0.120956;-0.077590
1058;-0.277474;0.462749;-0.129149
1059;-0.062525;0.189849;0.225588
1060;0.081101;0.070143;0.038682
1061;-0.066387;-0.013415;0.075448
1062;-0.204583;-0.214658;0.146896
1063;-0.250535;-0.317534;0.185963
1064;-0.215542;-0.262570;0.161296
1065;-0.129373;-0.240778;0.011049
1066;0.008647;-0.139329;-0.110264
1067;0.308049;0.250257;-0.298509
1068;0.257213;0.082696;-0.237628
1069;-0.047074;-0.317240;-0.108525
1070;0.115671;0.706521;0.131633
1071;-0.458055;0.118969;-0.037340
1072;-0.159299;-0.417967;0.121320
1073;-0.033455;-0.026752;0.516595
1074;0.083508;0.189299;-0.015660
1075;-0.172133;-0.093798;-0.059376
1076;-0.154591;-0.112486;0.096903
1077;0.105668;-0.078673;0.136732
1078;0.140015;-0.077188;-0.009870
1079;0.084316;-0.051039;-0.084489
1080;0.051271;-0.051726;-0.075028
1081;0.197517;0.016433;-0.149444
1082;0.232586;0.002975;-0.115047
1083;0.352150;-0.028017;-0.117698
1084;0.213437;0.073900;-0.114554
1085;0.353059;0.281430;-0.042342
1086;0.284581;-0.025093;0.000328
1087;-0.191208;0.299898;-0.265181
1088;-0.252138;0.269391;0.103790
1089;0.158982;0.026616;0.086733
1090;-0.004483;-0.019372;-0.012107
1091;-0.172604;-0.025781;0.080574
1092;-0.194320;-0.219638;0.173104
1093;-0.233336;-0.222646;0.180920
1094;-0.220378;-0.283088;0.117172
1095;-0.051339;-0.252692;-0.006491
1096;0.105628;-0.032032;-0.297716
1097;0.426550;0.374303;-0.351982
1098;0.114970;0.010586;-0.182075
1099;-0.163530;0.107093;0.034287
1100;-0.352768;0.767769;0.019145
1101;-0.235716;-0.273788;0.249055
1102;-0.037597;0.023832;0.558301
1103;-0.002186;0.111618;0.040279
1104;0.043789;0.021085;-0.099378
1105;-0.096947;-0.163291;0.158454
1106;0.017650;-0.140159;0.173147
1107;0.135994;-0.078362;-0.092930
1108;0.090455;-0.132029;-0.050755
1109;0.138929;-0.106890;-0.068297
1110;0.164965;-0.014562;-0.120059
1111;0.178387;-0.016322;0.007406
1112;0.204554;0.025532;-0.038386
1113;0.075120;0.056535;-0.154923
1114;0.361989;0.315005;-0.022365
1115;0.370882;0.083187;-0.063046
1116;-0.102171;-0.031296;-0.215820
1117;-0.280458;0.406582;-0.032632
1118;0.121533;0.019405;0.190304
1119;0.092666;0.093693;0.013896
1120;-0.091100;0.072340;0.017522
1121;-0.217987;-0.126209;0.117963
1122;-0.326060;-0.263883;0.172266
1123;-0.273262;-0.322396;0.175875
1124;-0.163488;-0.344195;0.153056
1125;-0.080221;-0.097705;-0.136269
1126;0.400586;0.453771;-0.464153
1127;0.413762;0.243509;-0.315014
1128;0.009743;-0.372428;-0.017437
1129;-0.142472;0.244085;0.021206
1130;-0.406703;0.829979;0.024800
1131;-0.254044;-0.355893;0.207465
1132;-0.257729;-0.123281;0.589560
1133;0.184786;0.197313;-0.064166
1134;0.042271;-0.051701;-0.047038
1135;-0.192776;-0.207848;0.128041
1136;0.082807;-0.090044;-0.008572
1137;0.129234;-0.060533;-0.107863
1138;0.137401;-0.106658;-0.069218
1139;0.135138;-0.084127;-0.096843
1140;0.232727;0.025935;-0.034821
1141;0.272953;0.051174;-0.068022
1142;0.216494;0.018273;-0.050888
1143;0.304022;0.035518;-0.038540
1144;0.224886;0.081500;0.017169
1145;0.063455;0.105972;-0.108600
1146;-0.227925;0.356154;-0.199659
1147;-0.040835;0.248960;0.192031
1148;0.227359;0.048369;0.077077
1149;-0.067557;0.028775;0.002587
1150;-0.257252;-0.062792;0.117198
1151;-0.269845;-0.288671;0.211758
1152;-0.332942;-0.353954;0.196658
1153;-0.236770;-0.288909;0.157968
1154;-0.146880;-0.169864;-0.058793
1155;0.165472;0.229004;-0.490504
1156;0.754028;0.420422;-0.423605
1157;0.064998;-0.107082;-0.082283
1158;-0.376285;0.176337;0.222192
1159;-0.579210;0.153924;-0.038980
1160;0.196592;-0.092417;0.304421
1161;-0.191502;0.012239;0.442652
1162;0.152616;0.184942;-0.000389
1163;-0.005476;-0.056070;-0.023584
1164;-0.153372;-0.151787;0.194095
1165;0.125530;-0.065733;0.051647
1166;0.099296;-0.065249;-0.077006
1167;0.057585;-0.069618;-0.076962
1168;0.117666;-0.043520;-0.133208
1169;0.295615;0.015129;-0.026841
1170;0.355851;-0.078994;-0.116549
1171;0.276999;-0.112754;-0.059662
1172;0.314790;-0.034469;-0.062919
1173;0.086097;0.112180;-0.043015
1174;-0.042028;0.202172;-0.136330
1175;-0.141125;0.512812;0.097052
1176;0.124954;0.208501;0.105772
1177;-0.001705;0.082203;-0.022241
1178;-0.136625;-0.075989;0.115528
1179;-0.201153;-0.236353;0.133317
1180;-0.328707;-0.245324;0.190001
1181;-0.301512;-0.257734;0.154770
1182;-0.080364;-0.207653;0.128129
1183;0.012687;-0.124259;-0.079969
1184;0.157297;0.204894;-0.385944
1185;0.437520;0.174461;-0.370235
1186;0.063532;-0.349985;0.005332
1187;-0.289086;0.308715;0.134305
1188;-0.468570;0.972696;-0.369946
1189;-0.021854;-0.326745;0.211914
1190;-0.363742;-0.311579;0.571952
1191;0.365305;0.294327;0.031624
1192;-0.013263;-0.147699;-0.057730
1193;-0.134154;-0.172053;0.151553
1194;0.151821;-0.082849;0.058255
1195;0.075097;-0.077554;-0.025518
1196;0.011571;-0.016777;-0.069316
1197;0.026535;-0.031793;-0.130378
1198;0.154718;-0.084550;0.014450
1199;0.217391;0.024483;-0.087782
1200;0.175113;0.021649;-0.087583
1201;0.383694;0.259359;-0.090144
1202;0.310119;0.111084;0.007276
1203;0.020652;0.071299;-0.132037
1204;-0.182271;0.437266;-0.154069
1205;-0.017235;0.125746;0.280824
1206;0.080818;0.026840;0.086295
1207;-0.028412;0.086133;0.025573
1208;-0.235181;-0.185240;0.131070
1209;-0.316299;-0.366133;0.200205
1210;-0.201068;-0.296167;0.201493
1211;-0.195240;-0.377115;0.177122
1212;-0.158770;-0.317783;-0.060661
1213;0.244878;0.319572;-0.491050
1214;0.666637;0.676435;-0.337411
1215;0.020974;-0.119309;-0.235781
1216;-0.332671;0.045408;0.167884
1217;-0.448232;0.746163;-0.098161
1218;-0.038864;-0.119494;0.175685
1219;-0.320421;-0.320022;0.587052
1220;0.093040;0.194955;0.207426
1221;0.030213;-0.069750;-0.139096
1222;-0.156214;-0.114673;0.138476
1223;0.064958;-0.157334;0.090069
1224;0.184357;-0.037785;-0.061235
1225;0.172893;-0.090958;-0.075646
1226;0.136438;-0.125396;-0.120143
1227;0.287681;-0.081482;-0.039094
1228;0.239232;0.033204;-0.045001
1229;0.017626;0.076985;-0.056692
1230;0.113809;0.110505;-0.143608
1231;0.290796;0.186847;0.038653
1232;0.247134;-0.005284;-0.102005
1233;-0.163529;0.270311;-0.353041
1234;-0.178386;0.254721;0.246978
1235;0.218541;-0.022061;0.159644
1236;-0.006666;0.102098;-0.050469
1237;-0.176138;0.061875;0.088924
1238;-0.297171;-0.218283;0.185614
1239;-0.279475;-0.290036;0.237043
1240;-0.113347;-0.310874;0.171473
1241;0.005680;-0.282331;-0.025963
1242;0.136262;-0.121435;-0.212444
1243;0.424523;0.311800;-0.218487
1244;-0.010413;-0.040758;-0.118980
1245;-0.106212;0.105984;-0.195151
1246;-0.127035;1.079538;0.312198
1247;-0.554910;-0.437365;-0.014969
1248;-0.115820;-0.411939;0.343835
1249;0.313727;0.529217;0.314170
1250;0.009721;0.028042;-0.124828
1251;-0.111323;-0.165945;0.002685
1252;-0.085358;-0.102207;0.133803
1253;0.189958;-0.036055;0.053133
1254;0.053310;-0.101897;-0.063202
1255;0.082745;-0.112648;-0.086778
1256;0.132552;-0.052215;-0.112991
1257;0.246798;0.062539;-0.086816
1258;0.172109;-0.061915;-0.089734
1259;0.207409;-0.052116;-0.122212
1260;0.416719;0.397822;-0.090886
1261;0.325872;0.167210;-0.010066
1262;-0.136868;0.067327;-0.206404
1263;-0.310097;0.345700;-0.042541
1264;0.097869;0.125035;0.106144
1265;0.041473;0.070594;0.036891
1266;-0.178921;0.025665;0.109417
1267;-0.210220;-0.180478;0.153707
1268;-0.244666;-0.258507;0.163458
1269;-0.239320;-0.268896;0.154718
1270;-0.064696;-0.276341;0.083466
1271;0.124453;-0.158726;-0.289858
1272;0.578872;0.274044;-0.353264
1273;0.177736;0.028872;-0.242477
1274;-0.386123;-0.437800;0.195428
1275;-0.256322;0.773201;0.045743
1276;-0.180478;0.114742;0.110990
1277;-0.218728;-0.431836;0.451282
1278;0.029988;0.248593;0.390900
1279;0.129419;0.121947;-0.201438
1280;-0.213881;-0.159487;0.117387
1281;-0.016084;-0.157858;0.132286
1282;0.238266;-0.079693;-0.003792
1283;0.075940;-0.089812;-0.034377
1284;0.054478;-0.056896;-0.075922
1285;0.133245;-0.043854;-0.120039
1286;0.180637;0.030084;-0.041854
1287;0.355844;0.042601;-0.078335
1288;0.260334;0.002180;-0.065693
1289;0.332669;0.101587;-0.076669
1290;0.177441;0.045731;-0.028200
1291;-0.063534;0.099712;-0.077108
1292;-0.275820;0.434532;-0.060146
1293;-0.022030;0.163543;0.098592
1294;0.045535;0.027863;0.038769
1295;-0.130107;-0.061000;0.104754
1296;-0.166525;-0.113372;0.124365
1297;-0.173853;-0.186616;0.148798
1298;-0.265114;-0.292916;0.188641
1299;-0.175153;-0.323130;0.106897
1300;0.029627;-0.158946;-0.228199
1301;0.371537;0.057380;-0.297872
1302;0.166315;0.074662;-0.271707
1303;-0.053211;-0.068331;-0.141978
1304;-0.208156;0.317815;-0.420800
1305;-0.180131;0.843883;0.112746
1306;-0.258220;-0.486774;0.394409
1307;-0.131946;-0.338709;0.635127
1308;0.237073;0.575325;0.097487
1309;-0.019050;0.060784;-0.116408
1310;-0.193637;-0.190464;0.113825
1311;0.023847;-0.145962;0.200417
1312;0.159997;-0.010993;-0.017926
1313;0.028446;-0.109297;-0.010028
1314;0.082095;-0.071274;-0.085827
1315;0.186557;0.019838;-0.135643
1316;0.229118;-0.001209;-0.108942
1317;0.322628;-0.014300;-0.125108
1318;0.286634;-0.076529;-0.081831
1319;0.375099;0.179246;-0.038223
1320;0.174338;0.117072;-0.017573
1321;-0.115664;0.062414;-0.161057
1322;-0.261339;0.408723;-0.021654
1323;0.040486;0.073354;0.197417
1324;0.045910;0.062928;-0.001305
1325;-0.050464;0.033036;0.080337
1326;-0.153339;-0.179437;0.140122
1327;-0.231224;-0.261607;0.181740
1328;-0.225966;-0.256462;0.179126
1329;-0.124410;-0.288680;0.076687
1330;-0.017519;-0.123754;-0.165017
1331;0.291801;0.277822;-0.467516
1332;0.317472;0.138332;-0.352577
1333;0.054702;-0.293709;0.033953
1334;0.025657;0.434589;0.091945
1335;-0.486931;0.398853;-0.158485
1336;-0.106431;-0.370971;0.361865
1337;-0.167463;-0.037657;0.588601
1338;0.133620;0.206878;-0.009757
1339;-0.072872;-0.107268;-0.021545
1340;-0.113561;-0.154174;0.169821
1341;0.154959;-0.013553;0.038235
1342;0.029354;-0.043485;-0.051584
1343;0.029017;-0.055445;-0.075839
1344;0.134539;-0.008515;-0.068970
1345;0.191038;-0.028793;-0.145187
1346;0.303247;-0.037517;-0.118004
1347;0.283226;-0.020206;-0.090401
1348;0.221722;0.015883;-0.120618
1349;0.181129;0.187028;-0.037933
1350;0.084816;0.111036;-0.093962
1351;-0.210706;0.482926;-0.089680
1352;-0.051740;0.195158;0.178499
1353;0.115561;-0.037606;0.016936
1354;-0.064775;0.069262;0.000967
1355;-0.190762;-0.056747;0.117171
1356;-0.291116;-0.252670;0.186238
1357;-0.312658;-0.310475;0.190081
1358;-0.133412;-0.259751;0.117472
1359;0.014652;-0.173946;-0.093924
1360;0.218637;0.065575;-0.367805
1361;0.382216;0.295130;-0.345612
1362;0.010214;-0.103980;-0.245394
1363;-0.066792;0.249090;0.174095
1364;-0.485585;0.684193;0.067429
1365;-0.209052;-0.433172;0.198046
1366;-0.045335;-0.083959;0.540524
1367;0.091374;0.208929;0.078831
1368;-0.029887;-0.053038;-0.094200
1369;-0.168870;-0.111114;0.108478
1370;-0.001258;-0.122471;0.073706
1371;0.143621;-0.097340;0.000863
1372;0.129248;-0.076104;-0.067399
1373;0.107337;-0.055394;-0.108226
1374;0.197103;-0.000561;-0.090966
1375;0.239301;-0.023440;-0.071196
1376;0.297514;-0.008705;-0.088640
1377;0.293434;-0.017640;-0.031536
1378;0.277926;0.212646;0.010658
1379;0.065901;0.257264;-0.097506
1380;-0.137829;0.235822;-0.196862
1381;-0.172236;0.277998;0.129301
1382;0.145986;0.071725;0.106591
1383;-0.049551;0.066210;0.074785
1384;-0.189526;-0.069742;0.065560
1385;-0.192087;-0.193539;0.116337
1386;-0.255034;-0.218264;0.160514
1387;-0.224687;-0.279186;0.156093
1388;-0.091185;-0.248385;-0.014292
1389;0.120698;-0.007149;-0.284071
1390;0.349193;0.242336;-0.322522
1391;0.179732;-0.029836;-0.189156
1392;-0.130300;-0.217323;0.095395
1393;-0.184020;0.815256;0.183628
1394;-0.300730;-0.149752;0.149059
1395;-0.230992;-0.278959;0.546191
1396;0.085077;0.319669;0.288297
1397;0.116534;0.010018;-0.164780
1398;-0.121829;-0.141542;0.068970
1399;-0.005973;-0.138870;0.126907
1400;0.101385;-0.002571;-0.026088
1401;0.053558;-0.074593;-0.047522
1402;0.046436;-0.064283;-0.084525
1403;0.180748;-0.023004;-0.124140
1404;0.297473;-0.104371;-0.001048
1405;0.393174;-0.004323;-0.159953
1406;0.295183;-0.032935;-0.099420
1407;0.422644;0.347150;-0.066406
1408;0.170216;0.141499;-0.094244
1409;-0.189732;0.098195;-0.205985
1410;-0.285498;0.377371;0.014401
1411;0.148340;0.145097;0.201384
1412;0.018739;-0.013861;0.030223
1413;-0.187258;-0.023359;0.046921
1414;-0.167332;-0.146010;0.146203
1415;-0.223135;-0.251930;0.174831
1416;-0.242420;-0.300082;0.202255
1417;-0.080307;-0.286957;0.102608
1418;0.096848;-0.152217;-0.129463
1419;0.250200;0.251440;-0.446455
1420;0.367687;0.262128;-0.294767
1421;-0.070173;-0.285541;-0.161096
1422;-0.255882;0.172956;0.420242
1423;-0.399050;0.820751;-0.072169
1424;-0.081489;-0.393796;0.157066
1425;-0.194406;-0.127267;0.527798
1426;0.251294;0.188108;0.050649
1427;0.011527;-0.095058;-0.057692
1428;-0.113647;-0.134245;0.109489
1429;0.068234;-0.060822;0.088270
1430;0.030448;-0.023054;-0.045485
1431;0.014105;-0.050459;-0.095200
1432;0.010335;-0.114645;-0.052115
1433;0.242373;0.021015;-0.067328
1434;0.321881;0.042619;-0.043199
1435;0.342979;-0.021709;-0.038866
1436;0.300554;-0.001240;-0.163089
1437;0.267029;0.164126;-0.122582
1438;0.106407;0.078046;-0.096766
1439;-0.059560;0.485398;-0.126208
1440;-0.105443;0.234360;0.171845
1441;0.100763;0.078689;0.066114
1442;-0.138020;-0.023146;0.006311
1443;-0.224948;-0.128026;0.076882
1444;-0.212857;-0.265863;0.167134
1445;-0.240026;-0.253398;0.185152
1446;-0.197531;-0.243613;0.131128
1447;-0.003449;-0.213453;-0.138413
1448;0.378249;0.083974;-0.218522
1449;0.217091;0.222084;-0.290585
1450;-0.080891;-0.077141;-0.211539
1451;-0.244260;0.019400;-0.211434
1452;-0.230623;0.645581;0.002524
1453;-0.115763;-0.196026;0.318995
1454;-0.113909;-0.197922;0.403219
1455;0.021148;0.340663;0.194466
1456;0.023991;0.046008;-0.126951
1457;-0.068194;-0.129526;0.121722
1458;0.027732;-0.200810;0.201666
1459;0.224964;-0.058979;-0.002475
1460;0.085522;-0.129500;-0.100430
1461;0.046113;-0.076729;-0.070758
1462;0.197213;0.010682;-0.091400
1463;0.304164;-0.016710;-0.082624
1464;0.333656;-0.039079;-0.147936
1465;0.225742;-0.006664;-0.091663
1466;0.251814;0.290722;-0.068454
1467;0.027098;0.214635;-0.130857
1468;-0.179137;0.435109;-0.157057
1469;-0.019595;0.114273;0.189791
1470;0.116692;0.021329;0.027034
1471;-0.139478;0.090714;0.025132
1472;-0.254618;-0.101811;0.177864
1473;-0.219751;-0.204650;0.197475
1474;-0.201182;-0.183457;0.209533
1475;-0.127761;-0.299990;0.109868
1476;-0.015475;-0.226534;-0.168410
1477;0.271213;0.050557;-0.318449
1478;0.419996;0.176645;-0.134500
1479;-0.035137;-0.266607;0.076135
1480;-0.139465;0.284234;-0.112543
1481;-0.468042;0.820334;-0.232692
1482;-0.141881;-0.451596;0.354377
1483;-0.141714;-0.119396;0.551174
1484;0.142798;0.225130;-0.021328
1485;-0.076629;-0.158923;-0.020518
1486;-0.060795;-0.092232;0.171528
1487;0.029068;-0.040215;0.004884
1488;-0.034063;-0.000096;-0.073441
1489;0.016770;-0.063990;-0.095200
1490;0.183979;-0.019800;-0.071750
1491;0.310892;-0.006436;-0.107840
1492;0.276502;-0.044928;-0.148386
1493;0.339987;0.033776;-0.081344
1494;0.208300;-0.004892;-0.139255
1495;0.207642;0.095564;-0.057263
1496;0.032487;0.172239;-0.126376
1497;-0.302613;0.491983;-0.115815
1498;-0.047539;0.346767;0.210196
1499;0.344616;0.011046;0.033131
1500;-0.136183;-0.030444;0.013550
1501;-0.280710;-0.078697;0.191226
1502;-0.232067;-0.211276;0.172846
1503;-0.288765;-0.172314;0.210670
1504;-0.186635;-0.291149;0.147837
1505;0.042921;-0.200681;-0.032665
1506;0.208626;-0.014009;-0.209399
1507;0.305979;0.172091;-0.257977
1508;0.147547;-0.061201;-0.106000
1509;-0.340625;0.090777;-0.093164
1510;-0.470392;0.720735;0.019846
1511;0.103865;-0.200211;0.189428
1512;-0.134397;-0.424323;0.425215
1513;0.141536;0.365505;0.242385
1514;0.081313;0.076263;-0.207580
1515;-0.191021;-0.151475;0.096887
1516;0.019600;-0.153432;0.175052
1517;0.132159;-0.030029;-0.016814
1518;0.024180;-0.084761;-0.073128
1519;0.064374;-0.092873;-0.064065
1520;0.198313;-0.056281;-0.093483
1521;0.261390;0.052046;-0.030728
1522;0.228814;0.013848;-0.063866
1523;0.238467;0.012451;-0.112432
1524;0.319133;0.282652;-0.078719
1525;0.149857;0.130581;-0.119552
1526;-0.171904;0.117992;-0.225860
1527;-0.326961;0.393858;0.010332
1528;0.130273;0.033109;0.180228
1529;0.095410;0.122748;0.049194
1530;-0.060571;0.006904;0.075136
1531;-0.243675;-0.244666;0.139452
1532;-0.300576;-0.332946;0.135346
1533;-0.166719;-0.320517;0.136715
1534;0.030759;-0.252495;0.127802
1535;0.094548;-0.129779;-0.096243
1536;0.281640;0.232886;-0.487265
1537;0.365053;0.253059;-0.403794
1538;-0.155388;-0.271853;-0.154008
1539;-0.039407;0.291053;0.330800
1540;-0.544420;0.313958;0.003835
1541;-0.170170;-0.427808;0.119853
1542;0.059030;0.153677;0.412370
1543;0.032896;0.090458;0.049653
1544;0.043876;-0.105015;-0.044013
1545;-0.038184;-0.151395;0.169908
1546;0.023998;0.018116;0.123076
1547;-0.091116;0.014692;-0.099041
1548;-0.010191;-0.001762;-0.065330
1549;-0.001896;0.020735;-0.034127
1550;0.154134;-0.026913;-0.052935
1551;0.349441;-0.072802;-0.116288
1552;0.322951;0.027889;-0.083674
1553;0.273060;0.071401;-0.157823
1554;0.327324;0.193420;-0.062255
1555;0.181923;0.049875;-0.031122
1556;-0.195325;0.332231;-0.287279
1557;-0.249706;0.302816;0.141837
1558;0.094670;0.003909;0.117443
1559;-0.002315;0.083274;0.079059
1560;-0.095949;-0.018175;0.120197
1561;-0.163456;-0.184393;0.146158
1562;-0.157163;-0.254969;0.187396
1563;-0.053009;-0.289976;0.229591
1564;-0.095193;-0.279052;0.047008
1565;0.077880;-0.094082;-0.286689
1566;0.371155;0.257587;-0.364709
1567;0.228543;0.111718;-0.192077
1568;-0.094297;-0.314109;-0.134365
1569;0.021495;0.358778;0.305099
1570;-0.510735;0.580540;-0.031974
1571;-0.362897;-0.488920;0.118004
1572;-0.134465;0.040526;0.454668
1573;0.172226;0.274533;0.107357
1574;-0.023851;-0.097232;-0.036205
1575;-0.101764;-0.094219;0.111729
1576;-0.025879;-0.058773;0.085688
1577;0.067688;-0.015628;-0.092570
1578;0.110259;-0.013469;-0.066102
1579;0.232040;-0.078378;-0.082052
1580;0.346708;0.026440;-0.104386
1581;0.259541;-0.002205;-0.097277
1582;0.141907;-0.031996;-0.095156
1583;0.174184;-0.006673;-0.121234
1584;0.127200;0.140513;-0.062006
1585;0.116701;0.217218;-0.059167
1586;-0.078282;0.112559;-0.192852
1587;-0.231851;0.345409;-0.001868
1588;0.101439;0.050328;0.092797
1589;0.103111;0.111474;0.014749
1590;-0.041160;0.057558;0.158303
1591;-0.088079;-0.164727;0.180700
1592;-0.162059;-0.223177;0.189835
1593;-0.196665;-0.210000;0.201602
1594;-0.151720;-0.242356;0.119681
1595;-0.015266;-0.133463;-0.043886
1596;0.180183;0.100487;-0.262320
1597;0.215683;0.097036;-0.176675
1598;0.057977;-0.072239;0.010871
1599;0.074565;-0.118572;-0.026815
1600;-0.116844;0.019634;-0.015874
1601;-0.197361;0.460157;-0.032587
1602;0.016189;0.043646;-0.251565
1603;-0.140086;-0.312367;0.199516
1604;-0.353886;-0.194784;0.141170
1605;0.466086;0.279232;0.150505
1606;-0.086787;-0.050416;-0.048969
1607;-0.064408;-0.057475;0.028119
1608;0.075893;0.020933;0.021285
1609;0.085989;-0.044041;0.065311
1610;0.037199;-0.071634;0.039168
1611;0.025168;0.009232;-0.049032
1612;0.030525;-0.000725;-0.065772
1613;0.053302;0.014380;-0.079223
1614;0.069913;0.018123;-0.055986
1615;0.114181;-0.041284;-0.061025
1616;0.120853;-0.022591;-0.018417
1617;0.015270;-0.008170;-0.065117
1618;0.036487;-0.016935;-0.048150
1619;0.105032;-0.056548;-0.045130
1620;0.160630;0.014588;0.027502
1621;0.213757;0.117804;0.123550
1622;0.109232;0.114135;0.062723
1623;-0.111200;0.029994;-0.090019
1624;-0.070089;-0.008321;-0.104907
1625;0.119665;-0.009697;-0.031651
1626;0.074958;0.025604;-0.007567
1627;0.044167;0.001531;-0.042094
1628;0.002113;0.025120;-0.093970
1629;-0.033025;0.001179;-0.074531
1630;0.027095;0.007194;0.016706
1631;0.062154;0.009047;0.068301
1632;0.042691;0.118028;0.054150
1633;-0.015855;0.030254;0.008533
1634;-0.014779;-0.034798;0.004796
1635;-0.022141;-0.051089;0.022496
1636;-0.070026;-0.087198;0.035038
1637;-0.063434;-0.079266;-0.010188
1638;0.044792;-0.041327;-0.039135
1639;0.059652;-0.055824;-0.028533
1640;0.022270;-0.079055;0.054057
1641;-0.013064;-0.094122;0.065484
1642;-0.025024;-0.043171;0.043195
1643;-0.026160;0.059850;0.019084
1644;-0.076851;0.190233;-0.061042
1645;-0.069621;0.042185;-0.084047
1646;0.034987;-0.108938;-0.004306
1647;0.048422;-0.046694;0.041760
1648;0.061252;0.004312;-0.018279
1649;-0.019127;0.027718;-0.022826
1650;-0.051438;0.004638;-0.021407
1651;0.009546;0.022422;-0.015959
1652;0.026151;-0.013108;-0.001184
1653;0.033168;-0.018720;-0.004478
1654;0.039704;-0.010843;-0.017685
1655;0.029946;-0.010379;0.000155
1656;0.018517;-0.011693;-0.003563
1657;0.007847;-0.009548;-0.013808
1658;-0.009101;0.003802;0.003072
1659;-0.022264;-0.001067;-0.005521
1660;-0.019763;0.007067;-0.002733
1661;-0.026365;0.000881;0.000400
1662;-0.020332;-0.005886;-0.007098
1663;0.014618;-0.006003;0.009795
1664;0.018850;-0.005930;0.015845
1665;0.044750;-0.015077;0.007259
1666;0.082673;-0.017846;0.009702
1667;0.050588;-0.019260;-0.010731
1668;0.036957;-0.007045;-0.006084
1669;0.057119;0.011498;-0.025523
1670;0.005102;0.003996;-0.008860
1671;-0.025551;-0.007464;-0.003571
1672;-0.012554;0.009253;-0.000147
1673;-0.021074;-0.013940;-0.006209
1674;0.004891;-0.005138;-0.002362
1675;0.015856;-0.013077;-0.003004
1676;0.008367;-0.020837;0.000315
1677;0.028016;0.003407;-0.001912
1678;0.003313;-0.008701;-0.000240
1679;0.008738;0.002284;-0.000585
1680;0.000869;-0.003449;-0.002670
1681;-0.009287;-0.015810;-0.004616
1682;0.000281;-0.002330;0.002777
1683;0.008081;-0.014809;-0.003296
1684;0.008459;-0.001540;0.007151
1685;0.013169;-0.028434;-0.005439
1686;0.012419;0.003289;-0.010005
1687;-0.008876;-0.009804;-0.006231
1688;0.001715;-0.008547;-0.002453
1689;0.001307;0.006962;0.008448
1690;0.004903;-0.005121;0.010587
1691;-0.004665;-0.028560;-0.018152
1692;0.007148;-0.012288;0.007336
1693;-0.006643;0.019272;-0.006832
1694;0.003559;0.000477;-0.002225
1695;-0.005764;-0.005667;0.001586
1696;0.014445;-0.008024;0.001025
1697;0.002654;-0.015806;0.001420
1698;0.014214;-0.005023;0.001435
1699;0.013508;-0.006617;-0.008173
1700;0.024935;-0.002540;0.009652
1701;0.005660;-0.009266;0.011576
1702;0.037414;0.003198;0.017600
1703;0.041648;-0.020986;0.015784
1704;0.003883;-0.010897;0.006187
1705;0.035111;-0.018702;-0.004456
1706;-0.028176;0.001256;0.019254
1707;-0.135264;0.036450;-0.000423
1708;-0.090883;0.013227;-0.031483
1709;-0.088534;-0.044297;0.006113
1710;0.001498;-0.021111;-0.039818
1711;0.022531;-0.037031;-0.004818
1712;0.056814;-0.025600;0.000135
1713;0.066554;-0.024984;0.002387
1714;-0.013769;-0.032645;-0.021579
1715;0.008908;0.005671;0.007415
1716;-0.072796;0.018118;0.012271
1717;0.001761;-0.041027;-0.018273
1718;-0.084626;0.011768;0.016962
1719;0.083673;-0.063351;-0.024568
1720;-0.023373;-0.016932;-0.000057
1721;0.028440;-0.019792;-0.004202
1722;0.018995;0.019982;-0.018891
1723;-0.026126;-0.015586;0.002386
1724;0.031982;-0.026018;-0.004568
1725;0.020477;-0.015541;-0.003057
1726;-0.016945;-0.003859;0.000913
1727;0.008092;-0.007519;0.005647
1728;0.009006;-0.003077;0.000018
1729;-0.014187;0.003720;-0.001910
1730;-0.008457;-0.016282;-0.002981
1731;-0.009199;0.003035;-0.003251
1732;0.005820;-0.018246;-0.009991
1733;-0.004454;-0.006788;0.004309
1734;-0.003918;-0.013115;0.004077
1735;0.012806;-0.008526;-0.019658
1736;0.004852;0.017696;-0.005721
