index;x;y;z
0;0.017605;-0.000014;-0.013182
1;0.009396;-0.011649;-0.007990
2;0.005565;-0.008755;0.009734
3;0.004652;0.011346;0.002661
4;-0.014863;-0.005978;-0.000167
5;-0.002351;0.001875;0.001043
6;0.001375;-0.005949;-0.000057
7;-0.011840;-0.004431;-0.000147
8;-0.020206;0.004925;0.000640
9;-0.026851;0.005509;0.012820
10;-0.007055;-0.027978;0.014206
11;0.014237;0.000120;-0.011663
12;0.027042;-0.027935;-0.014849
13;0.019854;-0.011971;-0.001803
14;-0.001804;-0.020045;-0.003867
15;-0.023697;0.015906;0.002951
16;-0.030054;0.001496;0.009720
17;-0.002195;-0.003314;-0.011894
18;0.010652;-0.011192;0.001208
19;0.013647;-0.004099;-0.011972
20;0.004679;-0.015026;-0.002694
21;-0.004765;0.001631;0.000992
22;-0.012775;-0.001946;-0.001981
23;-0.008691;-0.008109;-0.001401
24;-0.008931;-0.001769;-0.003227
25;0.010431;-0.008119;0.002025
26;0.017532;-0.006104;0.007739
27;0.017010;-0.011446;0.007911
28;0.021642;0.000112;0.009865
29;0.014295;-0.005578;0.020368
30;0.015118;-0.006666;0.011512
31;0.014964;-0.010656;0.012635
32;0.007746;-0.007054;0.010456
33;0.009545;-0.001787;0.005349
34;0.006700;-0.016407;-0.000659
35;0.007303;-0.007688;-0.010411
36;0.004927;-0.005920;0.001922
37;-0.017057;-0.005463;0.002189
38;-0.016651;-0.003597;-0.008902
39;-0.010012;-0.001490;-0.002781
40;-0.004799;-0.007335;-0.007995
41;0.002163;-0.008054;-0.004036
42;-0.007470;0.003274;-0.000510
43;-0.009858;-0.004811;-0.007258
44;0.001432;-0.000856;-0.011259
45;-0.004308;-0.003770;0.001392
46;0.001733;-0.004869;-0.000951
47;-0.003049;-0.003293;0.009143
48;-0.006087;-0.005255;-0.000348
49;0.006829;-0.007583;-0.001294
50;0.008445;-0.005289;-0.001701
51;0.003979;-0.001096;-0.007351
52;0.009232;-0.004982;0.002994
53;-0.001215;-0.002314;0.002754
54;-0.010435;0.005983;0.001361
55;-0.013244;-0.002714;0.012273
56;-0.006587;-0.008961;0.006268
57;-0.004289;-0.009749;0.021163
58;-0.005576;-0.010335;0.022051
59;-0.013043;-0.001968;0.010642
60;-0.017310;-0.008539;0.010449
61;-0.017333;-0.008921;0.003820
62;-0.011571;-0.006128;0.001680
63;-0.005639;0.000544;0.002548
64;0.007631;-0.002537;-0.003681
65;0.008093;-0.007105;0.000123
66;0.001466;-0.003632;-0.011747
67;0.004563;-0.001714;-0.014929
68;0.012906;-0.002215;-0.009685
69;0.003726;-0.018656;-0.007978
70;0.005309;-0.014200;0.002048
71;0.023854;-0.007421;0.012281
72;0.010766;-0.008626;0.005413
73;0.008326;-0.010966;-0.007294
74;-0.003281;-0.000009;-0.014212
75;-0.012004;0.006935;-0.010859
76;0.005948;0.012307;-0.012948
77;0.012395;0.011526;0.005503
78;-0.039343;-0.016281;0.044694
79;-0.030083;-0.012706;0.006540
80;-0.011993;0.018390;0.017805
81;-0.003351;-0.006764;0.010709
82;-0.011314;-0.015353;-0.005500
83;-0.022666;-0.037817;-0.012581
84;0.012305;0.026761;-0.009190
85;0.034707;-0.013511;-0.008591
86;0.059363;-0.022985;0.011088
87;-0.003912;-0.033816;0.026269
88;-0.013412;-0.015714;-0.002923
89;-0.019039;0.016340;0.030180
90;-0.006204;0.049038;0.027496
91;0.023107;-0.023018;0.022590
92;0.000653;-0.040163;0.040703
93;-0.065916;0.035448;0.018479
94;-0.053802;0.058818;0.020905
95;-0.020527;-0.021280;0.049583
96;0.002704;-0.038007;0.068474
97;0.029167;-0.020755;0.031263
98;0.041742;-0.040790;-0.030088
99;0.062443;-0.015590;-0.014848
100;0.045962;-0.013910;-0.005467
101;0.047291;-0.005136;-0.032813
102;0.027226;0.009779;-0.030429
103;0.019685;0.061533;-0.014574
104;0.047230;0.045648;0.006511
105;0.119848;-0.019570;0.002689
106;0.192362;0.084230;0.094607
107;0.180292;0.113348;0.032266
108;0.105346;0.031386;-0.093629
109;0.045361;0.059529;-0.214966
110;0.001071;0.036155;-0.179590
111;-0.082883;0.042900;-0.052812
112;-0.155152;0.108404;0.149941
113;-0.039787;0.154592;0.138485
114;-0.020340;-0.028889;0.041567
115;-0.124521;-0.157439;0.068062
116;-0.181334;-0.160456;0.102532
117;-0.101122;-0.176260;0.094737
118;-0.043438;-0.147576;0.011993
119;0.066736;-0.076809;-0.134184
120;0.268551;0.024486;-0.204402
121;0.049281;-0.019476;-0.129201
122;-0.110233;-0.081365;-0.169490
123;-0.162698;-0.162192;0.056881
124;-0.323060;0.147907;0.114591
125;0.105293;0.467950;-0.103388
126;-0.192374;-0.165648;0.178458
127;-0.164153;0.000401;0.299263
128;0.139549;0.001122;0.055763
129;-0.040136;0.046821;0.074039
130;0.032575;-0.078876;0.012404
131;0.083244;-0.025628;0.047208
132;0.085354;-0.022384;0.072772
133;0.025277;-0.042354;0.037280
134;0.014973;-0.027206;-0.075901
135;0.026385;-0.040098;-0.060668
136;0.050694;-0.072404;0.014137
137;0.092478;0.001909;-0.014182
138;0.070788;-0.011367;0.045911
139;0.050680;0.022291;0.039347
140;0.005822;0.016373;0.024473
141;0.062669;-0.003636;0.014497
142;0.185745;0.012253;0.016867
143;0.142836;0.051726;0.005772
144;0.111427;0.068936;-0.107120
145;0.159226;0.057616;-0.127769
146;0.143402;0.167911;-0.106955
147;-0.009620;0.042637;-0.177613
148;-0.107261;0.083777;-0.153418
149;-0.081882;0.123221;0.077658
150;0.130477;0.140563;0.113632
151;0.022375;0.010297;0.080973
152;-0.145649;-0.077884;0.044569
153;-0.144899;-0.118586;0.124727
154;-0.127088;-0.127160;0.130400
155;-0.128663;-0.204252;0.165091
156;-0.053234;-0.221119;0.076878
157;0.106436;-0.137523;-0.085435
158;0.144148;-0.009923;-0.179476
159;0.037271;0.122952;-0.138125
160;-0.022949;-0.046614;-0.192270
161;-0.085942;-0.134337;-0.078096
162;-0.204574;0.284927;0.102004
163;0.114944;0.442908;-0.056244
164;-0.460298;-0.348806;0.008455
165;-0.255584;-0.200210;0.453324
166;0.360313;0.312686;0.246702
167;-0.049589;0.000200;0.012232
168;-0.091688;-0.099361;-0.029214
169;0.018694;-0.016442;0.048735
170;0.064812;-0.112141;0.125519
171;0.164349;-0.061253;0.007915
172;0.092131;-0.037522;-0.039171
173;0.099706;-0.049359;-0.042281
174;0.137514;0.082116;-0.064621
175;0.091131;0.056584;-0.106335
176;0.168991;0.011962;0.031547
177;0.094843;0.067189;-0.059283
178;0.105504;0.051010;-0.163041
179;0.329100;0.200439;0.023036
180;0.260446;0.060518;-0.039177
181;-0.114471;0.059029;-0.135148
182;-0.303144;0.246879;-0.037165
183;0.054273;0.110085;0.168643
184;0.121680;0.126682;0.112366
185;-0.161724;0.019302;0.127528
186;-0.237000;-0.082051;0.168206
187;-0.140396;-0.208640;0.162137
188;-0.126875;-0.170409;0.190736
189;-0.085711;-0.289884;0.141460
190;-0.042712;-0.241203;-0.043494
191;0.207821;0.022664;-0.285693
192;0.240466;0.058771;-0.139619
193;-0.058376;0.015787;-0.098205
194;-0.038282;-0.060515;-0.096162
195;-0.186030;0.647586;-0.141530
196;-0.262051;-0.018550;0.042148
197;-0.309695;-0.337722;0.276693
198;-0.040474;0.147346;0.486658
199;0.100305;0.097357;0.041324
200;-0.126086;-0.043857;0.077338
201;-0.158360;-0.070758;0.000011
202;0.133981;0.023112;0.092340
203;0.127524;-0.100686;0.077035
204;0.096084;-0.098978;-0.058331
205;0.038430;-0.034775;-0.120608
206;0.132761;-0.073558;-0.069016
207;0.190923;0.022722;-0.006485
208;0.187147;0.061441;-0.082788
209;0.190797;0.089599;-0.091175
210;0.120483;0.076114;-0.099876
211;0.178212;0.082291;-0.197622
212;0.245088;0.173240;-0.140868
213;0.315410;-0.009440;-0.139832
214;-0.005802;0.094448;-0.214815
215;-0.286377;0.345530;0.102851
216;0.112888;0.248217;0.228757
217;-0.021155;0.167602;0.042058
218;-0.166771;-0.052107;0.138981
219;-0.197169;-0.231463;0.229764
220;-0.178734;-0.250499;0.284066
221;-0.187338;-0.282963;0.304591
222;-0.118197;-0.242336;0.178787
223;-0.029623;-0.140400;-0.082044
224;0.176142;0.270774;-0.438229
225;0.354405;0.352832;-0.258927
226;-0.079572;-0.101210;-0.149501
227;-0.103260;-0.302690;0.146712
228;-0.373377;0.349654;0.122450
229;-0.039225;0.732814;-0.245625
230;-0.203475;-0.519104;0.356085
231;-0.185520;-0.239798;0.523645
232;0.231589;0.315526;0.075575
233;-0.082845;-0.068358;-0.074011
234;-0.070317;-0.113298;0.098808
235;0.078372;-0.126461;0.059620
236;0.156937;-0.031596;-0.105810
237;0.132241;-0.065400;-0.074719
238;0.086605;-0.083926;-0.083798
239;0.075486;-0.058677;-0.115702
240;0.188493;0.027560;0.040895
241;0.042156;0.079188;-0.019224
242;0.157710;0.086904;-0.043645
243;0.386461;0.263255;-0.097018
244;0.325469;0.210161;-0.046183
245;0.088107;0.121403;-0.251383
246;-0.069536;0.071632;-0.274726
247;-0.244896;0.301687;0.063045
248;-0.046241;0.247941;0.221750
249;-0.014340;0.081833;0.131914
250;-0.111586;-0.097637;0.192592
251;-0.155375;-0.240438;0.217607
252;-0.196395;-0.294339;0.236319
253;-0.155832;-0.352490;0.251972
254;-0.013676;-0.275064;0.076198
255;0.156378;0.009740;-0.271823
256;0.395509;0.165640;-0.332658
257;0.049996;0.155750;-0.058109
258;-0.175380;-0.040039;-0.156452
259;-0.157063;0.208016;-0.219367
260;-0.359651;0.377691;0.178409
261;-0.328907;-0.190950;0.235733
262;0.117923;-0.449728;0.558529
263;0.083444;0.433440;0.214467
264;-0.058731;0.031509;-0.094697
265;-0.015021;-0.082292;0.016534
266;-0.015716;-0.165884;0.185095
267;0.207607;-0.042155;0.038042
268;0.133899;-0.076649;-0.063399
269;0.065910;-0.038203;-0.050957
270;0.078498;-0.040817;-0.065830
271;0.167345;0.038731;0.001874
272;0.181318;0.137268;-0.067760
273;0.093359;0.061835;-0.098487
274;0.316026;0.117710;-0.215596
275;0.363818;0.284226;-0.100857
276;0.242237;0.035693;-0.137386
277;0.012988;0.046021;-0.163806
278;-0.324128;0.353236;0.074430
279;-0.063498;0.270924;0.264873
280;-0.040352;0.114829;0.126365
281;-0.182033;-0.034896;0.151905
282;-0.218348;-0.203231;0.248808
283;-0.202618;-0.308310;0.221035
284;-0.213166;-0.352389;0.229469
285;-0.133997;-0.281866;0.160973
286;0.020378;-0.037644;-0.200905
287;0.351542;0.401704;-0.607918
288;0.298380;0.257525;-0.261128
289;-0.259833;-0.269285;0.074214
290;-0.329127;0.344114;0.073497
291;-0.134040;0.329117;-0.157359
292;-0.100605;-0.282775;0.395897
293;-0.232768;-0.352507;0.419542
294;0.276680;0.326791;0.180971
295;-0.015632;0.007697;0.004514
296;-0.147748;-0.064438;0.016030
297;-0.063356;-0.057674;0.119554
298;0.156981;-0.065700;0.071501
299;0.236749;-0.110721;-0.000198
300;0.237476;-0.124694;-0.014983
301;0.166907;-0.061925;-0.124803
302;0.097662;0.032553;-0.117574
303;0.090877;0.001725;-0.086155
304;0.119296;0.056725;-0.014399
305;0.170158;0.121321;-0.114466
306;0.135068;0.151528;-0.312078
307;0.322285;0.164882;-0.084651
308;0.254803;0.124385;-0.192506
309;-0.180326;0.345108;-0.153586
310;-0.116472;0.235834;0.253689
311;0.282213;0.101066;0.017693
312;-0.001012;-0.004687;0.009249
313;-0.173201;-0.079954;0.239125
314;-0.184229;-0.232830;0.266191
315;-0.206643;-0.247922;0.278131
316;-0.161032;-0.222154;0.282865
317;-0.077956;-0.291462;0.145077
318;0.024555;-0.159561;-0.187650
319;0.361660;0.476706;-0.560724
320;0.218673;0.299633;-0.301268
321;-0.283498;-0.382026;-0.145543
322;-0.359618;0.095018;0.342902
323;-0.034505;0.748610;-0.041856
324;-0.034820;-0.416801;0.251422
325;-0.174513;-0.180489;0.504156
326;0.217132;0.147961;0.114759
327;-0.041199;-0.081371;-0.095521
328;-0.164307;-0.110988;0.129923
329;-0.025686;-0.069812;0.014184
330;0.062617;-0.018510;-0.085417
331;0.045893;-0.066162;-0.070435
332;0.073905;0.050422;-0.099259
333;0.094278;-0.026043;-0.073695
334;0.289866;0.116464;-0.092035
335;0.180325;0.115437;-0.082237
336;0.228744;0.137150;-0.250370
337;0.448225;0.216376;-0.074161
338;0.312761;0.064775;-0.129274
339;-0.199103;0.256973;-0.276947
340;-0.243466;0.320173;0.197551
341;0.254216;0.114114;0.107360
342;-0.067318;0.009299;0.068097
343;-0.195597;0.033015;0.167470
344;-0.215099;-0.153122;0.227698
345;-0.206045;-0.253517;0.242666
346;-0.231886;-0.298437;0.265368
347;-0.081809;-0.328142;0.155024
348;0.050847;-0.204635;-0.174807
349;0.425617;0.239123;-0.547481
350;0.391797;0.479024;-0.393235
351;-0.342347;-0.173845;-0.043709
352;-0.332119;0.615006;0.396986
353;-0.732677;-0.236084;0.075588
354;-0.036903;-0.283993;0.529613
355;0.158479;0.461279;0.213111
356;-0.010855;-0.147159;0.014527
357;0.060558;-0.120176;0.081685
358;-0.003771;-0.175085;0.107112
359;0.078460;-0.037459;0.000279
360;0.106067;-0.057143;-0.047720
361;0.101051;-0.004750;-0.045164
362;0.100318;0.063936;-0.083271
363;0.118491;0.012068;-0.013547
364;0.375728;-0.007166;-0.111770
365;0.283924;0.114083;-0.093305
366;0.288706;0.227720;-0.123215
367;0.299121;0.098293;-0.119046
368;0.077078;0.010179;-0.185020
369;-0.227731;0.251711;-0.175439
370;-0.165200;0.260796;0.206153
371;0.144723;0.171422;0.130093
372;0.000357;0.116620;0.062838
373;-0.148642;-0.032205;0.199538
374;-0.138203;-0.221393;0.247401
375;-0.157200;-0.279045;0.251747
376;-0.126087;-0.374869;0.282488
377;-0.068084;-0.364574;0.116304
378;0.077906;-0.077567;-0.331727
379;0.500241;0.389638;-0.381442
380;0.035982;0.239353;-0.162413
381;-0.455522;-0.302377;-0.204082
382;-0.602799;0.361521;0.012365
383;0.084326;0.848250;0.327533
384;-0.149094;-0.686331;0.317607
385;-0.149508;-0.058056;0.350310
386;0.233039;0.254390;0.054241
387;-0.043652;-0.134689;-0.050489
388;-0.089343;-0.186319;0.167440
389;0.169481;-0.078724;0.045703
390;0.076470;-0.037704;-0.046541
391;0.041793;-0.053434;-0.071796
392;0.054668;-0.047353;-0.051339
393;0.212813;0.017134;-0.020821
394;0.224735;0.157631;-0.148866
395;0.244160;0.159437;-0.022168
396;0.442134;0.190769;-0.176302
397;0.338878;0.284220;-0.145552
398;0.246998;-0.010790;-0.126420
399;-0.165619;-0.103974;-0.287398
400;-0.284062;0.399559;0.015199
401;0.198935;0.390855;0.305483
402;-0.013627;0.160811;0.157529
403;-0.200684;-0.023395;0.154805
404;-0.174283;-0.262279;0.194033
405;-0.164563;-0.367154;0.238934
406;-0.218416;-0.396442;0.321095
407;-0.098423;-0.311797;0.148118
408;0.014038;-0.048757;-0.323527
409;0.426744;0.440843;-0.453971
410;0.066057;0.235543;-0.213865
411;-0.165131;-0.258645;-0.158915
412;-0.130768;-0.131264;0.244338
413;-0.478575;0.677759;0.109831
414;-0.211178;-0.177900;0.313129
415;0.038940;-0.219022;0.600088
416;0.183657;0.264637;0.107695
417;-0.110820;-0.070776;-0.047926
418;0.006143;-0.142706;0.065722
419;0.068708;-0.164962;0.173486
420;0.146754;-0.075459;-0.036574
421;0.137271;0.001356;-0.053084
422;-0.012880;-0.048293;-0.077051
423;0.086161;0.074125;-0.032854
424;0.208509;0.036508;-0.063626
425;0.188918;0.107129;-0.082121
426;0.216349;0.112882;-0.143361
427;0.302423;0.201771;-0.100352
428;0.361374;0.163431;-0.051568
429;0.196940;0.041680;-0.108441
430;-0.260717;0.327137;-0.241155
431;-0.142010;0.237163;0.212875
432;0.130735;0.163262;0.165974
433;-0.068679;0.079205;0.073528
434;-0.217633;-0.160543;0.168815
435;-0.202542;-0.313358;0.219375
436;-0.297029;-0.351872;0.252116
437;-0.178747;-0.309762;0.241380
438;-0.076467;-0.263305;0.067507
439;0.112163;0.054834;-0.376912
440;0.439393;0.580892;-0.546996
441;0.103762;0.140573;-0.166644
442;-0.227756;-0.324971;0.050941
443;-0.223281;0.495260;0.594509
444;-0.481360;0.046720;0.046195
445;-0.201393;-0.403036;0.366041
446;0.057236;0.294345;0.177917
447;0.104256;0.023124;-0.013162
448;0.019392;-0.172064;0.038909
449;0.065266;-0.098728;0.124198
450;0.125733;-0.061366;0.033253
451;0.093981;-0.147391;-0.102144
452;0.095269;-0.081487;0.016876
453;0.088921;0.068702;-0.084819
454;0.067164;0.126121;-0.070303
455;0.224412;0.151107;-0.077556
456;0.260333;0.070445;-0.070544
457;0.384978;0.117579;-0.162159
458;0.343731;0.157505;-0.137341
459;0.235766;0.064674;-0.191681
460;-0.092645;0.302374;-0.211343
461;-0.114954;0.271475;0.217607
462;0.138659;0.167359;0.108832
463;-0.070481;0.083749;0.080333
464;-0.241498;-0.126496;0.229314
465;-0.201755;-0.297788;0.249849
466;-0.255565;-0.352282;0.310673
467;-0.135262;-0.395818;0.275994
468;-0.045320;-0.186283;0.054456
469;0.064538;0.091390;-0.343343
470;0.362786;0.285708;-0.364775
471;0.097082;0.206473;-0.161320
472;-0.056628;-0.096492;-0.136988
473;-0.070950;0.494292;0.027320
474;-0.467007;0.300319;0.216568
475;-0.317759;-0.493865;0.236011
476;-0.052380;-0.154755;0.530587
477;0.316551;0.350432;0.049333
478;0.062138;-0.072429;-0.089311
479;-0.040392;-0.176183;0.116978
480;0.035753;-0.097790;0.087449
481;0.136223;0.005797;-0.098087
482;0.056567;-0.134692;-0.106729
483;0.101329;-0.091042;-0.028149
484;0.172352;-0.029932;-0.109313
485;0.240491;0.067381;-0.033644
486;0.259707;0.109067;0.007357
487;0.248870;0.098278;-0.195308
488;0.241116;0.339961;-0.109443
489;0.254728;0.137153;-0.175524
490;0.136781;-0.034987;-0.174756
491;-0.189778;0.264139;-0.102027
492;0.042317;0.258573;0.218067
493;0.040370;0.214435;0.055945
494;-0.083116;-0.007667;0.092282
495;-0.154815;-0.150624;0.214029
496;-0.153918;-0.250595;0.238665
497;-0.206540;-0.322176;0.306135
498;-0.133534;-0.332306;0.244438
499;-0.016291;-0.230064;-0.054184
500;0.163517;0.114995;-0.487536
501;0.421956;0.496910;-0.395648
502;-0.026487;0.035816;-0.063017
503;-0.243943;-0.249508;0.173514
504;-0.467656;0.702485;0.276747
505;-0.370573;-0.208967;0.306510
506;-0.126748;-0.405553;0.523791
507;0.274787;0.388004;0.238883
508;0.065905;-0.020966;-0.112374
509;-0.088009;-0.164199;0.067622
510;0.027497;-0.169827;0.125121
511;0.177087;-0.056241;-0.068174
512;0.158430;-0.063006;-0.027084
513;0.089335;-0.013465;-0.062680
514;0.153162;0.031796;-0.068457
515;0.200748;0.129741;-0.091311
516;0.314557;0.179572;-0.154347
517;0.329162;0.066050;-0.165879
518;0.389997;0.184654;-0.099421
519;0.254764;0.082049;-0.034610
520;0.057749;0.024286;-0.184026
521;-0.231369;0.415529;-0.113130
522;-0.087394;0.208292;0.185342
523;0.109484;0.188818;0.126416
524;-0.091927;0.098756;0.069182
525;-0.127399;-0.056046;0.187728
526;-0.156183;-0.256010;0.284927
527;-0.219497;-0.348850;0.356088
528;-0.178874;-0.367112;0.322048
529;-0.066560;-0.278822;0.080938
530;0.109439;-0.016434;-0.359532
531;0.519766;0.474936;-0.382285
532;0.138002;0.098500;-0.113785
533;-0.316663;-0.278388;0.043297
534;-0.329585;0.689364;-0.018941
535;-0.111403;0.242687;0.153965
536;-0.375215;-0.699029;0.349305
537;-0.098667;0.183671;0.357433
538;0.226737;0.152450;-0.021736
539;-0.073473;-0.202803;0.021489
540;-0.036881;-0.134804;0.121222
541;0.118307;-0.038061;-0.003732
542;0.141234;-0.047015;-0.048844
543;0.070378;-0.086276;-0.039601
544;0.057285;0.053434;-0.081539
545;0.052426;0.086983;-0.189939
546;0.359064;0.111142;-0.028682
547;0.617303;0.102990;-0.104414
548;0.295233;0.121065;-0.252974
549;0.358680;0.222328;-0.106927
550;0.244448;-0.055817;-0.109239
551;-0.063187;0.336635;-0.150487
552;-0.195529;0.373049;0.282517
553;0.058991;0.160110;0.086677
554;-0.051586;0.090888;0.048778
555;-0.168955;-0.015441;0.185093
556;-0.235231;-0.157418;0.245855
557;-0.274566;-0.298367;0.248694
558;-0.251363;-0.316147;0.273925
559;-0.052695;-0.272091;0.157097
560;0.052764;-0.198672;-0.175252
561;0.328789;0.188040;-0.434649
562;0.398556;0.451820;-0.238937
563;-0.065367;-0.092095;-0.193875
564;-0.303400;-0.046179;0.062099
565;-0.371793;0.753760;0.219164
566;-0.366521;-0.417815;0.208199
567;-0.137792;-0.205045;0.541394
568;0.227744;0.277315;0.145818
569;0.053817;-0.063920;-0.067215
570;-0.059180;-0.166372;0.100427
571;0.036565;-0.133140;0.082394
572;0.159398;-0.009190;-0.062124
573;0.157011;-0.086945;-0.083307
574;0.111080;-0.053494;-0.078568
575;0.146296;0.018304;-0.087498
576;0.192032;0.092061;-0.035435
577;0.313482;0.108818;-0.080097
578;0.321574;0.118670;-0.164110
579;0.395067;0.233788;-0.153051
580;0.279075;0.038489;-0.129311
581;0.034537;-0.017437;-0.231314
582;-0.104632;0.454919;-0.088834
583;0.084346;0.266647;0.243739
584;0.019015;0.215170;0.052050
585;-0.109415;0.007455;0.108409
586;-0.176883;-0.157446;0.273367
587;-0.184735;-0.242171;0.317706
588;-0.268606;-0.252196;0.319508
589;-0.145929;-0.362937;0.268323
590;0.031999;-0.319935;-0.029649
591;0.286381;0.026017;-0.544841
592;0.563104;0.731282;-0.305516
593;-0.227421;0.121211;-0.228215
594;-0.171753;-0.332796;-0.188109
595;-0.467922;-0.138966;0.238285
596;-0.472230;0.511921;0.197501
597;0.268929;-0.119117;0.539414
598;-0.211441;-0.024453;0.244335
599;-0.030366;0.021173;0.041928
600;0.099860;0.002577;0.026566
601;0.063604;-0.191461;0.217478
602;0.182985;-0.122949;-0.009072
603;0.073577;-0.035710;-0.120760
604;0.057401;-0.026022;-0.067314
605;0.113995;0.057828;-0.115902
606;0.189707;0.035044;-0.129353
607;0.327243;0.117271;-0.143625
608;0.328349;0.150393;-0.060622
609;0.269579;0.117956;-0.204257
610;0.320752;0.242650;-0.168646
611;0.316854;-0.072926;-0.115122
612;0.054296;0.192990;-0.153122
613;-0.072328;0.226435;0.185008
614;0.065705;0.206725;0.132440
615;-0.141296;0.061168;0.059904
616;-0.185867;-0.033390;0.176623
617;-0.149639;-0.120011;0.266067
618;-0.249307;-0.269880;0.276708
619;-0.297569;-0.352866;0.267204
620;-0.129210;-0.322426;0.102786
621;0.045118;-0.079266;-0.280280
622;0.537150;0.489732;-0.494808
623;0.140778;0.247744;-0.216041
624;-0.236490;-0.282050;-0.078077
625;-0.269169;0.245682;0.294126
626;-0.469369;0.525063;-0.184681
627;-0.180298;-0.446239;0.287959
628;-0.018249;0.044823;0.562212
629;0.265198;0.156741;-0.051695
630;-0.001422;-0.116833;0.015494
631;-0.095564;-0.120340;0.124056
632;0.076065;-0.087228;0.012462
633;0.106544;-0.057462;-0.050999
634;0.130556;-0.044384;-0.037316
635;0.112543;-0.036557;-0.056036
636;0.151901;0.037341;-0.096458
637;0.210730;0.101416;-0.124641
638;0.350990;0.139150;-0.112058
639;0.284517;0.093225;-0.150433
640;0.350610;0.257006;-0.139978
641;0.366917;-0.042705;-0.126771
642;0.094145;-0.019189;-0.143869
643;-0.241218;0.383918;-0.024860
644;-0.021264;0.307100;0.175872
645;-0.011707;0.235657;0.068436
646;-0.227768;0.031210;0.088480
647;-0.160252;-0.138847;0.211005
648;-0.142850;-0.299336;0.212309
649;-0.283553;-0.307635;0.276416
650;-0.129275;-0.322931;0.209262
651;0.017479;-0.249444;-0.107663
652;0.232174;0.055825;-0.504269
653;0.624522;0.418964;-0.395336
654;-0.009775;-0.084588;-0.298505
655;-0.201969;-0.328857;0.210222
656;-0.409352;0.817243;0.132828
657;-0.096992;-0.047284;0.543331
658;-0.357245;-0.442027;0.552488
659;0.100743;0.386773;0.166845
660;0.020098;0.030668;-0.013182
661;-0.076710;-0.195471;0.060810
662;0.063755;-0.180019;0.171739
663;0.242419;-0.050580;-0.033012
664;0.127179;-0.019341;-0.110530
665;0.140141;-0.045094;-0.068720
666;0.206617;0.068253;-0.046555
667;0.149168;0.075228;-0.132833
668;0.287411;0.103246;-0.104635
669;0.429431;0.124895;-0.096287
670;0.307759;0.100441;-0.212794
671;0.333022;0.146225;-0.125899
672;0.187117;0.011998;-0.147755
673;-0.211608;0.387826;-0.125479
674;-0.143682;0.274181;0.228173
675;-0.004061;0.176400;0.072537
676;-0.096103;0.033397;0.106880
677;-0.139679;-0.036570;0.216032
678;-0.197257;-0.263886;0.241129
679;-0.288058;-0.342089;0.268656
680;-0.192399;-0.347407;0.232670
681;0.003326;-0.281727;-0.045375
682;0.278720;0.102092;-0.469896
683;0.416642;0.451875;-0.274245
684;-0.078658;0.005474;-0.127133
685;-0.182830;-0.138768;0.022398
686;-0.210844;0.442459;0.322261
687;-0.509000;0.038817;-0.135107
688;-0.049780;-0.502147;0.474637
689;0.149127;0.305692;0.394115
690;0.083022;0.027402;-0.087163
691;-0.035605;-0.124223;-0.035482
692;0.018359;-0.172510;0.137645
693;0.179024;-0.035384;0.013243
694;0.211394;-0.067618;-0.089583
695;0.098383;-0.081066;-0.061597
696;0.145110;-0.029296;-0.027992
697;0.124935;0.075962;-0.127839
698;0.181593;0.102404;-0.078752
699;0.261615;0.159228;-0.148710
700;0.200702;0.152932;-0.179780
701;0.393132;0.282177;-0.112521
702;0.231144;0.089864;-0.242401
703;-0.088447;0.324390;-0.278965
704;-0.136428;0.270533;0.215108
705;0.090954;0.156258;0.123047
706;-0.034916;0.027164;0.099870
707;-0.206159;-0.049649;0.229302
708;-0.180149;-0.190937;0.305716
709;-0.134250;-0.332520;0.263424
710;-0.122853;-0.297993;0.126371
711;0.066331;-0.277699;-0.095864
712;0.244284;-0.121426;-0.123881
713;0.222370;0.183069;-0.234819
714;-0.007170;0.262954;-0.205731
715;-0.148752;-0.287408;-0.116464
716;-0.210594;0.077864;0.080682
717;-0.253989;0.925002;0.007061
718;-0.176716;-0.541939;0.290257
719;-0.067618;0.022660;0.457571
720;0.061793;0.128363;0.001890
721;-0.032301;-0.090568;0.011113
722;-0.018190;-0.147043;0.101704
723;0.166648;-0.064566;-0.029340
724;0.162640;-0.089477;-0.111708
725;0.162198;-0.105367;-0.052069
726;0.177065;-0.016394;-0.108553
727;0.153381;0.113957;-0.155003
728;0.308459;0.141640;-0.180854
729;0.406785;0.207893;-0.021421
730;0.260364;0.064378;-0.289808
731;0.256600;0.181112;-0.213772
732;0.146504;-0.053356;-0.158754
733;0.065072;0.486340;-0.020668
734;-0.053576;0.306712;0.296357
735;0.002019;0.183996;0.099823
736;-0.215920;0.029079;0.022780
737;-0.161817;-0.130187;0.231369
738;-0.172537;-0.322717;0.316706
739;-0.269070;-0.362914;0.342382
740;-0.258556;-0.332731;0.238611
741;-0.118936;-0.200756;-0.054295
742;0.132985;0.075562;-0.412899
743;0.691383;0.441501;-0.449240
744;0.177270;0.068304;-0.265725
745;-0.155076;-0.218096;-0.028707
746;-0.231135;0.150002;0.176892
747;-0.409097;0.629673;-0.174487
748;-0.099400;-0.566885;0.558399
749;0.012053;0.243067;0.546160
750;0.026108;0.061214;-0.203271
751;-0.102880;-0.046849;0.004958
752;-0.020438;-0.226659;0.129275
753;0.192052;-0.098012;-0.013900
754;0.252566;-0.030572;-0.093307
755;0.133418;-0.078412;-0.048690
756;0.172146;0.037386;-0.082526
757;0.242317;0.103921;-0.051386
758;0.343618;0.145898;-0.086478
759;0.326380;0.132762;-0.135390
760;0.254076;0.105272;-0.257553
761;0.254360;0.023240;-0.119353
762;0.133852;-0.106014;-0.145846
763;0.090028;0.397442;-0.036895
764;0.069059;0.307671;0.320092
765;-0.065716;0.292238;0.051266
766;-0.236120;0.045416;0.025369
767;-0.200079;-0.141024;0.201179
768;-0.160876;-0.277094;0.273862
769;-0.197447;-0.256687;0.221622
770;-0.261456;-0.239172;0.245858
771;-0.116888;-0.247601;0.126636
772;0.060349;-0.092036;-0.303121
773;0.410703;0.267602;-0.313139
774;0.235098;0.298845;-0.341247
775;-0.007175;-0.027736;-0.264332
776;-0.180241;0.366713;0.083754
777;-0.602922;0.046821;0.153072
778;-0.049413;-0.266759;0.495116
779;-0.008827;0.113683;0.342866
780;0.003299;0.057247;0.008174
781;0.034035;-0.106375;-0.019443
782;0.082952;-0.142517;0.076057
783;0.177107;-0.136875;0.144034
784;0.225747;-0.002385;-0.051476
785;0.057149;-0.066541;-0.137020
786;-0.036258;-0.117602;-0.065915
787;0.147112;-0.012675;0.016827
788;0.235453;0.090142;0.021023
789;0.239824;0.137777;-0.089012
790;0.263644;0.147563;-0.163504
791;0.442232;0.233182;-0.169857
792;0.433268;0.123481;-0.125091
793;0.213011;0.024625;-0.159936
794;-0.185325;0.410967;-0.070349
795;-0.055374;0.209189;0.192267
796;0.005648;0.083167;0.124214
797;-0.094300;-0.021627;0.150397
798;-0.152242;-0.152098;0.232796
799;-0.148320;-0.350600;0.242035
800;-0.272204;-0.409942;0.282410
801;-0.188599;-0.332333;0.145989
802;-0.046242;-0.114004;-0.147389
803;0.465402;0.422584;-0.483627
804;0.324600;0.330375;-0.344435
805;-0.165205;-0.158307;-0.061939
806;-0.171673;0.181227;0.110036
807;-0.498612;0.468737;-0.041054
808;-0.234904;-0.409905;0.301276
809;-0.043755;-0.003117;0.493188
810;0.157212;0.100108;0.007502
811;0.084487;-0.104870;-0.029969
812;-0.057183;-0.148597;0.090919
813;0.081218;-0.117503;0.085380
814;0.114931;-0.044329;-0.071645
815;0.073097;-0.049534;-0.045831
816;-0.028292;-0.060685;-0.085868
817;0.122898;0.018844;-0.108437
818;0.326716;0.104175;-0.023638
819;0.346521;0.169091;-0.056888
820;0.207501;0.217859;-0.185387
821;0.387536;0.378042;-0.164445
822;0.413600;0.018488;-0.115056
823;0.096851;0.008903;-0.258585
824;-0.194399;0.405287;0.002472
825;0.115415;0.166703;0.243857
826;0.052230;0.125898;0.077465
827;-0.190421;0.018422;0.124715
828;-0.241881;-0.125976;0.209030
829;-0.174946;-0.297264;0.225309
830;-0.215044;-0.319686;0.303292
831;-0.145980;-0.379609;0.228993
832;0.020646;-0.316230;-0.080480
833;0.380259;0.221037;-0.592961
834;0.466814;0.575111;-0.283717
835;-0.261320;-0.205619;-0.152661
836;-0.287911;-0.043245;0.144697
837;-0.147673;0.882365;-0.105189
838;-0.461581;-0.411548;0.214861
839;-0.212791;-0.251845;0.522436
840;0.258602;0.361350;0.087278
841;0.103267;-0.060167;-0.064459
842;-0.044582;-0.218601;0.124626
843;0.151848;-0.136358;0.152485
844;0.163511;-0.043724;-0.044711
845;0.125482;-0.075115;-0.047776
846;0.038434;-0.019185;-0.094962
847;0.120700;0.056497;-0.136983
848;0.306237;0.023905;-0.091727
849;0.372775;0.185533;-0.125338
850;0.216542;0.154244;-0.191074
851;0.369979;0.306798;-0.168650
852;0.205874;-0.107424;-0.145119
853;-0.134909;0.036855;-0.198022
854;-0.213661;0.497628;0.113646
855;0.211351;0.255397;0.215380
856;0.021814;0.154715;0.068012
857;-0.133774;-0.091817;0.117244
858;-0.105561;-0.213215;0.216990
859;-0.176446;-0.291922;0.222734
860;-0.295338;-0.235215;0.298789
861;-0.157825;-0.270484;0.182522
862;0.007260;-0.235867;-0.179699
863;0.242854;0.060710;-0.496376
864;0.413443;0.490588;-0.296886
865;-0.084675;0.035559;-0.108020
866;-0.129664;-0.206271;0.020597
867;-0.226384;0.489943;0.350173
868;-0.569592;-0.017663;0.010196
869;-0.067543;-0.507201;0.466943
870;0.241569;0.315036;0.211829
871;0.134629;0.014207;-0.075927
872;-0.011560;-0.190295;-0.039411
873;0.083424;-0.156771;0.108695
874;0.197594;-0.049793;0.031067
875;0.121747;-0.078790;-0.113808
876;0.020212;-0.040985;-0.075767
877;0.068765;-0.000607;-0.107907
878;0.204396;0.105201;-0.063572
879;0.352934;0.107167;-0.120612
880;0.302765;0.166826;-0.081200
881;0.256868;0.199567;-0.201340
882;0.315042;0.143130;-0.174033
883;0.220934;-0.017605;-0.133869
884;-0.106186;0.376460;-0.125587
885;-0.115726;0.279598;0.281204
886;0.141786;0.156189;0.121736
887;-0.066325;0.006784;0.074876
888;-0.140576;-0.095204;0.198531
889;-0.137205;-0.297162;0.255600
890;-0.250958;-0.355702;0.278330
891;-0.257034;-0.399455;0.278452
892;-0.116027;-0.298810;0.017118
893;0.213257;0.075339;-0.497085
894;0.606996;0.631637;-0.443929
895;0.027192;0.112867;-0.168431
896;-0.203628;-0.284233;-0.036822
897;-0.097028;0.409080;0.384615
898;-0.651109;0.153085;-0.077129
899;-0.181939;-0.460216;0.381860
900;0.031266;0.228548;0.371802
901;0.127897;0.054500;-0.018500
902;0.015806;-0.107262;-0.001543
903;-0.017587;-0.189111;0.127948
904;0.167074;-0.038070;0.037440
905;0.163550;-0.037674;-0.097461
906;0.079194;-0.085481;-0.066122
907;0.063403;-0.013003;-0.091624
908;0.213888;0.073725;-0.079589
909;0.400716;0.096558;-0.103560
910;0.439377;0.168849;-0.062157
911;0.253265;0.112216;-0.213467
912;0.327982;0.289602;-0.178073
913;0.245184;-0.026059;-0.146626
914;0.002131;0.227096;-0.143021
915;-0.190283;0.306081;0.160163
916;-0.031552;0.212061;0.143525
917;-0.064919;0.097186;0.077323
918;-0.097393;-0.080749;0.161454
919;-0.067395;-0.200368;0.262150
920;-0.181816;-0.326814;0.230089
921;-0.292337;-0.375172;0.271485
922;-0.112233;-0.364179;0.130351
923;0.055983;-0.169281;-0.250745
924;0.534930;0.415692;-0.584376
925;0.279001;0.421139;-0.294433
926;-0.276603;-0.219102;-0.108844
927;-0.159919;0.117703;0.155560
928;-0.256480;0.598102;0.195826
929;-0.407643;-0.490249;0.198424
930;-0.134329;-0.036332;0.452357
931;0.176898;0.220574;0.121630
932;0.000628;-0.080477;-0.056540
933;0.019791;-0.136170;0.091477
934;0.131963;-0.122637;0.124595
935;0.161710;-0.062442;-0.007989
936;0.113235;-0.076221;-0.087779
937;0.081797;-0.077970;-0.104457
938;0.140895;0.062623;-0.117447
939;0.250195;0.099089;-0.093775
940;0.387706;0.142120;-0.119503
941;0.351379;0.126449;-0.151178
942;0.295796;0.238114;-0.117777
943;0.291314;0.061949;-0.088505
944;0.135425;0.000228;-0.142996
945;-0.249587;0.346319;-0.145962
946;-0.066156;0.215392;0.217121
947;0.108077;0.125786;0.105573
948;-0.040578;0.049835;0.104599
949;-0.122783;-0.084232;0.218644
950;-0.156158;-0.310201;0.224760
951;-0.243631;-0.358927;0.253300
952;-0.131660;-0.363983;0.253401
953;-0.041740;-0.304790;0.030603
954;0.212661;0.112327;-0.533873
955;0.564113;0.627210;-0.418196
956;-0.074279;0.065808;-0.188386
957;-0.271755;-0.332026;-0.002252
958;0.019686;0.551344;0.374466
959;-0.510548;0.110487;0.093733
960;-0.268745;-0.585555;0.212261
961;0.077017;0.230379;0.398426
962;0.125731;0.114052;-0.029080
963;-0.002112;-0.142100;-0.032129
964;0.012996;-0.171770;0.105055
965;0.161886;-0.044978;0.043161
966;0.164887;-0.058681;-0.062037
967;0.109935;-0.094619;-0.056943
968;0.080902;-0.053942;-0.052806
969;0.142283;0.080694;-0.110709
970;0.213561;0.098323;-0.090165
971;0.389242;0.144831;-0.093922
972;0.292445;0.199382;-0.174008
973;0.352114;0.420342;-0.129941
974;0.388628;0.078999;-0.060685
975;-0.013452;-0.037337;-0.200453
976;-0.390982;0.381632;-0.112689
977;-0.060095;0.112819;0.228154
978;0.077247;0.138383;0.103251
979;-0.009476;0.060167;0.113547
980;-0.114078;-0.085592;0.200205
981;-0.177272;-0.332143;0.223101
982;-0.217437;-0.365602;0.251750
983;-0.102249;-0.350668;0.234457
984;-0.038222;-0.299025;0.024977
985;0.166249;0.065459;-0.388181
986;0.419477;0.706581;-0.486882
987;0.004461;0.100973;-0.255070
988;-0.258244;-0.475147;0.137573
989;-0.374455;0.283743;0.366931
990;-0.208673;0.562584;-0.182095
991;-0.048107;-0.510187;0.227630
992;-0.164848;-0.094608;0.492927
993;0.221696;0.213256;0.030017
994;-0.000981;-0.116695;-0.081180
995;-0.038933;-0.162115;0.113751
996;0.177134;-0.072103;0.042935
997;0.115324;-0.077849;-0.119240
998;0.131974;-0.060102;-0.079819
999;0.105253;-0.065336;-0.063260
1000;0.180580;-0.001391;-0.086124
1001;0.183733;0.064499;-0.099230
1002;0.293368;0.164603;-0.123218
1003;0.300226;0.209261;-0.147347
1004;0.373464;0.377486;-0.062832
1005;0.322774;0.077376;-0.062275
1006;0.016466;-0.022377;-0.242365
1007;-0.282134;0.333249;-0.135223
1008;0.029310;0.195992;0.243201
1009;0.114409;0.173520;0.097084
1010;-0.003827;0.066787;0.101366
1011;-0.193431;-0.117497;0.236113
1012;-0.305318;-0.359435;0.259462
1013;-0.304613;-0.383995;0.220749
1014;-0.107831;-0.306641;0.210929
1015;0.012329;-0.242139;0.023427
1016;0.287777;0.110249;-0.533595
1017;0.590144;0.377172;-0.332420
1018;0.020827;-0.026009;-0.079109
1019;-0.196029;-0.375759;-0.073749
1020;-0.140981;0.888061;0.188458
1021;-0.338764;0.156363;0.161603
1022;-0.464514;-0.669925;0.331642
1023;0.005769;0.170149;0.363279
1024;0.256669;0.303211;-0.029482
1025;-0.120138;-0.251073;-0.045578
1026;0.026801;-0.165103;0.162874
1027;0.277562;-0.017157;0.004456
1028;0.140288;-0.053323;-0.110784
1029;0.112797;-0.151723;-0.066624
1030;0.151540;-0.025894;-0.071044
1031;0.153767;0.057086;-0.095049
1032;0.193785;0.132877;-0.157447
1033;0.348037;0.164844;-0.039334
1034;0.244871;0.123755;-0.174477
1035;0.331432;0.308416;-0.100368
1036;0.314173;0.146562;-0.095996
1037;-0.026919;0.129487;-0.217586
1038;-0.264449;0.359845;0.024606
1039;0.004897;0.181354;0.186325
1040;0.020674;0.110513;0.106982
1041;0.005230;-0.070960;0.150286
1042;-0.132351;-0.328881;0.202356
1043;-0.260340;-0.428400;0.220152
1044;-0.172251;-0.369421;0.258968
1045;0.022419;-0.330053;0.156826
1046;0.086505;-0.172169;-0.132182
1047;0.337311;0.286623;-0.481663
1048;0.356315;0.438259;-0.320833
1049;-0.017979;-0.177602;-0.214294
1050;-0.142071;0.009980;-0.119387
1051;0.043956;0.743084;0.496161
1052;-0.757053;-0.233539;0.175417
1053;-0.513732;-0.697289;0.286746
1054;0.180647;0.495122;0.263297
1055;0.207444;0.094153;0.032041
1056;-0.015136;-0.178125;0.036321
1057;-0.015268;-0.176363;0.071890
1058;0.177972;-0.012706;0.052677
1059;0.152013;-0.060154;-0.084041
1060;0.133296;-0.105407;-0.094977
1061;0.190268;-0.046027;-0.101045
1062;0.324368;0.053103;-0.041055
1063;0.346077;0.176941;-0.172617
1064;0.298258;0.171493;-0.146609
1065;0.334374;0.299888;-0.175209
1066;0.320462;0.088313;-0.072751
1067;0.046483;-0.005392;-0.170517
1068;-0.301733;0.362182;-0.088706
1069;-0.082891;0.330765;0.225437
1070;0.054402;0.138334;0.129695
1071;-0.070016;-0.027769;0.165816
1072;-0.136914;-0.152874;0.236090
1073;-0.173914;-0.383276;0.210893
1074;-0.249190;-0.366240;0.271938
1075;-0.094226;-0.344545;0.198669
1076;-0.005138;-0.148007;-0.174418
1077;0.489862;0.258170;-0.547188
1078;0.324633;0.258668;-0.221420
1079;-0.198633;-0.135512;-0.041531
1080;-0.219085;0.129832;-0.070038
1081;-0.264182;0.491411;0.126729
1082;-0.367106;-0.378326;0.308960
1083;-0.024701;-0.186758;0.536076
1084;0.193105;0.313929;0.075095
1085;-0.028221;-0.042604;-0.083605
1086;0.005718;-0.163472;0.079544
1087;0.085005;-0.151603;0.118983
1088;0.176999;-0.035260;-0.076643
1089;0.151557;-0.076924;-0.067492
1090;0.098222;-0.064777;-0.076133
1091;0.172211;0.037157;-0.100479
1092;0.290325;0.151320;-0.061819
1093;0.467351;0.199920;-0.184250
1094;0.278233;0.178703;-0.193882
1095;0.305279;0.236784;-0.220657
1096;0.315143;-0.063894;-0.047522
1097;0.041177;0.043285;-0.197846
1098;-0.281784;0.421539;0.044398
1099;-0.058240;0.195378;0.217322
1100;0.062040;0.106921;0.074689
1101;-0.031270;-0.018514;0.162614
1102;-0.124287;-0.119828;0.254033
1103;-0.194955;-0.374675;0.242861
1104;-0.276433;-0.377974;0.270060
1105;-0.099584;-0.282061;0.143142
1106;0.027325;-0.118113;-0.205080
1107;0.414527;0.291137;-0.543016
1108;0.349861;0.262623;-0.237436
1109;-0.204514;-0.150847;-0.003349
1110;-0.281762;0.188958;-0.052866
1111;-0.284997;0.439318;-0.063349
1112;-0.349926;-0.316556;0.307053
1113;-0.028415;-0.238080;0.458166
1114;0.410274;0.326018;0.095801
1115;0.107853;-0.086343;-0.005401
1116;-0.127301;-0.186101;-0.048299
1117;0.095971;-0.077965;0.089967
1118;0.197579;-0.095819;-0.013363
1119;0.234014;-0.025940;-0.078531
1120;0.074535;-0.058038;-0.100351
1121;0.144055;0.021622;-0.052226
1122;0.054265;0.049050;-0.134159
1123;0.130512;0.122096;-0.035758
1124;0.254934;0.186558;-0.098183
1125;0.299946;0.270567;-0.132151
1126;0.323887;0.090221;-0.103328
1127;0.228665;0.034907;-0.220228
1128;-0.178936;0.430803;-0.282461
1129;-0.139245;0.283136;0.254417
1130;0.133440;-0.010888;0.156242
1131;0.017777;-0.092960;0.150523
1132;-0.118477;-0.074572;0.211941
1133;-0.127932;-0.119528;0.229013
1134;-0.220892;-0.206620;0.255691
1135;-0.149415;-0.289665;0.226864
1136;0.007608;-0.348019;0.015335
1137;0.116411;-0.144675;-0.316322
1138;0.358144;0.346577;-0.446738
1139;0.160130;0.282171;-0.147505
1140;-0.141957;-0.264748;-0.063708
1141;-0.405515;-0.087620;0.133697
1142;-0.380688;0.930350;-0.053326
1143;-0.060638;-0.329053;0.459192
1144;-0.171986;-0.406682;0.528207
1145;0.272822;0.369038;0.078240
1146;0.113684;-0.054416;-0.109439
1147;-0.089909;-0.199764;0.041934
1148;0.028543;-0.155427;0.072716
1149;0.165283;-0.039798;-0.091116
1150;0.102173;-0.070136;-0.096739
1151;0.049320;-0.119592;-0.109428
1152;0.269871;-0.021073;-0.018968
1153;0.282330;0.105605;-0.033619
1154;0.159254;0.120834;-0.139044
1155;0.394441;0.149039;-0.076435
1156;0.408369;0.304304;-0.117484
1157;0.224337;0.193029;-0.200710
1158;0.036097;0.047970;-0.142062
1159;-0.284651;0.312255;-0.188910
1160;-0.149263;0.224488;0.263002
1161;0.058610;0.125971;0.170063
1162;-0.044471;0.030071;0.107150
1163;-0.113548;-0.120724;0.209244
1164;-0.118188;-0.280379;0.254554
1165;-0.100904;-0.362905;0.182802
1166;-0.109910;-0.361135;0.227896
1167;-0.040086;-0.292825;0.021342
1168;0.185233;0.052371;-0.441261
1169;0.482326;0.557895;-0.448835
1170;0.051728;0.106902;-0.224379
1171;-0.200578;-0.366443;0.112274
1172;-0.465358;-0.087107;0.297484
1173;-0.379628;0.982421;-0.616384
1174;0.043294;-0.577101;0.399081
1175;-0.087879;-0.079996;0.555193
1176;0.361323;0.143549;-0.087591
1177;0.086742;-0.119891;-0.013467
1178;-0.079422;-0.161201;0.147763
1179;0.051975;-0.098991;-0.066679
1180;0.122775;-0.053768;-0.061847
1181;0.108945;-0.044075;-0.018707
1182;0.074580;0.036647;-0.043231
1183;0.117087;0.038843;-0.048889
1184;0.311719;0.106515;-0.108556
1185;0.411815;0.171384;-0.122716
1186;0.403878;0.195710;-0.213050
1187;0.424627;0.276725;-0.169538
1188;0.232657;-0.125845;-0.132230
1189;-0.077865;0.225856;-0.222980
1190;-0.150677;0.400649;0.189737
1191;0.101878;0.253269;0.113646
1192;-0.079941;0.056299;0.107988
1193;-0.206864;-0.169464;0.198575
1194;-0.139204;-0.243895;0.214921
1195;-0.205254;-0.371295;0.197235
1196;-0.220968;-0.389233;0.278917
1197;-0.100018;-0.280078;0.106383
1198;0.134860;0.078349;-0.428869
1199;0.571480;0.551621;-0.495851
1200;0.037502;0.096240;-0.196312
1201;-0.200680;-0.368735;0.030520
1202;-0.054267;0.601391;0.291955
1203;-0.539194;0.134546;0.030036
1204;-0.269662;-0.637677;0.238655
1205;0.072139;0.322749;0.464851
1206;0.144085;0.083435;-0.057077
1207;0.028448;-0.132401;0.020939
1208;0.009857;-0.161828;0.133949
1209;0.174705;-0.053572;0.033571
1210;0.112853;-0.048157;-0.088918
1211;0.099090;-0.072942;-0.073335
1212;0.052494;-0.034909;-0.093334
1213;0.197538;0.054985;-0.025973
1214;0.252098;0.090715;-0.059000
1215;0.243754;0.166895;-0.057055
1216;0.155668;0.186796;-0.230408
1217;0.443248;0.386821;-0.144853
1218;0.421505;-0.046341;-0.167377
1219;0.123566;0.038544;-0.194170
1220;-0.226079;0.363787;0.024768
1221;0.073777;0.214450;0.211024
1222;0.015743;0.117754;0.101439
1223;-0.123302;-0.060191;0.119436
1224;-0.147182;-0.179554;0.237567
1225;-0.146243;-0.367779;0.188425
1226;-0.255997;-0.343358;0.218702
1227;-0.193576;-0.296463;0.148815
1228;-0.043466;-0.159369;-0.199147
1229;0.450883;0.320979;-0.629535
1230;0.410891;0.377302;-0.290758
1231;-0.151101;-0.140946;-0.032991
1232;-0.160358;0.100122;0.151279
1233;-0.399026;0.609339;0.081510
1234;-0.339179;-0.472721;0.234446
1235;-0.121929;0.004830;0.487245
1236;0.105641;0.120280;-0.007567
1237;0.115584;-0.082862;-0.016984
1238;0.037274;-0.219007;0.117726
1239;0.188065;-0.098961;0.091420
1240;0.214704;-0.057015;-0.075234
1241;0.116021;-0.049945;-0.041780
1242;-0.001342;-0.069549;-0.093754
1243;0.082357;0.045739;-0.103234
1244;0.255632;0.101046;-0.071666
1245;0.442020;0.164644;-0.057959
1246;0.330523;0.133989;-0.181281
1247;0.379511;0.363281;-0.133308
1248;0.315153;0.048801;-0.041892
1249;0.046038;0.033627;-0.207464
1250;-0.252441;0.368900;-0.058339
1251;0.052854;0.143566;0.161740
1252;0.034896;0.120099;0.079604
1253;-0.068754;-0.011898;0.089375
1254;-0.153849;-0.107680;0.223818
1255;-0.174199;-0.260361;0.244024
1256;-0.235418;-0.337523;0.251464
1257;-0.067502;-0.376352;0.208037
1258;0.047563;-0.259890;-0.054117
1259;0.300496;0.114780;-0.607417
1260;0.628286;0.555132;-0.341811
1261;-0.169930;-0.026349;-0.150929
1262;-0.153848;-0.441139;0.064938
1263;-0.031414;0.606978;0.348710
1264;-0.534742;0.443592;-0.033202
1265;-0.366579;-0.657773;0.169255
1266;-0.061938;0.148394;0.479971
1267;0.211154;0.222359;-0.008015
1268;-0.004029;-0.155851;-0.052554
1269;-0.048020;-0.209654;0.105298
1270;0.182511;-0.052879;0.064636
1271;0.191312;-0.035930;-0.095621
1272;0.133285;-0.089904;-0.091954
1273;0.164951;-0.078218;-0.068434
1274;0.167460;0.004741;-0.068820
1275;0.096055;0.108742;-0.080201
1276;0.183104;0.141826;-0.021239
1277;0.320605;0.205068;-0.169963
1278;0.541712;0.438156;-0.088782
1279;0.413174;0.099066;-0.094098
1280;0.143807;-0.009297;-0.263426
1281;-0.239412;0.267564;-0.161429
1282;0.000151;0.162773;0.217738
1283;0.070719;0.158310;0.127179
1284;-0.088186;0.085506;0.122937
1285;-0.116875;-0.112610;0.164413
1286;-0.141818;-0.298316;0.207615
1287;-0.221889;-0.343227;0.227347
1288;-0.149921;-0.363175;0.276375
1289;-0.084397;-0.281642;0.079858
1290;0.110356;0.032655;-0.410798
1291;0.479734;0.582886;-0.618153
1292;0.183993;0.060634;-0.279806
1293;-0.139047;-0.402049;0.194880
1294;-0.259747;0.456958;0.381508
1295;-0.300638;0.517486;-0.370774
1296;-0.327263;-0.623629;0.272390
1297;-0.150574;0.023486;0.572439
1298;0.339432;0.266935;-0.054758
1299;-0.060939;-0.152753;-0.090245
1300;-0.035430;-0.160068;0.155631
1301;0.197429;-0.056053;0.043118
1302;0.238082;-0.078786;-0.075532
1303;0.193112;-0.039769;-0.065573
1304;0.092104;-0.087468;-0.085857
1305;0.089649;0.057629;-0.124331
1306;0.181106;0.120259;-0.060626
1307;0.272501;0.188084;-0.173419
1308;0.271652;0.125480;-0.202724
1309;0.464282;0.208309;-0.117749
1310;0.370001;0.104388;-0.052896
1311;0.058198;0.109074;-0.231198
1312;-0.217036;0.391165;0.039448
1313;0.108115;0.198068;0.247973
1314;0.147111;0.065995;0.116392
1315;-0.002144;-0.042224;0.166399
1316;-0.163900;-0.149446;0.302055
1317;-0.213329;-0.394905;0.283792
1318;-0.248776;-0.385575;0.295113
1319;-0.120020;-0.352527;0.219131
1320;-0.054781;-0.226714;-0.028791
1321;0.164723;0.145840;-0.583669
1322;0.573585;0.800352;-0.410001
1323;0.020749;-0.022692;-0.236156
1324;-0.096941;-0.351773;-0.007928
1325;-0.082958;0.453693;0.428459
1326;-0.470077;0.286476;0.013405
1327;-0.486214;-0.519443;0.260951
1328;-0.105559;0.171527;0.511677
1329;0.369471;0.273549;0.001900
1330;0.008632;-0.109522;-0.059861
1331;-0.030228;-0.205965;0.098026
1332;0.191302;-0.080861;0.062873
1333;0.253063;-0.067917;-0.121438
1334;0.115697;-0.121251;-0.068517
1335;0.159675;-0.123067;-0.021650
1336;0.195344;0.051479;-0.127789
1337;0.249326;0.130553;-0.143134
1338;0.411225;0.224419;-0.087948
1339;0.298153;0.177272;-0.292052
1340;0.344881;0.291957;-0.213403
1341;0.276381;-0.007587;-0.158915
1342;-0.151618;0.233903;-0.282576
1343;-0.299035;0.393569;0.321773
1344;0.267600;0.135526;0.175386
1345;-0.063117;0.202814;0.049101
1346;-0.140546;-0.075882;0.150410
1347;-0.162429;-0.292154;0.261439
1348;-0.238631;-0.417755;0.302207
1349;-0.190892;-0.399902;0.341285
1350;-0.057136;-0.319835;0.118427
1351;0.109568;-0.017171;-0.332033
1352;0.456042;0.588734;-0.588849
1353;0.080159;0.226941;-0.309559
1354;-0.144377;-0.339484;-0.006800
1355;-0.118761;0.277375;0.330050
1356;-0.413852;0.607487;-0.078143
1357;-0.188309;-0.498692;0.294758
1358;-0.245608;-0.185969;0.575153
1359;0.295622;0.183273;0.055282
1360;0.072117;-0.084752;-0.081347
1361;-0.045410;-0.156301;0.132310
1362;0.165308;-0.101761;0.094554
1363;0.241514;-0.047946;-0.039597
1364;0.138469;-0.072673;-0.070591
1365;0.055472;-0.038897;-0.069555
1366;0.084103;0.002364;-0.135038
1367;0.150129;0.029471;-0.116770
1368;0.348941;0.119722;-0.062056
1369;0.382499;0.162925;-0.196019
1370;0.398445;0.310561;-0.137779
1371;0.389540;0.099336;-0.063976
1372;0.021731;-0.008670;-0.190923
1373;-0.324693;0.421073;-0.066262
1374;0.069197;0.178389;0.284650
1375;0.147442;0.115619;0.101078
1376;-0.091814;-0.065117;0.138577
1377;-0.188186;-0.199652;0.208994
1378;-0.155284;-0.286599;0.171241
1379;-0.207998;-0.355044;0.244500
1380;-0.132470;-0.333243;0.206705
1381;-0.071176;-0.222273;-0.089534
1382;0.265549;0.158784;-0.653169
1383;0.659838;0.600527;-0.425931
1384;0.008560;-0.125351;-0.102780
1385;-0.216470;-0.010606;0.202157
1386;-0.396437;0.611010;0.434684
1387;-0.567973;-0.342639;-0.028339
1388;-0.169825;-0.109226;0.596638
1389;0.263895;0.195147;0.147313
1390;0.194781;-0.060653;-0.070719
1391;0.042615;-0.198243;0.134311
1392;0.011157;-0.179594;-0.022944
1393;0.132277;-0.032962;-0.145892
1394;0.159373;-0.067695;-0.110308
1395;0.158130;-0.078327;-0.104072
1396;0.266299;-0.006850;-0.090858
1397;0.266191;0.098238;-0.056296
1398;0.209533;0.130962;-0.069969
1399;0.244614;0.158787;-0.177953
1400;0.323954;0.339536;-0.161460
1401;0.337530;-0.023695;-0.098402
1402;0.069153;0.064497;-0.179882
1403;-0.293569;0.320300;-0.006074
1404;0.033328;0.251249;0.125375
1405;0.169683;0.137151;0.090948
1406;-0.162501;-0.028655;0.150407
1407;-0.209127;-0.181168;0.201696
1408;-0.139929;-0.295766;0.167707
1409;-0.158306;-0.387242;0.242581
1410;-0.090758;-0.368911;0.233367
1411;-0.046012;-0.183638;-0.133751
1412;0.413608;0.366374;-0.604106
1413;0.475615;0.288565;-0.358638
1414;-0.146026;-0.225094;-0.048156
1415;-0.273339;0.151479;0.210343
1416;-0.254124;0.963848;-0.053103
1417;-0.338681;-0.492072;0.239905
1418;-0.321237;-0.365406;0.558589
1419;0.304046;0.323759;0.166161
1420;0.148015;-0.061207;-0.168162
1421;-0.066190;-0.185934;0.105278
1422;0.092193;-0.081090;0.061610
1423;0.162079;-0.047110;-0.152875
1424;0.146757;-0.096123;-0.035043
1425;0.125408;-0.059375;-0.044157
1426;0.173601;0.003073;-0.137603
1427;0.343087;0.062564;-0.005206
1428;0.376981;0.142470;-0.068475
1429;0.221236;0.136310;-0.210102
1430;0.378466;0.478315;-0.235258
1431;0.343919;0.093358;-0.079900
1432;0.034891;0.055477;-0.157715
1433;-0.390496;0.346075;0.026752
1434;0.053086;0.163395;0.196551
1435;0.007954;0.180092;0.096377
1436;-0.085888;-0.030320;0.180303
1437;-0.125206;-0.242158;0.223054
1438;-0.180438;-0.353189;0.197791
1439;-0.257113;-0.399394;0.227548
1440;-0.177512;-0.317743;0.094777
1441;0.060429;-0.024382;-0.330760
1442;0.551054;0.434680;-0.360297
1443;0.162218;0.112318;-0.070591
1444;-0.042741;-0.184554;-0.033599
1445;0.061853;0.533411;0.132600
1446;-0.636064;0.000198;-0.012202
1447;-0.251322;-0.621288;0.175191
1448;0.185444;0.378816;0.431368
1449;0.082725;0.020015;-0.128348
1450;0.050863;-0.126448;0.009962
1451;0.020558;-0.173942;0.123609
1452;0.159322;-0.039497;0.065297
1453;0.171873;-0.029614;-0.124371
1454;0.061816;-0.095119;-0.062764
1455;0.070640;-0.029620;-0.098620
1456;0.114815;0.116115;-0.149092
1457;0.262262;0.103631;-0.146715
1458;0.266420;0.145323;-0.114011
1459;0.375059;0.091931;-0.198015
1460;0.458875;0.321662;-0.098204
1461;0.229031;0.047872;-0.226835
1462;-0.074497;0.262150;-0.264946
1463;-0.079458;0.375088;0.201520
1464;0.138437;0.201424;0.157960
1465;-0.078515;0.074143;0.075582
1466;-0.235485;-0.098011;0.215085
1467;-0.188842;-0.304953;0.247497
1468;-0.210814;-0.393309;0.309185
1469;-0.088956;-0.429729;0.304704
1470;-0.035622;-0.334839;0.079667
1471;0.151410;0.006397;-0.376181
1472;0.497272;0.577943;-0.429827
1473;0.072793;0.173974;-0.333145
1474;0.042524;-0.182539;-0.186534
1475;-0.146924;0.551076;0.069087
1476;-0.502855;0.050864;0.165495
1477;-0.191853;-0.245252;0.352425
1478;-0.201326;-0.259194;0.338861
1479;0.097500;0.251130;0.104732
1480;0.111477;-0.063552;-0.027826
1481;0.034425;-0.138981;0.076338
1482;0.105007;-0.121159;0.122890
1483;0.210703;-0.081354;-0.065954
1484;0.141326;-0.115852;-0.089908
1485;0.112105;-0.009564;-0.056218
1486;0.132370;0.036923;-0.145581
1487;0.333648;0.093718;-0.139504
1488;0.428307;0.139831;-0.044447
1489;0.228853;0.127137;-0.268273
1490;0.325608;0.366148;-0.160321
1491;0.319639;0.013104;-0.195760
1492;-0.115674;0.202484;-0.251341
1493;-0.189892;0.353944;0.234431
1494;0.074405;0.180841;0.175440
1495;-0.068807;0.109445;0.032673
1496;-0.145695;-0.077497;0.171000
1497;-0.160909;-0.259183;0.241998
1498;-0.226992;-0.379555;0.285501
1499;-0.166900;-0.412499;0.284473
1500;-0.093868;-0.308465;0.056404
1501;0.195173;0.031923;-0.501922
1502;0.642038;0.476222;-0.496383
1503;0.141519;0.181233;-0.150587
1504;-0.171832;-0.314707;0.000626
1505;-0.113373;0.279776;0.331433
1506;-0.534239;0.490514;-0.187735
1507;-0.167003;-0.474679;0.388949
1508;-0.074473;0.166339;0.369512
1509;0.099922;0.086552;-0.069631
1510;0.099445;-0.093226;0.030887
1511;-0.022005;-0.222224;0.116567
1512;0.177948;-0.072531;0.035915
1513;0.174185;-0.066029;-0.138915
1514;0.143448;-0.079188;-0.090844
1515;0.131564;-0.049607;-0.090308
1516;0.122995;0.015303;-0.057200
1517;0.243801;0.152314;-0.137214
1518;0.260557;0.160062;-0.140017
1519;0.415029;0.141889;-0.224598
1520;0.484051;0.300952;-0.125682
1521;0.188820;0.060529;-0.205354
1522;-0.138239;0.087972;-0.224202
1523;-0.186307;0.326692;0.127989
1524;0.235553;0.198677;0.195891
1525;0.020356;0.092758;0.116261
1526;-0.184484;-0.099317;0.177250
1527;-0.175802;-0.240720;0.224953
1528;-0.222412;-0.327849;0.208374
1529;-0.244106;-0.394191;0.292235
1530;-0.044220;-0.312328;0.061566
1531;0.143669;-0.008678;-0.291653
1532;0.449152;0.550164;-0.551316
1533;0.190883;0.210252;-0.389831
1534;-0.101401;-0.417566;-0.148349
1535;-0.345762;-0.290908;0.315582
1536;-0.348096;1.130501;-0.148409
1537;0.093578;-0.305019;0.579809
1538;-0.391044;-0.581994;0.385590
1539;0.283293;0.532167;0.135488
1540;0.182612;0.120783;0.007534
1541;-0.188049;-0.187359;0.045363
1542;-0.066030;-0.106747;0.120159
1543;0.143008;-0.048860;-0.063945
1544;0.076511;-0.098297;-0.085636
1545;0.134733;-0.099696;-0.045186
1546;0.153115;-0.022337;-0.085487
1547;0.256204;0.130183;-0.079176
1548;0.318890;0.131019;-0.109959
1549;0.387484;0.116786;-0.201813
1550;0.403557;0.272753;-0.166234
1551;0.231461;0.027609;-0.112407
1552;0.035315;0.042521;-0.093027
1553;-0.196981;0.378947;-0.015057
1554;-0.000912;0.154816;0.089034
1555;0.046985;0.133204;0.060337
1556;-0.065691;-0.011591;0.117222
1557;-0.085432;-0.124419;0.135412
1558;-0.059583;-0.275326;0.120738
1559;-0.211258;-0.309757;0.198273
1560;-0.103817;-0.346891;0.213606
1561;0.052433;-0.279419;-0.009067
1562;0.351691;0.025711;-0.476055
1563;0.544523;0.420080;-0.405792
1564;-0.006493;0.095972;-0.179884
1565;-0.156955;-0.461375;-0.008474
1566;-0.037715;0.647714;0.353299
1567;-0.661204;0.205425;0.064385
1568;-0.422589;-0.604975;0.274509
1569;0.069470;0.351268;0.427873
1570;0.126156;0.162817;-0.064651
1571;0.055854;-0.216473;0.065445
1572;0.025164;-0.213024;0.088848
1573;0.203851;-0.008368;-0.028800
1574;0.142239;-0.046203;-0.103831
1575;0.073711;-0.097524;-0.048229
1576;0.060319;-0.034117;-0.031613
1577;0.136905;0.046391;-0.031681
1578;0.164513;0.140076;-0.087849
1579;0.178452;0.111510;-0.148101
1580;0.459983;0.142169;-0.172130
1581;0.520737;0.302201;-0.112491
1582;0.286696;0.150150;-0.093975
1583;0.043768;-0.015048;-0.169834
1584;-0.213789;0.306143;-0.148124
1585;-0.008587;0.129875;0.159778
1586;0.068743;0.110466;0.163612
1587;-0.098088;0.063121;0.076788
1588;-0.146543;-0.088887;0.084564
1589;-0.111470;-0.199293;0.147338
1590;-0.125371;-0.291804;0.172202
1591;-0.059880;-0.242004;0.123641
1592;0.096244;-0.123550;-0.057139
1593;0.207291;-0.051550;-0.112130
1594;0.154717;0.008500;-0.068851
1595;0.046530;-0.001746;-0.067934
1596;0.065726;-0.018580;-0.176255
1597;0.054900;-0.016556;-0.122723
1598;-0.087819;-0.038619;0.041337
1599;-0.205681;0.385391;-0.081014
1600;0.042863;0.107058;-0.264100
1601;-0.006154;-0.256258;0.064518
1602;-0.344456;-0.403321;0.116321
1603;0.259675;0.308787;0.066944
1604;0.228233;-0.092153;0.038766
1605;-0.004469;-0.175059;0.075193
1606;0.075792;0.088278;0.056176
1607;0.011224;0.035182;-0.055212
1608;0.000174;-0.019495;-0.028504
1609;0.053149;-0.059437;0.053763
1610;0.149930;-0.019953;0.023256
1611;0.155553;0.007740;-0.069088
1612;0.110188;-0.033980;-0.083015
1613;0.084826;-0.014992;-0.042491
1614;0.077533;0.022619;-0.056850
1615;0.089255;-0.030417;-0.083816
1616;0.072238;0.005344;-0.032379
1617;0.035473;0.004632;-0.025507
1618;0.060840;-0.009500;-0.036727
1619;0.178063;-0.000918;-0.001592
1620;0.216250;0.062492;0.063877
1621;0.138842;0.080188;0.023650
1622;-0.048147;0.060948;-0.078164
1623;-0.022931;0.039150;-0.108324
1624;0.164312;0.070399;-0.081413
1625;0.047985;0.027387;-0.011958
1626;-0.015684;0.008499;-0.073513
1627;0.058256;0.008836;-0.094391
1628;0.121271;0.085980;-0.039341
1629;0.081811;-0.013591;0.050945
1630;0.006293;-0.036026;0.106474
1631;-0.026272;-0.055097;0.080353
1632;-0.043618;-0.184364;0.009657
1633;-0.010509;-0.081808;-0.026929
1634;0.036263;-0.045288;-0.030877
1635;0.035920;-0.044316;-0.044184
1636;0.068083;-0.004985;-0.019378
1637;0.063618;-0.012996;-0.036170
1638;0.010073;-0.078346;0.021512
1639;-0.041600;-0.068984;-0.004220
1640;-0.061176;-0.006646;-0.001836
1641;0.041532;0.236821;-0.075298
1642;0.094173;0.026147;-0.033402
1643;-0.005042;-0.106878;-0.047809
1644;0.028821;-0.053417;-0.030339
1645;0.117815;0.016134;0.007645
1646;0.080564;0.020659;-0.004173
1647;0.038568;-0.016654;-0.044770
1648;0.045102;-0.025209;-0.027988
1649;0.064638;-0.011251;0.010456
1650;0.067343;0.000959;0.009588
1651;0.046927;-0.002125;-0.010356
1652;0.025561;-0.005633;-0.005556
1653;0.037346;-0.012591;0.000654
1654;0.027208;0.000071;0.012575
1655;0.009859;-0.012586;0.006962
1656;0.026177;-0.000975;0.010155
1657;0.019499;-0.004734;0.019023
1658;-0.011811;-0.004725;0.002675
1659;-0.023007;-0.012613;-0.025740
1660;-0.013742;-0.001180;-0.025608
1661;-0.012350;-0.015572;-0.028070
1662;0.007332;-0.004725;-0.021454
1663;0.030719;-0.017733;-0.018479
1664;0.028196;-0.005333;-0.024527
1665;0.052361;-0.011892;-0.010631
1666;0.066450;-0.000245;0.005089
1667;0.042845;-0.015182;-0.005481
1668;0.022845;-0.010194;-0.011685
1669;0.023433;-0.005818;-0.014974
1670;0.028972;-0.004035;-0.000640
1671;0.028327;-0.006505;-0.000791
1672;0.028709;-0.001327;0.007193
1673;0.040977;-0.015884;-0.006147
1674;0.026184;-0.005519;-0.005462
1675;0.021012;-0.021802;-0.002649
1676;0.002572;-0.002771;0.006388
1677;0.007983;0.004595;-0.001888
1678;0.044202;-0.002466;-0.003193
1679;0.001860;-0.003761;-0.001077
1680;0.038129;0.000075;-0.018393
1681;0.035204;-0.012355;-0.008986
1682;0.021833;-0.013654;-0.013233
1683;-0.042866;-0.018596;-0.014475
1684;0.040661;-0.003475;-0.003692
1685;-0.000849;-0.021221;-0.005697
1686;-0.008508;-0.011910;-0.001545
1687;0.026281;0.016603;-0.000244
1688;0.014932;0.005677;-0.000343
1689;-0.002992;-0.007583;-0.002676
1690;0.004906;-0.032524;-0.001192
1691;-0.018849;0.008447;0.012653
1692;-0.001266;-0.005647;0.001306
1693;-0.021118;-0.020823;0.004099
1694;0.005633;0.006234;0.003309
1695;0.023548;-0.020130;-0.002953
1696;0.012878;-0.006031;0.001696
1697;-0.000404;-0.001942;-0.004904
1698;0.003796;0.004212;-0.005822
1699;0.012072;-0.024104;-0.005035
1700;-0.001591;0.042119;-0.009030
1701;0.003217;0.002777;-0.002733
1702;0.002165;-0.002530;0.005213
1703;-0.005218;0.000537;0.001528
1704;-0.003679;-0.009717;0.006384
1705;-0.005676;-0.002192;0.003248
1706;0.004854;-0.019482;0.001285
1707;-0.012669;0.017392;0.007528
1708;0.004146;-0.000258;0.004376
1709;0.006233;-0.002998;-0.006144
1710;-0.009018;-0.005090;0.002063
1711;0.003323;-0.000331;0.003948
1712;-0.000198;-0.000648;-0.001960
1713;-0.003209;-0.001082;0.004694
1714;0.004191;0.002573;-0.011599
1715;0.015689;-0.002877;-0.015985