index;x;y;z
0;-0.104924;-0.049147;-0.008202
1;0.006173;0.051805;-0.007936
2;-0.016900;-0.038667;0.041013
3;0.042384;-0.000886;0.042932
4;0.126404;0.062430;-0.023733
5;0.028977;-0.024289;-0.039676
6;-0.023572;-0.008347;0.002550
7;0.020151;-0.017340;0.011862
8;-0.006732;-0.026230;0.011610
9;-0.000188;-0.021906;0.022037
10;0.013881;-0.009999;-0.010559
11;-0.005193;-0.001159;-0.047719
12;-0.030416;-0.020780;-0.018099
13;-0.013742;-0.005891;-0.003619
14;0.008349;0.008602;0.011812
15;0.011332;-0.000103;0.012572
16;0.003793;0.022504;0.009177
17;0.014966;0.002934;0.013008
18;-0.002292;0.000754;0.027091
19;-0.009117;-0.004536;0.029750
20;0.011342;-0.007098;0.028909
21;0.003823;-0.000398;0.011914
22;0.005675;0.010744;0.009749
23;0.024004;0.004901;-0.001955
24;0.013809;-0.005646;-0.013032
25;-0.026802;-0.025006;-0.045377
26;-0.033175;-0.032934;-0.070346
27;-0.020885;-0.005927;-0.042472
28;-0.021738;0.010487;-0.044892
29;0.013855;0.024344;-0.024842
30;0.047978;-0.019850;0.012855
31;0.036080;-0.032894;0.043279
32;-0.016953;-0.041951;-0.001865
33;-0.039773;-0.004605;-0.069540
34;-0.038857;0.015060;-0.063795
35;0.017799;0.021684;-0.020687
36;0.073608;0.003965;0.037852
37;0.055531;-0.014598;0.077204
38;-0.019033;-0.023284;0.032015
39;-0.036019;0.004165;-0.066650
40;-0.004291;0.029021;-0.061832
41;0.002828;0.012885;0.031768
42;0.051753;-0.020805;0.041289
43;0.007618;-0.035847;0.034734
44;-0.022518;-0.024923;0.000205
45;-0.000323;0.032470;-0.030417
46;0.041459;0.015986;0.003213
47;0.000453;0.046674;0.008662
48;-0.026328;0.020105;-0.030475
49;0.026680;0.016567;0.031524
50;0.083963;0.040015;0.139605
51;0.090655;0.025684;0.083918
52;0.013234;0.029653;-0.017704
53;0.003250;0.042223;-0.082665
54;0.041162;0.037486;-0.039266
55;0.049007;0.019331;0.025936
56;0.095878;-0.009003;0.060236
57;0.059664;-0.073795;0.019584
58;0.005812;-0.061079;-0.002419
59;0.059911;0.017383;-0.016565
60;-0.002653;0.041613;-0.068896
61;-0.008568;-0.007017;0.010474
62;-0.021852;-0.013565;0.058016
63;0.059249;0.098495;0.147961
64;0.134290;0.044891;0.164413
65;0.066834;0.064691;0.119209
66;0.162226;0.045186;0.084479
67;0.175652;0.030371;0.147214
68;0.068523;-0.086311;0.053105
69;-0.307835;0.078112;-0.043244
70;-0.573478;0.144347;-0.201604
71;-0.547405;-0.216638;-0.484432
72;-0.802864;-0.326148;-0.324364
73;-0.822747;-0.242414;-0.207784
74;-0.623402;0.015739;-0.254755
75;-0.440604;0.124164;-0.374227
76;-0.299316;0.221643;-0.328251
77;-0.110284;0.229707;-0.207156
78;0.091792;0.313856;-0.039678
79;0.262766;0.372436;0.042610
80;0.369050;0.376683;0.091099
81;0.564067;0.395747;0.160613
82;0.758593;0.380780;0.182514
83;0.846208;0.356811;0.131878
84;0.857427;0.384720;0.161826
85;0.748509;0.501413;0.148447
86;0.787064;0.592013;0.072004
87;0.632868;0.539839;-0.098247
88;0.369077;0.448894;-0.233423
89;0.033454;0.490489;-0.203616
90;-0.147623;0.514564;-0.155610
91;-0.319946;0.497011;-0.236395
92;-0.494614;0.303594;-0.331649
93;-0.659847;0.075688;-0.351475
94;-0.826996;-0.084596;-0.308908
95;-0.771254;-0.211390;-0.287229
96;-0.823064;-0.331829;-0.256422
97;-0.868020;-0.351866;-0.177072
98;-0.885079;-0.181318;-0.118302
99;-0.899230;-0.121932;-0.265794
100;-0.831458;0.104368;-0.296884
101;-0.568594;0.092850;-0.390134
102;-0.386108;0.097464;-0.434783
103;-0.260523;0.279823;-0.362957
104;-0.123266;0.572147;-0.238573
105;0.012188;0.734474;-0.218760
106;0.226950;0.762110;-0.262816
107;0.475735;0.597813;-0.211977
108;0.637939;0.468953;-0.015118
109;0.873544;0.397335;0.200372
110;0.988289;0.351878;0.302906
111;0.839111;0.313416;0.176364
112;0.820396;0.260233;0.045715
113;0.842620;0.308767;-0.003502
114;0.706322;0.474863;-0.029942
115;0.656041;0.675288;-0.147937
116;0.437105;0.729874;-0.285610
117;0.109316;0.538047;-0.348437
118;-0.163980;0.331482;-0.250182
119;-0.316375;0.325629;-0.158505
120;-0.460047;0.355820;-0.181961
121;-0.561201;0.210429;-0.251791
122;-0.688202;0.063261;-0.241154
123;-0.807517;-0.093997;-0.253630
124;-0.869307;-0.191514;-0.260444
125;-0.847904;-0.267948;-0.271995
126;-0.773306;-0.297937;-0.258638
127;-0.683981;-0.189717;-0.199673
128;-0.634929;-0.078528;-0.163975
129;-0.546000;0.164389;-0.145281
130;-0.412588;0.179756;-0.252758
131;-0.201472;0.072510;-0.305994
132;-0.092066;0.100035;-0.106191
133;-0.128312;0.229423;0.022258
134;-0.147478;0.374654;-0.140638
135;-0.029981;0.521644;-0.328360
136;0.219702;0.495572;-0.366950
137;0.379055;0.427086;-0.195299
138;0.492248;0.369704;-0.039167
139;0.688904;0.357435;0.167282
140;0.822260;0.330838;0.328206
141;0.790194;0.347308;0.278150
142;0.668897;0.312066;0.131855
143;0.502029;0.443039;0.191311
144;0.711056;0.524530;0.227506
145;0.656689;0.572106;0.026058
146;0.382580;0.385245;-0.236838
147;0.060106;0.421893;-0.235812
148;-0.048034;0.307103;-0.165750
149;-0.165900;0.338632;-0.141645
150;-0.339034;0.305809;-0.124094
151;-0.510114;0.127783;-0.124914
152;-0.701515;0.088525;-0.112866
153;-0.851533;-0.080081;-0.153866
154;-0.950358;-0.192154;-0.189313
155;-0.898583;-0.242709;-0.225271
156;-0.906520;-0.186186;-0.244159
157;-0.936464;-0.090068;-0.236462
158;-0.873956;0.109412;-0.264274
159;-0.703422;-0.035539;-0.323452
160;-0.661682;0.069233;-0.195023
161;-0.295708;0.442495;-0.061387
162;-0.050788;0.631011;-0.180835
163;0.062389;0.464570;-0.371645
164;0.167474;0.603520;-0.287496
165;0.418443;0.536071;-0.226200
166;0.711012;0.634283;-0.176610
167;0.943684;0.481316;-0.069522
168;0.965827;0.540096;0.053712
169;0.881898;0.492944;-0.033788
170;0.801993;0.721089;0.006516
171;0.850790;0.657231;-0.099935
172;0.809971;0.527438;-0.176147
173;0.245222;0.588635;-0.051946
174;-0.014832;0.445088;0.021853
175;-0.120375;0.305659;-0.010342
176;-0.344710;0.161606;-0.072933
177;-0.603200;0.087691;-0.050627
178;-0.782399;0.013670;-0.014579
179;-0.877351;-0.103883;-0.004715
180;-0.938618;-0.218334;0.005611
181;-0.989242;-0.188491;0.046746
182;-1.016446;-0.090883;0.092893
183;-1.042664;0.094980;0.030242
184;-0.837228;-0.019659;-0.131516
185;-0.593022;-0.201933;-0.241669
186;-0.494312;0.078505;-0.118587
187;-0.347477;0.468121;-0.093709
188;-0.257080;0.700142;-0.168687
189;-0.040456;0.703287;-0.322940
190;0.383789;0.622909;-0.290746
191;0.750122;0.462470;-0.124438
192;0.805456;0.406601;-0.011729
193;0.822032;0.380464;0.077067
194;0.818455;0.401989;0.052847
195;0.766539;0.406354;0.020800
196;0.665372;0.419233;-0.001891
197;0.537480;0.640152;0.034614
198;0.674390;0.471016;-0.091514
199;0.370679;0.446570;-0.156260
200;-0.010891;0.466903;-0.103140
201;-0.052914;0.270005;-0.050742
202;-0.075086;0.352244;-0.070637
203;-0.083066;0.205067;-0.203329
204;-0.368227;0.123607;-0.192348
205;-0.665211;0.021395;-0.072322
206;-0.820548;-0.144718;-0.146629
207;-0.849555;-0.194799;-0.306437
208;-0.893370;-0.099663;-0.475588
209;-0.896816;-0.029324;-0.501034
210;-0.865668;0.052813;-0.445015
211;-0.797963;-0.049390;-0.421970
212;-0.693001;-0.203640;-0.349946
213;-0.573878;-0.013345;-0.182064
214;-0.424292;0.291445;-0.070045
215;-0.364945;0.602737;-0.143579
216;-0.194469;0.739596;-0.298551
217;0.084451;0.686160;-0.336713
218;0.423439;0.636994;-0.127046
219;0.791882;0.657687;0.116464
220;0.941172;0.429947;0.198869
221;0.908962;0.501773;0.179550
222;0.789769;0.494327;0.117668
223;0.847764;0.518887;0.041448
224;0.856377;0.591423;-0.032560
225;0.741625;0.767669;-0.010362
226;0.676003;0.507845;-0.129732
227;0.180573;0.658814;-0.112312
228;-0.104263;0.567900;-0.000124
229;-0.173122;0.456847;0.065176
230;-0.209349;0.379789;-0.029853
231;-0.381192;0.227502;-0.170478
232;-0.607052;0.158360;-0.203292
233;-0.707252;0.062412;-0.199762
234;-0.825760;-0.070404;-0.230561
235;-1.009591;-0.148845;-0.260485
236;-1.093706;-0.090838;-0.269078
237;-1.143466;0.012972;-0.321776
238;-1.062348;-0.049068;-0.399999
239;-0.801934;-0.185362;-0.394405
240;-0.598878;-0.094070;-0.239028
241;-0.494478;0.251512;-0.095925
242;-0.390217;0.691089;-0.108632
243;-0.157544;0.752465;-0.154043
244;-0.001704;0.765261;-0.225140
245;0.321011;0.654445;-0.145899
246;0.599323;0.582934;-0.050827
247;0.801323;0.542775;0.033145
248;0.863318;0.496249;0.079903
249;0.842641;0.498370;0.037664
250;0.765200;0.545616;-0.019995
251;0.714689;0.715036;-0.031528
252;0.834178;0.603894;-0.104676
253;0.735314;0.537425;-0.224166
254;0.370019;0.614170;-0.129918
255;0.122685;0.525866;0.004238
256;0.041716;0.460275;0.038333
257;-0.015535;0.492859;-0.056100
258;-0.203042;0.460037;-0.147783
259;-0.479067;0.389993;-0.202101
260;-0.713305;0.317118;-0.234858
261;-0.902664;0.188008;-0.198933
262;-1.145703;0.054731;-0.166733
263;-1.273520;-0.052149;-0.215536
264;-1.346631;-0.121740;-0.314280
265;-1.327585;-0.094749;-0.347141
266;-1.106042;-0.316042;-0.297535
267;-0.928046;-0.193029;-0.115200
268;-0.763541;0.156003;-0.046144
269;-0.688670;0.639090;-0.223362
270;-0.490348;0.925905;-0.477084
271;-0.131359;0.939733;-0.526305
272;0.145970;0.912110;-0.384128
273;0.416554;0.907534;-0.237982
274;0.801736;0.871541;-0.148505
275;1.041903;0.808389;-0.026809
276;1.043490;0.693422;-0.054233
277;1.016650;0.661943;-0.076454
278;1.090962;0.775313;-0.053937
279;1.138957;0.717790;-0.120216
280;0.916834;0.604459;-0.241334
281;0.336807;0.690710;-0.122691
282;-0.045796;0.635241;0.040945
283;-0.089854;0.606251;0.088410
284;-0.122359;0.641072;-0.098872
285;-0.279219;0.483241;-0.284579
286;-0.584616;0.395068;-0.275875
287;-0.862566;0.344507;-0.050844
288;-1.148172;0.128605;0.012624
289;-1.366009;-0.060289;-0.168776
290;-1.464226;-0.179092;-0.343042
291;-1.365892;-0.113855;-0.313346
292;-1.158739;0.020399;-0.196942
293;-0.956464;-0.128609;-0.256642
294;-0.794022;-0.083987;-0.248163
295;-0.637754;0.297456;-0.148672
296;-0.503814;0.695690;-0.180180
297;-0.373941;0.939802;-0.337499
298;-0.058565;0.892733;-0.415581
299;0.330819;0.867333;-0.300490
300;0.656624;0.763613;-0.130043
301;0.952904;0.641519;0.047867
302;0.952599;0.571138;0.089448
303;0.942305;0.587456;0.074137
304;0.917906;0.564681;0.012841
305;0.965277;0.581761;-0.003988
306;0.864009;0.744433;-0.023958
307;0.773225;0.658318;-0.215125
308;0.196490;0.802667;-0.198197
309;-0.124332;0.564723;-0.052065
310;-0.235484;0.408952;0.072771
311;-0.262852;0.271091;0.044761
312;-0.414646;0.190050;-0.086489
313;-0.608984;0.143825;-0.013449
314;-0.793536;0.035538;-0.008038
315;-1.098717;-0.117287;-0.066643
316;-1.260607;-0.246377;-0.135054
317;-1.250876;-0.230289;-0.146109
318;-1.083801;-0.119396;-0.189423
319;-0.913470;0.117104;-0.223664
320;-0.710628;0.082206;-0.344272
321;-0.522484;0.094744;-0.383311
322;-0.413646;0.484917;-0.206977
323;-0.247288;0.763518;-0.112826
324;-0.067224;0.883702;-0.164094
325;0.222444;0.748915;-0.223766
326;0.517994;0.609425;-0.180679
327;0.757444;0.560400;-0.041412
328;0.934434;0.461987;0.057834
329;0.956600;0.484922;0.088173
330;0.925688;0.485010;0.041199
331;0.840822;0.479200;0.019781
332;0.827888;0.610238;0.082262
333;0.683051;0.877077;0.135346
334;0.687271;0.642616;-0.116274
335;0.241706;0.653260;-0.235591
336;-0.210533;0.663971;-0.047392
337;-0.390868;0.570706;0.100206
338;-0.464673;0.500163;-0.040883
339;-0.452533;0.319903;-0.348326
340;-0.596400;0.164496;-0.462903
341;-0.715310;0.100282;-0.359990
342;-0.865717;-0.095381;-0.322433
343;-1.034353;-0.234648;-0.377517
344;-1.157745;-0.182181;-0.435774
345;-1.109024;-0.175131;-0.482562
346;-1.146197;0.075344;-0.389046
347;-0.991813;-0.032402;-0.328894
348;-0.838151;0.087525;-0.242145
349;-0.642381;0.577340;0.000046
350;-0.365459;0.922293;-0.022806
351;-0.028311;1.067204;-0.140092
352;0.458819;0.874414;-0.190284
353;0.806205;0.664821;-0.019049
354;0.710990;0.500586;0.109321
355;0.717388;0.403901;0.154893
356;0.808565;0.454277;0.233151
357;0.829113;0.422034;0.259113
358;0.869509;0.494106;0.223510
359;0.919000;0.491810;0.107259
360;0.669997;0.768431;0.128116
361;0.637111;0.571300;-0.007753
362;0.216397;0.511196;-0.013971
363;-0.163777;0.496298;0.081010
364;-0.234857;0.372061;0.072125
365;-0.247482;0.373332;-0.077722
366;-0.199857;0.187179;-0.212275
367;-0.356487;0.128813;-0.070330
368;-0.545174;0.041708;0.047363
369;-0.774224;-0.093607;0.073872
370;-0.949426;-0.179996;0.043217
371;-1.072494;-0.160593;-0.012248
372;-1.105942;-0.177035;-0.178887
373;-1.104870;0.000635;-0.265919
374;-0.883540;0.042098;-0.296070
375;-0.603589;-0.036566;-0.257898
376;-0.472727;0.229066;-0.091908
377;-0.279169;0.404012;-0.068408
378;-0.247116;0.618859;-0.112102
379;0.001957;0.614952;-0.198636
380;0.316073;0.480803;-0.163258
381;0.525300;0.425878;-0.058681
382;0.673258;0.422155;0.088854
383;0.783609;0.450245;0.196875
384;0.814335;0.506316;0.272261
385;0.891791;0.500772;0.232841
386;0.883449;0.500799;0.154806
387;0.679755;0.771336;0.196907
388;0.696114;0.561249;0.005070
389;0.299373;0.587856;-0.083266
390;-0.097621;0.565409;-0.018593
391;-0.186273;0.415202;0.063319
392;-0.242238;0.334340;-0.007069
393;-0.267918;0.166054;-0.211439
394;-0.380758;0.074818;-0.260372
395;-0.497089;0.036215;-0.161142
396;-0.661479;0.000242;-0.107793
397;-0.942031;-0.121326;-0.115090
398;-1.145433;-0.177545;-0.108918
399;-1.205224;-0.221018;-0.148899
400;-1.225694;-0.055329;-0.174185
401;-0.952673;-0.063483;-0.194881
402;-0.699371;-0.114610;-0.233433
403;-0.635472;0.185870;-0.183517
404;-0.464083;0.617960;-0.153342
405;-0.290165;0.924450;-0.217727
406;0.047862;0.908397;-0.269152
407;0.492936;0.770241;-0.180196
408;0.729275;0.531202;-0.033895
409;0.772402;0.470257;0.076774
410;0.804268;0.388627;0.107815
411;0.887112;0.440176;0.165063
412;0.839934;0.473658;0.164512
413;0.856623;0.528267;0.097670
414;0.807507;0.613951;0.043462
415;0.565479;0.803031;0.030603
416;0.496875;0.412003;-0.188044
417;0.022344;0.521063;-0.084100
418;-0.118701;0.432687;0.070260
419;-0.240318;0.467675;0.096552
420;-0.294331;0.430800;-0.163202
421;-0.344934;0.133795;-0.376955
422;-0.520146;0.082810;-0.265450
423;-0.686261;0.007733;-0.127724
424;-0.878442;-0.128760;-0.101421
425;-1.038191;-0.194401;-0.150060
426;-1.135788;-0.147740;-0.300719
427;-1.165446;-0.070387;-0.397847
428;-1.033810;0.034319;-0.383004
429;-0.768331;-0.153532;-0.324819
430;-0.646638;0.036594;-0.156978
431;-0.514529;0.456202;-0.078561
432;-0.327514;0.797303;-0.153597
433;-0.043198;0.862803;-0.296144
434;0.382254;0.695636;-0.229508
435;0.650590;0.564618;-0.083613
436;0.764696;0.484212;0.057826
437;0.915550;0.390194;0.153870
438;0.825399;0.411772;0.170800
439;0.748316;0.452911;0.117494
440;0.845537;0.513318;0.099854
441;0.763789;0.694606;0.049246
442;0.567406;0.582493;-0.085978
443;0.476621;0.472007;-0.213275
444;0.241716;0.551899;-0.171180
445;0.014319;0.548179;-0.022679
446;-0.219642;0.535242;0.035837
447;-0.321199;0.365833;-0.082841
448;-0.439618;0.211944;-0.223833
449;-0.638108;0.149556;-0.188287
450;-0.814091;0.062166;-0.148756
451;-0.957038;-0.120807;-0.181804
452;-1.104185;-0.193588;-0.230800
453;-1.205178;-0.172861;-0.226847
454;-1.128328;-0.074139;-0.213221
455;-1.010219;0.072034;-0.202184
456;-0.891782;-0.087794;-0.227420
457;-0.731790;0.044690;-0.190089
458;-0.496506;0.395003;-0.103731
459;-0.256810;0.814870;-0.096710
460;0.024882;0.953154;-0.197193
461;0.283163;0.785481;-0.309662
462;0.632942;0.646825;-0.250237
463;0.863006;0.573743;-0.024539
464;0.894180;0.529428;0.101733
465;0.924956;0.538564;0.107683
466;0.841441;0.508201;0.068009
467;0.784388;0.547450;0.078840
468;0.725487;0.542138;0.049549
469;0.524659;0.631113;0.057604
470;0.458809;0.439835;-0.117259
471;0.086113;0.598957;-0.106506
472;-0.136447;0.481194;-0.015688
473;-0.321385;0.451540;0.074235
474;-0.375913;0.222613;-0.035321
475;-0.490181;0.112019;-0.181057
476;-0.512558;-0.016922;-0.251091
477;-0.634086;-0.064990;-0.147139
478;-0.724891;-0.173727;-0.060518
479;-0.841745;-0.249267;-0.050633
480;-0.964676;-0.184063;-0.080675
481;-0.993841;-0.031462;-0.202239
482;-0.933681;0.007723;-0.279444
483;-0.806481;-0.099638;-0.315080
484;-0.679609;0.079119;-0.211316
485;-0.412784;0.300632;-0.063134
486;-0.319105;0.545955;-0.010037
487;-0.117263;0.569805;-0.112565
488;0.130511;0.660841;-0.112855
489;0.454401;0.512426;-0.067184
490;0.672325;0.547032;0.011783
491;0.759037;0.450740;0.073247
492;0.821073;0.494282;0.129565
493;0.767592;0.466689;0.059902
494;0.844629;0.509297;0.081222
495;0.738252;0.628981;0.108631
496;0.532587;0.620821;0.036484
497;0.464830;0.557235;-0.145736
498;0.228647;0.640008;-0.214302
499;0.027502;0.476388;-0.147326
500;-0.181126;0.359407;-0.061809
501;-0.223848;0.224632;0.000120
502;-0.290610;0.147408;-0.007174
503;-0.462586;0.108805;-0.090930
504;-0.675059;0.076558;-0.177856
505;-0.894545;0.051774;-0.135162
506;-1.163027;-0.062715;-0.190856
507;-1.364508;-0.220251;-0.284028
508;-1.264098;-0.133163;-0.206219
509;-0.955025;0.043133;-0.037544
510;-0.678328;-0.184813;-0.105605
511;-0.780362;0.112860;-0.130207
512;-0.628652;0.375580;-0.149791
513;-0.505200;0.764393;-0.149534
514;-0.274422;0.802407;-0.262314
515;-0.013864;0.772745;-0.364472
516;0.279990;0.741774;-0.381115
517;0.602874;0.717146;-0.359081
518;0.870069;0.689362;-0.248052
519;0.970667;0.667596;-0.163720
520;0.876148;0.685199;-0.231104
521;0.836713;0.565366;-0.276494
522;0.739517;0.706006;-0.210985
523;0.751554;0.700648;-0.225170
524;0.575057;0.763207;-0.313324
525;0.205194;0.808934;-0.292543
526;-0.113760;0.692368;-0.155005
527;-0.309014;0.567592;0.025354
528;-0.463275;0.319858;0.098761
529;-0.622108;0.155527;0.097567
530;-0.697213;0.144194;0.043355
531;-0.785281;0.128354;-0.078888
532;-0.926021;-0.034723;-0.081172
533;-1.069552;-0.152566;-0.013100
534;-1.186376;-0.210436;0.078002
535;-1.244738;-0.094012;0.135969
536;-1.128954;-0.200670;0.042341
537;-0.938281;-0.320887;-0.107486
538;-0.872661;0.112852;-0.081790
539;-0.673359;0.519942;-0.070833
540;-0.583655;0.939360;-0.145169
541;-0.257761;0.898588;-0.291004
542;0.106290;0.825129;-0.315472
543;0.375553;0.797692;-0.247641
544;0.596768;0.820563;-0.094114
545;0.755487;0.796917;0.090533
546;0.967864;0.808291;0.164811
547;0.949055;0.773387;0.107850
548;1.026492;0.710082;0.013424
549;0.911193;0.940879;0.030417
550;0.874253;0.753859;-0.118000
551;0.495237;0.661144;-0.224088
552;0.002221;0.785249;-0.060870
553;-0.214014;0.696586;0.136527
554;-0.393953;0.656587;0.153618
555;-0.532487;0.392860;-0.109289
556;-0.646391;0.190135;-0.191097
557;-0.776928;0.090860;-0.089746
558;-0.854771;-0.031242;-0.032236
559;-0.937549;-0.179590;-0.044797
560;-1.104344;-0.302732;-0.075632
561;-1.294196;-0.302765;-0.013106
562;-1.402040;-0.098282;0.076507
563;-1.245045;-0.197389;-0.003646
564;-0.927583;-0.173532;-0.093795
565;-0.755552;0.305704;-0.118835
566;-0.560929;0.698227;-0.210516
567;-0.295679;0.944130;-0.417158
568;0.301399;0.996175;-0.500437
569;0.739480;0.822519;-0.337568
570;0.812717;0.568162;-0.184142
571;0.622285;0.513834;-0.154869
572;0.746445;0.547771;-0.020446
573;0.807822;0.629636;0.089763
574;0.862325;0.577411;0.099906
575;0.925764;0.638758;0.054929
576;0.596819;0.868418;0.019253
577;0.465467;0.586054;-0.131113
578;0.204702;0.367631;-0.110632
579;-0.149988;0.376989;0.042173
580;-0.335020;0.328713;0.170594
581;-0.359020;0.343825;0.082111
582;-0.307564;0.138351;-0.166638
583;-0.446068;-0.033677;-0.304073
584;-0.587872;-0.048155;-0.229431
585;-0.635429;-0.104314;-0.139178
586;-0.783895;-0.169345;-0.106347
587;-0.986774;-0.189642;-0.173635
588;-1.141840;-0.164150;-0.323393
589;-1.192738;0.020432;-0.366026
590;-0.916994;-0.019565;-0.294593
591;-0.738283;0.074242;-0.159009
592;-0.554540;0.352463;-0.055874
593;-0.415703;0.673656;-0.033431
594;-0.322090;0.797982;-0.145293
595;-0.027767;0.824005;-0.181796
596;0.353467;0.697200;-0.113748
597;0.579619;0.701462;-0.012330
598;0.679028;0.597694;-0.057313
599;0.854807;0.728069;0.013467
600;1.022458;0.718865;0.062739
601;1.155006;0.681790;-0.064568
602;0.942739;0.932430;-0.130191
603;0.777605;0.854203;-0.187641
604;0.497647;0.736431;-0.232138
605;0.069044;0.764750;-0.128245
606;-0.141313;0.759146;0.037772
607;-0.393937;0.799041;0.065620
608;-0.554880;0.544833;-0.092003
609;-0.707335;0.281272;-0.233110
610;-0.831880;0.093827;-0.295849
611;-0.893814;-0.031069;-0.238131
612;-0.906763;-0.129020;-0.144533
613;-0.941887;-0.259398;-0.097656
614;-1.066109;-0.284480;-0.115572
615;-1.146167;-0.266148;-0.110436
616;-1.212408;-0.030699;-0.158522
617;-1.030623;-0.241670;-0.295448
618;-0.977175;0.072954;-0.209118
619;-0.849387;0.524647;-0.139943
620;-0.714752;0.982044;-0.151317
621;-0.469884;1.212979;-0.222330
622;-0.099674;1.148085;-0.271481
623;0.224250;1.181494;-0.252046
624;0.655404;1.100436;-0.158813
625;1.315287;1.040946;0.080967
626;1.463427;0.777311;0.130273
627;1.223002;0.808467;0.035550
628;1.051175;0.830216;-0.080147
629;0.827656;0.818557;-0.156209
630;0.488955;1.083594;-0.104045
631;0.322661;0.923141;-0.147028
632;-0.074041;0.926363;-0.156118
633;-0.475890;0.889955;0.006011
634;-0.660935;0.558303;0.124659
635;-0.728644;0.206871;0.042080
636;-0.593511;0.048443;-0.116747
637;-0.560007;-0.087844;-0.257913
638;-0.622720;-0.061141;-0.333031
639;-0.592831;-0.118952;-0.302325
640;-0.670812;-0.167634;-0.264021
641;-0.830276;-0.128756;-0.334635
642;-0.962968;-0.176856;-0.439639
643;-1.100718;-0.004612;-0.459245
644;-0.929354;-0.253903;-0.412300
645;-0.867863;0.007542;-0.188330
646;-0.779305;0.359725;-0.102795
647;-0.653509;0.747015;-0.096138
648;-0.367087;0.905135;-0.178265
649;0.089517;0.817342;-0.211173
650;0.413111;0.721901;-0.199415
651;0.601408;0.659163;-0.148989
652;0.842627;0.687235;-0.083076
653;0.937100;0.667275;-0.082967
654;0.880735;0.746065;-0.057497
655;0.873904;0.674174;-0.089209
656;0.774646;0.854916;0.011505
657;0.806519;0.644851;-0.133052
658;0.513652;0.606098;-0.228857
659;0.210315;0.677736;-0.105707
660;0.082886;0.612221;0.020366
661;-0.100685;0.626942;0.075759
662;-0.270792;0.464738;0.053693
663;-0.534459;0.338479;0.002740
664;-0.776847;0.181341;-0.055083
665;-0.945601;0.082417;-0.146059
666;-1.058650;-0.090801;-0.196602
667;-1.131513;-0.162882;-0.169441
668;-1.153961;-0.152120;-0.117638
669;-1.089894;-0.050010;-0.077455
670;-0.964185;-0.169154;-0.149968
671;-0.850098;-0.357656;-0.255892
672;-0.849913;-0.035272;-0.190724
673;-0.783943;0.385919;-0.075258
674;-0.709519;0.878078;-0.103682
675;-0.388746;1.007623;-0.262956
676;0.037125;0.875767;-0.336442
677;0.336147;0.855829;-0.322120
678;0.656262;0.810856;-0.187286
679;0.921431;0.895274;0.034610
680;1.080760;0.753447;0.063799
681;0.959927;0.896621;0.009774
682;0.945120;0.789171;-0.109930
683;0.961023;0.854732;-0.040799
684;0.846520;0.647470;-0.127684
685;0.407474;0.675071;-0.159674
686;0.002775;0.755754;-0.070856
687;-0.135090;0.720485;0.073115
688;-0.259610;0.792941;0.103871
689;-0.462510;0.509752;-0.020764
690;-0.794011;0.246373;-0.078909
691;-1.014498;-0.000705;-0.071540
692;-1.047536;-0.141827;-0.047540
693;-1.012469;-0.189312;-0.037291
694;-1.080436;-0.117904;-0.095443
695;-1.069626;-0.110094;-0.206885
696;-1.119829;0.000537;-0.288864
697;-1.055330;-0.274860;-0.396355
698;-0.895864;-0.224506;-0.348276
699;-0.768077;0.223198;-0.136511
700;-0.687173;0.665053;-0.064180
701;-0.546431;0.928980;-0.188085
702;-0.216962;0.927155;-0.322099
703;0.144549;0.904270;-0.324395
704;0.445230;0.816150;-0.245075
705;0.731934;0.818858;-0.113731
706;0.907648;0.721145;-0.020303
707;0.989959;0.711810;0.033728
708;0.945820;0.717090;-0.008415
709;0.948506;0.703297;-0.017731
710;0.806211;0.831853;0.031216
711;0.766817;0.659883;-0.136956
712;0.385652;0.727687;-0.213726
713;0.048768;0.737043;-0.114678
714;-0.075081;0.686993;0.040144
715;-0.217933;0.699748;0.071675
716;-0.382726;0.498312;-0.071656
717;-0.635070;0.259770;-0.166030
718;-0.837207;0.101933;-0.162575
719;-0.960926;-0.013310;-0.128468
720;-1.048158;-0.163575;-0.164713
721;-1.127609;-0.160312;-0.203655
722;-1.069200;-0.160368;-0.213309
723;-1.041224;-0.078713;-0.267914
724;-1.052077;-0.109507;-0.302181
725;-0.909675;-0.281734;-0.343088
726;-0.830751;0.022832;-0.242119
727;-0.713643;0.437894;-0.100444
728;-0.562090;0.923861;-0.085079
729;-0.233533;0.999482;-0.270432
730;0.152969;0.806986;-0.359352
731;0.512491;0.672479;-0.276916
732;0.634346;0.651368;-0.095550
733;0.760760;0.670845;0.039661
734;0.896909;0.644851;0.094924
735;0.958523;0.682119;0.076633
736;0.897390;0.768934;0.022143
737;0.857876;0.793562;-0.010081
738;0.770872;0.628374;-0.155319
739;0.355933;0.606514;-0.204218
740;0.101401;0.606608;-0.053867
741;0.015155;0.554754;0.072045
742;-0.148491;0.517995;0.066975
743;-0.312311;0.394470;-0.057719
744;-0.551092;0.258078;-0.122301
745;-0.786231;0.145931;-0.141947
746;-0.958176;0.004049;-0.135969
747;-1.096553;-0.155952;-0.154223
748;-1.158855;-0.190002;-0.170805
749;-1.035380;-0.156721;-0.163366
750;-0.974312;0.025351;-0.178431
751;-0.885885;-0.261065;-0.290081
752;-0.886196;-0.237658;-0.288564
753;-0.785757;0.095142;-0.198813
754;-0.706128;0.557340;-0.134678
755;-0.439617;0.761347;-0.204481
756;-0.185796;0.832186;-0.312510
757;0.230208;0.790879;-0.359154
758;0.634699;0.793596;-0.293731
759;0.896222;0.703110;-0.051847
760;0.966654;0.636345;-0.000974
761;0.794755;0.620309;-0.079963
762;0.680046;0.805674;0.001922
763;0.811819;0.686755;0.117695
764;0.862080;0.715148;-0.062512
765;0.521710;0.750846;-0.199871
766;0.244703;0.645349;-0.166278
767;0.081845;0.444049;-0.059880
768;-0.057116;0.291515;-0.003453
769;-0.290167;0.238962;0.031494
770;-0.504887;0.178359;0.019978
771;-0.686527;0.157214;-0.005139
772;-0.874175;0.043807;0.005321
773;-1.061674;-0.026151;0.040594
774;-1.145622;-0.168061;0.068623
775;-1.204788;-0.163887;0.044091
776;-1.185505;-0.076809;-0.002687
777;-0.957552;-0.379387;-0.135795
778;-0.887565;-0.151910;-0.130038
779;-0.747975;0.270422;-0.076384
780;-0.589270;0.557540;-0.126451
781;-0.417794;0.714748;-0.310421
782;-0.174742;0.712695;-0.433814
783;0.113056;0.724600;-0.344068
784;0.341434;0.769999;-0.198397
785;0.604992;0.740916;-0.121022
786;0.879453;0.651725;-0.057767
787;0.907068;0.688096;-0.011853
788;0.922047;0.632341;-0.114929
789;0.873192;0.776736;-0.161815
790;0.909611;0.625562;-0.213439
791;0.766171;0.672381;-0.235132
792;0.343222;0.702111;-0.165980
793;-0.043327;0.646630;-0.081250
794;-0.219575;0.534146;0.010122
795;-0.157608;0.452167;-0.011262
796;-0.296060;0.380794;-0.100758
797;-0.657414;0.243460;-0.058085
798;-0.936785;0.053920;0.107243
799;-1.117483;-0.085173;0.291477
800;-1.203469;-0.214024;0.403834
801;-1.201069;-0.190967;0.386696
802;-1.106460;-0.132592;0.245670
803;-1.022816;0.026915;0.122921
804;-0.827365;-0.242583;-0.047028
805;-0.764391;0.066335;-0.062696
806;-0.649301;0.550439;-0.097092
807;-0.378757;0.751348;-0.285762
808;-0.099271;0.877238;-0.474580
809;0.276189;0.671233;-0.540207
810;0.534290;0.661753;-0.397866
811;0.693830;0.611993;-0.161312
812;0.789779;0.605642;-0.010093
813;0.823500;0.570243;-0.003551
814;0.820441;0.574300;0.001199
815;0.898413;0.550927;-0.016190
816;0.756115;0.719528;-0.001669
817;0.609998;0.596866;-0.101454
818;0.258449;0.523622;-0.149407
819;-0.071180;0.595403;-0.036668
820;-0.155905;0.444357;0.034033
821;-0.179448;0.360172;-0.016015
822;-0.228222;0.220386;-0.093813
823;-0.417922;0.105065;-0.049844
824;-0.590466;0.006643;0.011467
825;-0.752133;-0.082097;0.014587
826;-0.903338;-0.227332;0.012732
827;-1.042683;-0.242173;0.016760
828;-1.083849;-0.238455;-0.021708
829;-1.084640;0.034882;-0.054575
830;-0.934393;-0.170414;-0.169946
831;-0.851448;-0.151283;-0.154130
832;-0.761715;0.254368;-0.065499
833;-0.589087;0.566222;-0.089833
834;-0.411344;0.772920;-0.221415
835;-0.137636;0.719826;-0.352975
836;0.162152;0.719713;-0.305444
837;0.425767;0.719882;-0.161152
838;0.684237;0.683562;-0.022705
839;0.810715;0.625518;0.036227
840;0.887502;0.603587;0.065769
841;0.822379;0.643574;0.010395
842;0.776029;0.626385;-0.054403
843;0.675243;0.865892;-0.012854
844;0.710808;0.548089;0.017534
845;0.578314;0.443140;-0.039134
846;0.234154;0.563213;0.005460
847;0.010704;0.568274;0.099348
848;-0.265110;0.709831;0.148127
849;-0.392005;0.458028;-0.070254
850;-0.638132;0.261371;-0.243389
851;-0.777184;0.078522;-0.242293
852;-0.801480;0.005844;-0.136638
853;-0.843189;-0.123068;-0.062399
854;-0.956676;-0.143361;-0.019043
855;-1.057695;-0.173488;-0.061017
856;-1.167796;-0.044727;-0.074841
857;-1.108639;-0.239166;-0.063589
858;-1.010053;-0.350112;0.008191
859;-0.946875;0.043555;0.016492
860;-0.747423;0.692617;-0.078323
861;-0.065811;0.956981;-0.328961
862;0.162082;0.678450;-0.521260
863;0.286493;0.573624;-0.404457
864;0.520018;0.563257;-0.144346
865;0.878992;0.639295;0.069009
866;0.870908;0.732528;0.024954
867;0.921570;0.759742;-0.174273
868;0.992623;0.740538;-0.337467
869;0.863639;0.894902;-0.091954
870;0.605410;0.643444;-0.015089
871;0.248806;0.409868;-0.130141
872;-0.150628;0.457653;-0.092276
873;-0.295189;0.282215;0.085323
874;-0.332957;0.265577;0.142637
875;-0.307431;0.165094;-0.072961
876;-0.395711;-0.019434;-0.235767
877;-0.489749;-0.108414;-0.258599
878;-0.539803;-0.090927;-0.202012
879;-0.622524;-0.146803;-0.144683
880;-0.742980;-0.178097;-0.182916
881;-0.832972;-0.093351;-0.258435
882;-0.782025;-0.006994;-0.285448
883;-0.695001;0.001424;-0.269367
884;-0.656170;-0.136269;-0.158463
885;-0.636560;-0.071582;0.011329
886;-0.643665;0.180677;0.088869
887;-0.549331;0.433795;-0.117387
888;-0.224662;0.559611;-0.343070
889;0.182976;0.544105;-0.388836
890;0.587244;0.537199;-0.276646
891;0.716843;0.522630;-0.094604
892;0.755730;0.510792;-0.016875
893;0.682093;0.529570;-0.015983
894;0.723953;0.495657;-0.076652
895;0.705590;0.731875;-0.050994
896;0.754068;0.478851;-0.126137
897;0.659064;0.292437;-0.269885
898;0.234110;0.479868;-0.124721
899;-0.022667;0.472243;0.060919
900;-0.049657;0.376992;0.057630
901;-0.073968;0.281315;-0.094168
902;-0.202455;0.053946;-0.129002
903;-0.420955;-0.013944;0.005839
904;-0.496945;-0.052950;0.097490
905;-0.664010;-0.072779;0.103376
906;-0.931032;-0.103006;0.048021
907;-1.130524;-0.123361;-0.071502
908;-1.213975;0.024600;-0.193929
909;-1.018419;-0.176420;-0.265414
910;-0.798921;-0.145916;-0.221053
911;-0.625294;0.185288;-0.104521
912;-0.474033;0.425625;-0.103446
913;-0.214746;0.575523;-0.218119
914;0.170127;0.456997;-0.325981
915;0.277636;0.503931;-0.194541
916;0.506199;0.523293;0.026120
917;0.730812;0.515001;0.171581
918;0.731061;0.476898;0.130941
919;0.821324;0.523383;0.075432
920;0.833528;0.444087;0.029802
921;0.706927;0.756859;0.115463
922;0.703470;0.565443;-0.049773
923;0.414282;0.470704;-0.147083
924;0.082183;0.393066;-0.084725
925;0.004283;0.272248;-0.035673
926;-0.026806;0.233547;0.020821
927;-0.057095;0.111277;-0.005574
928;-0.269980;0.064677;-0.048208
929;-0.439315;0.009943;-0.072666
930;-0.583467;-0.004932;-0.112552
931;-0.761133;-0.054475;-0.108685
932;-0.857568;-0.162090;-0.057373
933;-0.950597;-0.209672;-0.018751
934;-0.979805;-0.039202;-0.031057
935;-0.888341;-0.018107;-0.148064
936;-0.784864;-0.183217;-0.291469
937;-0.744214;0.106592;-0.243889
938;-0.577357;0.359100;-0.180116
939;-0.405441;0.473813;-0.220605
940;-0.208869;0.498102;-0.256330
941;0.067671;0.654321;-0.210739
942;0.475453;0.666734;-0.143710
943;0.744387;0.724907;-0.095563
944;0.818951;0.676013;-0.085167
945;0.892420;0.704978;0.016592
946;0.902820;0.594684;0.051986
947;0.933618;0.640349;0.079849
948;0.760726;0.705472;0.083117
949;0.612507;0.617633;-0.043180
950;0.329438;0.630687;-0.170981
951;0.021413;0.634617;-0.146941
952;-0.171456;0.534185;-0.038116
953;-0.265353;0.425011;0.013644
954;-0.334435;0.253847;-0.017435
955;-0.524146;0.165732;-0.091888
956;-0.705097;0.167165;-0.116981
957;-0.888934;0.080988;-0.137688
958;-1.122840;-0.013588;-0.213142
959;-1.314914;-0.125268;-0.255152
960;-1.430934;-0.075041;-0.251261
961;-1.183895;-0.045853;-0.222927
962;-0.851473;-0.213797;-0.244864
963;-0.815931;0.085481;-0.180757
964;-0.708054;0.491962;-0.224346
965;-0.597248;0.887611;-0.395444
966;-0.118830;1.013114;-0.542845
967;0.367649;0.976672;-0.566364
968;0.586063;0.812099;-0.229171
969;0.679715;0.728956;0.133454
970;0.646467;0.614784;0.388810
971;0.669561;0.577493;0.607170
972;0.667117;0.540884;0.648606
973;0.662768;0.517810;0.634871
974;0.608611;0.663697;0.687118
975;0.810790;0.490367;0.584884
976;0.545233;0.567217;0.336503
977;0.129634;0.708866;0.078610
978;-0.044439;0.587321;-0.061430
979;-0.086457;0.514768;-0.082635
980;-0.124679;0.393139;-0.143473
981;-0.321571;0.297325;-0.226638
982;-0.522789;0.248586;-0.330135
983;-0.658480;0.140500;-0.409376
984;-0.786482;0.043633;-0.396729
985;-0.936418;0.028249;-0.402701
986;-1.115370;-0.015109;-0.465467
987;-1.272642;0.103206;-0.498991
988;-1.006829;-0.104258;-0.455126
989;-0.819657;-0.276767;-0.365878
990;-0.848923;0.033517;-0.176144
991;-0.757170;0.388443;-0.065228
992;-0.657526;0.761546;-0.128681
993;-0.437898;0.846247;-0.317849
994;-0.109557;0.927321;-0.335739
995;0.249505;0.998435;-0.242405
996;0.586513;0.902459;-0.117550
997;0.880221;0.859831;0.040824
998;0.967685;0.732101;0.168179
999;1.056216;0.808325;0.211578
1000;1.053712;0.798706;0.123845
1001;1.069671;0.955022;0.142298
1002;0.971624;0.751942;-0.051763
1003;0.539845;0.729127;-0.171187
1004;0.044360;0.811959;-0.096333
1005;-0.092679;0.678699;0.066644
1006;-0.155833;0.673638;0.137102
1007;-0.305593;0.531469;0.021147
1008;-0.629058;0.406964;-0.115075
1009;-0.840078;0.264049;-0.238739
1010;-0.966398;0.203187;-0.261019
1011;-1.093796;0.029190;-0.243538
1012;-1.297086;-0.093421;-0.261062
1013;-1.374087;-0.151226;-0.295343
1014;-1.373889;-0.027401;-0.272894
1015;-1.191894;-0.195059;-0.315318
1016;-0.938524;-0.136878;-0.226961
1017;-0.897937;0.394398;-0.115486
1018;-0.801965;0.815703;-0.193512
1019;-0.482623;0.997742;-0.351312
1020;0.234469;1.063020;-0.312953
1021;0.813129;0.909046;0.036284
1022;0.552815;0.655226;0.204232
1023;0.442738;0.598745;0.152531
1024;0.675240;0.612261;0.130008
1025;0.932196;0.642916;0.167130
1026;1.114953;0.657296;0.178307
1027;1.107877;0.735399;0.132289
1028;0.899463;0.810944;0.085730
1029;0.786318;0.605461;-0.119962
1030;0.295032;0.640980;-0.204958
1031;-0.067902;0.648418;-0.096080
1032;-0.184476;0.582883;0.069914
1033;-0.318085;0.549653;0.062733
1034;-0.435722;0.363491;-0.097826
1035;-0.627014;0.239920;-0.149779
1036;-0.723538;0.131499;-0.145976
1037;-0.843370;0.046715;-0.087482
1038;-1.008605;-0.131899;-0.098998
1039;-1.196652;-0.154930;-0.161579
1040;-1.359408;-0.068078;-0.333092
1041;-1.419132;-0.106313;-0.490067
1042;-1.026797;-0.204300;-0.422023
1043;-0.795008;0.153290;-0.184678
1044;-0.667490;0.514080;-0.135670
1045;-0.648788;0.836800;-0.278612
1046;-0.430466;0.917798;-0.370425
1047;-0.043051;1.015004;-0.306762
1048;0.310902;0.899594;-0.185082
1049;0.478893;0.862084;-0.100265
1050;0.703078;0.864339;-0.084789
1051;0.969976;0.798610;0.005651
1052;1.182916;0.739204;0.087616
1053;1.084141;0.743447;-0.031648
1054;0.992247;0.994945;-0.061963
1055;0.948797;0.799938;-0.201086
1056;0.578093;0.706631;-0.320477
1057;0.038871;0.883817;-0.175151
1058;-0.151376;0.734162;0.078724
1059;-0.273878;0.701848;0.170416
1060;-0.426145;0.477975;-0.015826
1061;-0.650195;0.314401;-0.124139
1062;-0.838235;0.256661;-0.050632
1063;-0.926908;0.087600;-0.071008
1064;-1.050617;-0.073890;-0.118596
1065;-1.182649;-0.222154;-0.157400
1066;-1.285888;-0.238076;-0.198910
1067;-1.297625;-0.020380;-0.140699
1068;-1.103273;-0.096308;-0.157845
1069;-0.923650;-0.150258;-0.151050
1070;-0.846213;0.258352;-0.105328
1071;-0.669405;0.739320;-0.169025
1072;-0.430442;0.946760;-0.388827
1073;0.022149;1.020764;-0.444080
1074;0.498791;1.053617;-0.316792
1075;0.868968;0.773539;-0.147337
1076;0.860759;0.668257;0.006370
1077;0.795879;0.568845;0.136344
1078;0.876067;0.616603;0.183761
1079;0.993144;0.622454;0.089570
1080;0.979638;0.702943;-0.040838
1081;0.664701;0.867566;-0.065387
1082;0.485610;0.632671;-0.131016
1083;0.177985;0.641023;-0.135978
1084;-0.101629;0.568772;-0.010892
1085;-0.267064;0.469438;0.101266
1086;-0.295460;0.389413;0.018979
1087;-0.378430;0.251443;-0.173190
1088;-0.584592;0.170252;-0.262171
1089;-0.719029;0.028441;-0.282408
1090;-0.818985;-0.096899;-0.212094
1091;-0.945298;-0.167631;-0.137254
1092;-1.033327;-0.191026;-0.126041
1093;-1.100551;-0.079862;-0.159854
1094;-1.049109;-0.123924;-0.202950
1095;-0.923314;-0.269670;-0.230351
1096;-0.800762;-0.049053;-0.100528
1097;-0.683800;0.363648;0.037879
1098;-0.588508;0.717890;-0.050709
1099;-0.358949;0.744095;-0.299518
1100;0.069338;0.690464;-0.358218
1101;0.474010;0.699804;-0.198154
1102;0.680565;0.651210;-0.028584
1103;0.842837;0.651492;0.105100
1104;0.898724;0.606127;0.160361
1105;0.851272;0.615486;0.074038
1106;0.872349;0.625941;-0.018218
1107;0.870636;0.757871;-0.014678
1108;0.812839;0.589599;-0.099479
1109;0.511996;0.545551;-0.162517
1110;0.128539;0.693253;-0.094992
1111;-0.065095;0.551729;-0.009744
1112;-0.234624;0.514519;0.051610
1113;-0.247741;0.325724;-0.064743
1114;-0.411616;0.192837;-0.127512
1115;-0.630516;0.141788;-0.122677
1116;-0.635361;0.114027;-0.077553
1117;-0.782133;0.064033;-0.070787
1118;-1.020406;-0.035522;-0.144520
1119;-1.208452;-0.110973;-0.216170
1120;-1.349144;0.006963;-0.313554
1121;-1.102425;-0.117493;-0.359043
1122;-0.864784;-0.137107;-0.249420
1123;-0.731496;0.097852;-0.093249
1124;-0.703507;0.430850;-0.072056
1125;-0.532400;0.762604;-0.255327
1126;-0.117464;0.839417;-0.482753
1127;0.331586;0.700823;-0.595267
1128;0.407529;0.710581;-0.445855
1129;0.748159;0.761932;-0.105146
1130;0.998367;0.665001;0.073313
1131;1.077101;0.624492;0.016790
1132;1.002946;0.669984;-0.080560
1133;0.988898;0.819702;-0.112890
1134;0.989330;0.669479;-0.190116
1135;0.619493;0.552133;-0.256732
1136;0.142240;0.687612;-0.156443
1137;-0.054929;0.551278;-0.025129
1138;-0.174877;0.560949;0.039174
1139;-0.247184;0.455791;-0.079389
1140;-0.559113;0.339540;-0.174263
1141;-0.786474;0.150999;-0.125220
1142;-0.925590;0.085789;-0.023930
1143;-1.024365;-0.010930;0.058783
1144;-1.114390;-0.137291;0.082340
1145;-1.208502;-0.144642;0.127778
1146;-1.265651;0.034072;0.238307
1147;-1.133263;-0.044873;0.159426
1148;-0.985288;-0.174669;-0.017373
1149;-0.888905;0.217580;-0.029177
1150;-0.610387;0.659158;-0.129044
1151;-0.288585;1.027620;-0.321044
1152;0.157201;0.937897;-0.586036
1153;0.553219;0.936044;-0.537933
1154;0.681048;0.618163;-0.422935
1155;0.840102;0.481852;-0.263216
1156;0.858559;0.465897;-0.066598
1157;0.789519;0.378579;0.017786
1158;0.687242;0.478624;0.030696
1159;0.698404;0.507941;-0.003234
1160;0.630491;0.721108;-0.006283
1161;0.545124;0.553329;-0.123564
1162;0.369216;0.332870;-0.226904
1163;-0.014660;0.394429;-0.044869
1164;-0.185940;0.262537;0.184741
1165;-0.212916;0.188575;0.222232
1166;-0.191142;0.201977;0.028458
1167;-0.240498;0.104298;-0.155825
1168;-0.395097;0.021439;-0.224880
1169;-0.543013;-0.046236;-0.185045
1170;-0.698626;-0.099408;-0.105208
1171;-0.886803;-0.151310;-0.069676
1172;-1.007409;-0.096456;-0.114870
1173;-1.121031;0.189303;-0.160767
1174;-0.898296;-0.171860;-0.288179
1175;-0.789486;-0.233120;-0.167764
1176;-0.704918;0.132734;-0.003411
1177;-0.516467;0.426747;-0.051726
1178;-0.346701;0.615290;-0.212451
1179;-0.040086;0.629007;-0.319970
1180;0.272782;0.657270;-0.236504
1181;0.565505;0.571250;-0.136318
1182;0.736037;0.566947;0.005924
1183;0.826770;0.515550;0.100432
1184;0.901021;0.543431;0.143339
1185;0.805148;0.515870;0.048020
1186;0.759609;0.625748;0.003988
1187;0.634213;0.760247;0.007901
1188;0.548859;0.475358;-0.204993
1189;0.094740;0.515063;-0.192205
1190;-0.110811;0.363676;0.013166
1191;-0.219397;0.241356;0.181268
1192;-0.181710;0.145997;0.103058
1193;-0.184206;0.053381;-0.088679
1194;-0.344378;-0.011577;-0.133425
1195;-0.482071;-0.038467;-0.085356
1196;-0.580094;-0.113838;-0.087497
1197;-0.791427;-0.126724;-0.106607
1198;-0.935613;-0.122306;-0.184026
1199;-1.037088;0.135776;-0.188112
1200;-0.877479;-0.061046;-0.256249
1201;-0.737086;-0.301545;-0.169028
1202;-0.700264;-0.040248;0.010846
1203;-0.515809;0.212808;-0.007040
1204;-0.385711;0.456095;-0.169560
1205;-0.172420;0.612133;-0.295633
1206;0.225470;0.507476;-0.257107
1207;0.400982;0.525544;-0.102604
1208;0.585543;0.414568;0.048395
1209;0.742229;0.446743;0.163188
1210;0.796430;0.448148;0.182634
1211;0.821396;0.571415;0.153116
1212;0.895638;0.625131;0.089582
1213;0.682554;0.830466;0.060370
1214;0.690039;0.613438;-0.073506
1215;0.465853;0.434229;-0.216797
1216;0.052546;0.520455;-0.131827
1217;-0.063108;0.392743;-0.017190
1218;-0.105505;0.422140;0.019188
1219;-0.173029;0.333545;-0.131617
1220;-0.478942;0.304516;-0.288510
1221;-0.765153;0.164704;-0.441557
1222;-0.873426;0.002111;-0.504020
1223;-0.945740;-0.106610;-0.541043
1224;-1.038771;-0.158857;-0.595593
1225;-0.987195;-0.089045;-0.607073
1226;-0.967861;0.200374;-0.527598
1227;-0.808513;-0.081661;-0.549449
1228;-0.855623;0.043981;-0.391826
1229;-0.726909;0.368322;-0.169097
1230;-0.584636;0.752709;-0.080169
1231;-0.300631;0.909960;-0.069354
1232;0.187816;0.942262;0.051273
1233;0.595252;0.770871;0.200759
1234;0.689197;0.623609;0.139291
1235;0.824194;0.672196;0.160200
1236;0.854613;0.642092;0.277485
1237;0.981665;0.680497;0.334779
1238;1.000170;0.732086;0.245820
1239;0.835889;0.851323;0.156380
1240;0.755105;0.709641;-0.007576
1241;0.394945;0.753499;-0.102688
1242;0.037332;0.763271;-0.103937
1243;-0.077514;0.647848;-0.044506
1244;-0.259815;0.580295;0.022219
1245;-0.472709;0.359983;-0.024503
1246;-0.719159;0.279142;-0.111596
1247;-0.807279;0.171825;-0.245211
1248;-0.879364;0.008180;-0.267571
1249;-1.059644;-0.095355;-0.176032
1250;-1.165421;-0.248479;-0.121373
1251;-1.278333;-0.291040;-0.170425
1252;-1.324022;-0.057136;-0.267676
1253;-1.052609;-0.090641;-0.341637
1254;-0.870167;-0.001190;-0.358148
1255;-0.783592;0.339051;-0.245882
1256;-0.794652;0.848245;-0.140934
1257;-0.543610;1.090440;-0.189181
1258;-0.134598;1.147386;-0.244754
1259;0.443523;1.090019;-0.239429
1260;0.872874;0.798351;-0.300094
1261;1.045761;0.765828;-0.282573
1262;1.025517;0.696129;-0.243239
1263;0.883850;0.665943;-0.202120
1264;0.922573;0.736650;-0.135936
1265;0.819276;0.865250;-0.139198
1266;0.669768;0.809556;-0.234270
1267;0.492125;0.587178;-0.342056
1268;0.014349;0.693880;-0.257134
1269;-0.261876;0.562046;-0.047707
1270;-0.367851;0.541920;0.133609
1271;-0.328940;0.383845;0.086786
1272;-0.472814;0.165502;-0.081330
1273;-0.708474;0.096129;-0.111161
1274;-0.762629;-0.031413;-0.039778
1275;-0.845503;-0.174107;0.048905
1276;-1.023699;-0.216457;0.121022
1277;-1.149879;-0.231512;0.178866
1278;-1.173707;-0.188899;0.122985
1279;-1.160999;-0.033065;-0.005475
1280;-0.935547;-0.271324;-0.220613
1281;-0.901403;0.109404;-0.220505
1282;-0.751382;0.568783;-0.142134
1283;-0.587033;0.987644;-0.158114
1284;-0.266687;1.029234;-0.322214
1285;0.123680;0.961107;-0.401385
1286;0.551689;0.801492;-0.359894
1287;0.950282;0.702476;-0.093313
1288;1.116186;0.651283;0.098498
1289;0.905481;0.662368;0.037306
1290;0.956258;0.754836;0.029137
1291;1.030295;0.728624;0.076513
1292;0.931876;0.932649;0.117170
1293;0.759585;0.772968;-0.071104
1294;0.332836;0.661412;-0.219439
1295;-0.111132;0.776998;-0.131176
1296;-0.364016;0.631306;0.024164
1297;-0.524897;0.528983;0.062516
1298;-0.564472;0.290683;-0.092904
1299;-0.745246;0.087372;-0.244713
1300;-0.852805;-0.056002;-0.328077
1301;-0.851112;-0.114422;-0.295501
1302;-0.903674;-0.197676;-0.303863
1303;-0.972248;-0.197597;-0.341930
1304;-1.030298;-0.177656;-0.393609
1305;-1.122849;0.014463;-0.375355
1306;-0.919839;-0.251455;-0.389196
1307;-0.920045;0.059688;-0.263019
1308;-0.772949;0.497689;-0.173903
1309;-0.562922;0.896860;-0.184833
1310;-0.294946;1.024065;-0.307175
1311;0.220043;0.922399;-0.292607
1312;0.651872;0.910083;-0.127841
1313;0.777228;0.638247;-0.049251
1314;0.908328;0.731903;-0.011561
1315;0.933924;0.581383;-0.131405
1316;1.147347;0.709285;-0.005970
1317;1.092255;0.723543;0.048259
1318;1.008458;0.853646;0.047031
1319;0.783399;0.659038;-0.168793
1320;0.278499;0.658988;-0.227186
1321;-0.038266;0.786318;-0.081940
1322;-0.170120;0.644254;0.011129
1323;-0.348365;0.627677;-0.004421
1324;-0.530587;0.384570;-0.085972
1325;-0.743068;0.214472;-0.173220
1326;-0.914718;0.075351;-0.276945
1327;-0.960890;-0.031439;-0.293994
1328;-1.029124;-0.118678;-0.289976
1329;-1.098592;-0.116713;-0.225260
1330;-1.130646;-0.024423;-0.144579
1331;-1.143262;-0.079324;-0.170205
1332;-1.007406;-0.307615;-0.289696
1333;-0.920894;-0.010603;-0.203874
1334;-0.726207;0.367294;-0.149814
1335;-0.661970;0.887225;-0.210036
1336;-0.464504;1.067424;-0.330449
1337;-0.001721;1.064849;-0.289026
1338;0.506964;1.030556;-0.209830
1339;0.828215;0.835950;-0.074653
1340;0.897210;0.718111;0.045778
1341;0.967051;0.739462;0.150398
1342;1.065117;0.731970;0.107917
1343;1.115524;0.689412;-0.016940
1344;1.021945;0.884283;0.015784
1345;0.885484;0.636213;-0.141030
1346;0.339681;0.670937;-0.169719
1347;0.024885;0.738418;-0.004405
1348;-0.070484;0.638547;0.121650
1349;-0.270078;0.605549;0.047459
1350;-0.396029;0.411916;-0.180799
1351;-0.571683;0.268887;-0.230184
1352;-0.706771;0.181698;-0.173843
1353;-0.825938;0.082215;-0.202872
1354;-0.965358;-0.017766;-0.237497
1355;-1.091665;-0.083691;-0.275523
1356;-1.274363;-0.002438;-0.292482
1357;-1.208672;-0.124663;-0.305078
1358;-0.913967;-0.318677;-0.311108
1359;-0.784452;-0.155316;-0.165127
1360;-0.691363;0.144668;-0.092493
1361;-0.698783;0.544971;-0.168292
1362;-0.461991;0.734090;-0.304161
1363;-0.168447;0.796498;-0.357413
1364;0.066609;0.792757;-0.285645
1365;0.349922;0.866600;-0.184044
1366;0.747315;0.814712;-0.059549
1367;0.937681;0.812345;0.099248
1368;0.967398;0.717420;0.081496
1369;0.949882;0.780989;0.108093
1370;1.011624;0.686349;0.050925
1371;1.004363;0.635732;-0.025151
1372;0.564922;0.773809;-0.004179
1373;0.257190;0.687340;0.002433
1374;0.130393;0.600370;0.038243
1375;-0.006299;0.504523;0.042841
1376;-0.279231;0.473420;0.016054
1377;-0.376571;0.313792;-0.121812
1378;-0.623965;0.312121;-0.164731
1379;-0.779120;0.185741;-0.198220
1380;-0.988157;0.074129;-0.234679
1381;-1.110333;-0.032922;-0.320780
1382;-1.151165;-0.047249;-0.403905
1383;-1.010011;-0.159881;-0.404918
1384;-0.874894;-0.361307;-0.364710
1385;-0.901398;-0.187931;-0.227547
1386;-0.836841;0.028599;-0.205941
1387;-0.817626;0.391677;-0.262541
1388;-0.607344;0.560136;-0.343710
1389;-0.300377;0.646182;-0.321870
1390;-0.002651;0.765559;-0.185742
1391;0.429448;0.835896;-0.094109
1392;0.717229;0.829155;0.032576
1393;0.759143;0.808473;0.098438
1394;0.928007;0.807043;0.027041
1395;0.985293;0.848263;-0.092254
1396;1.222508;0.829304;0.006494
1397;0.971899;0.596328;-0.173230
1398;0.399101;0.691287;-0.107892
1399;0.162456;0.557952;0.056397
1400;0.074143;0.478376;0.106095
1401;0.017887;0.428021;-0.002960
1402;-0.128702;0.317202;-0.129126
1403;-0.325959;0.210696;-0.191293
1404;-0.453021;0.178995;-0.182018
1405;-0.569758;0.169767;-0.139939
1406;-0.882850;0.151384;-0.137762
1407;-1.234590;-0.042262;-0.146904
1408;-1.411655;-0.223694;-0.321952
1409;-1.359372;-0.078422;-0.406144
1410;-0.842353;-0.255652;-0.319234
1411;-0.722926;-0.169923;-0.132364
1412;-0.755515;0.092804;-0.067852
1413;-0.685622;0.451971;-0.160538
1414;-0.506303;0.604239;-0.403461
1415;-0.226409;0.668816;-0.484338
1416;0.112041;0.725905;-0.387251
1417;0.360559;0.712907;-0.269853
1418;0.634719;0.649693;-0.120640
1419;0.807879;0.645734;0.021460
1420;0.834816;0.594716;0.050268
1421;0.835418;0.649670;-0.023054
1422;0.881549;0.870263;0.031317
1423;1.152743;0.665195;-0.026528
1424;0.868045;0.581487;-0.097203
1425;0.370482;0.694046;-0.052906
1426;0.082902;0.550105;-0.013894
1427;0.023584;0.545377;0.036705
1428;-0.064709;0.466377;-0.041783
1429;-0.347402;0.380582;-0.129610
1430;-0.551501;0.309455;-0.195655
1431;-0.710661;0.227062;-0.227982
1432;-0.905225;0.090259;-0.232424
1433;-1.089191;0.007141;-0.264911
1434;-1.192190;-0.112327;-0.328916
1435;-1.257467;-0.048051;-0.377410
1436;-1.100695;-0.164358;-0.387690
1437;-0.911769;-0.351164;-0.382185
1438;-0.858877;-0.006712;-0.232359
1439;-0.699574;0.252716;-0.171448
1440;-0.729768;0.644745;-0.197091
1441;-0.475177;0.748884;-0.255038
1442;-0.159556;0.890761;-0.209903
1443;0.149628;0.804499;-0.202407
1444;0.469906;0.914785;-0.168399
1445;0.816917;0.798398;-0.049489
1446;1.041669;0.724686;0.122560
1447;0.878567;0.790997;0.091849
1448;1.002087;0.704263;0.015404
1449;1.001114;0.849697;0.080360
1450;0.987711;0.659240;0.039398
1451;0.615043;0.635075;-0.038179
1452;0.192005;0.730760;-0.028693
1453;-0.021224;0.584505;-0.008918
1454;-0.094063;0.526237;0.022053
1455;-0.121509;0.449223;-0.064573
1456;-0.346893;0.320986;-0.148370
1457;-0.567970;0.259982;-0.176917
1458;-0.639273;0.210396;-0.190225
1459;-0.815564;0.086938;-0.179454
1460;-1.018040;0.001083;-0.203091
1461;-1.151913;-0.122506;-0.273024
1462;-1.257711;-0.054648;-0.377069
1463;-1.090580;-0.215160;-0.434816
1464;-0.900106;-0.321743;-0.355546
1465;-0.862429;-0.026627;-0.169547
1466;-0.789284;0.259777;-0.121254
1467;-0.742755;0.580587;-0.215397
1468;-0.509691;0.771919;-0.333183
1469;-0.178853;0.846769;-0.335397
1470;0.105335;0.903264;-0.278307
1471;0.530553;0.895828;-0.169596
1472;0.918002;0.769522;0.006495
1473;0.863567;0.651042;0.061453
1474;0.744331;0.686000;0.061481
1475;0.732941;0.596655;0.010746
1476;0.733174;0.786157;0.052764
1477;0.888868;0.577533;-0.006838
1478;0.768026;0.525924;-0.098443
1479;0.377465;0.643744;0.007673
1480;0.184209;0.565358;0.056928
1481;0.066556;0.556463;0.064463
1482;0.011353;0.418542;-0.015893
1483;-0.213410;0.372218;-0.039627
1484;-0.406850;0.332031;-0.109459
1485;-0.524274;0.346768;-0.256097
1486;-0.678901;0.207319;-0.398514
1487;-0.841824;0.101062;-0.473221
1488;-0.910908;0.032428;-0.485215
1489;-0.990648;-0.095107;-0.496718
1490;-1.076362;0.016910;-0.532333
1491;-0.847945;-0.262871;-0.577079
1492;-0.796391;-0.307968;-0.492696
1493;-0.788625;0.052850;-0.302508
1494;-0.726911;0.367909;-0.223945
1495;-0.683296;0.631289;-0.250506
1496;-0.386369;0.747116;-0.211184
1497;-0.043163;0.853852;-0.070866
1498;0.239423;0.805542;0.057176
1499;0.555823;0.773678;0.129619
1500;0.765845;0.711605;0.155841
1501;0.877677;0.700626;0.201014
1502;0.963277;0.659356;0.215226
1503;0.987013;0.613747;0.185813
1504;0.964543;0.758352;0.304508
1505;0.962647;0.592541;0.135702
1506;0.524933;0.710243;0.023506
1507;0.218770;0.704806;0.014410
1508;0.064414;0.604500;0.005098
1509;-0.024492;0.517704;-0.013796
1510;-0.181572;0.464120;-0.070951
1511;-0.431746;0.420372;-0.126779
1512;-0.605481;0.358167;-0.229154
1513;-0.783841;0.253313;-0.337535
1514;-0.936156;0.071384;-0.361555
1515;-1.076542;-0.005988;-0.348706
1516;-1.181375;-0.097543;-0.343857
1517;-1.229719;-0.030732;-0.316193
1518;-1.026656;-0.222305;-0.309172
1519;-0.930881;-0.331947;-0.279078
1520;-0.934478;0.033158;-0.143476
1521;-0.819437;0.356482;-0.120489
1522;-0.741682;0.789077;-0.229191
1523;-0.361041;0.911403;-0.343615
1524;0.146531;0.904558;-0.315565
1525;0.444245;0.834795;-0.224428
1526;0.532382;0.765284;-0.105917
1527;0.670905;0.720151;0.023772
1528;0.702806;0.616516;0.137043
1529;0.797976;0.554758;0.153909
1530;0.823340;0.547289;0.084784
1531;0.841086;0.654682;0.122604
1532;0.912053;0.538867;0.110085
1533;0.716335;0.521189;0.008494
1534;0.325958;0.589327;0.036883
1535;0.158583;0.562731;0.065358
1536;0.080909;0.473734;0.018185
1537;-0.014541;0.380025;-0.030883
1538;-0.271203;0.301407;-0.059899
1539;-0.406367;0.127372;-0.132402
1540;-0.621654;0.107089;-0.178559
1541;-0.797382;-0.123176;-0.283202
1542;-0.872462;-0.060448;-0.247112
1543;-0.754810;-0.030585;-0.223330
1544;-0.780336;0.028907;-0.284861
1545;-0.800535;-0.003127;-0.294662
1546;-0.744697;-0.325300;-0.333060
1547;-0.749192;-0.356575;-0.310498
1548;-0.625602;-0.058580;-0.171778
1549;-0.502763;0.225026;-0.141585
1550;-0.375852;0.472438;-0.205548
1551;-0.059531;0.464863;-0.250020
1552;0.249741;0.444900;-0.185987
1553;0.336617;0.478158;-0.083670
1554;0.426677;0.453491;0.003052
1555;0.553846;0.470998;0.093862
1556;0.632700;0.349457;0.080533
1557;0.715717;0.418871;0.111041
1558;0.649551;0.441368;0.106959
1559;0.582517;0.624042;0.088108
1560;0.734276;0.338291;-0.073238
1561;0.421518;0.366031;-0.087504
1562;0.184964;0.359043;-0.029488
1563;0.088678;0.322682;0.021260
1564;0.011325;0.226838;0.017296
1565;-0.098555;0.148607;-0.034670
1566;-0.239129;0.081884;-0.039448
1567;-0.399847;0.037197;-0.068132
1568;-0.517098;-0.045421;-0.129688
1569;-0.601840;-0.119476;-0.116301
1570;-0.692247;-0.137369;-0.068166
1571;-0.743725;-0.151512;-0.056261
1572;-0.766491;-0.032871;-0.036788
1573;-0.786024;0.007637;-0.072431
1574;-0.742692;-0.123582;-0.143733
1575;-0.514854;-0.175147;-0.182606
1576;-0.240228;-0.131307;-0.104189
1577;-0.029243;0.060818;0.036103
1578;0.007469;0.309907;0.079057
1579;0.091041;0.373109;-0.095286
1580;0.206751;0.347530;-0.257167
1581;0.372505;0.273195;-0.222636
1582;0.343989;0.221193;-0.095582
1583;0.247310;0.216236;-0.024066
1584;0.266505;0.247705;0.032840
1585;0.376618;0.232233;0.062737
1586;0.386320;0.254604;0.032597
1587;0.400532;0.228587;-0.039368
1588;0.451437;0.207085;-0.032152
1589;0.469476;0.177602;0.042173
1590;0.431876;0.183557;0.095631
1591;0.283683;0.291916;0.098192
1592;0.165910;0.417086;0.038756
1593;0.208003;0.236660;-0.096608
1594;-0.003806;0.243328;-0.160785
1595;-0.101531;0.160670;-0.131587
1596;-0.244967;0.105085;-0.062338
1597;-0.422839;0.035973;-0.049201
1598;-0.480793;-0.082281;-0.064657
1599;-0.526294;-0.189847;-0.110504
1600;-0.580860;-0.196430;-0.180469
1601;-0.592197;-0.178206;-0.188308
1602;-0.496396;-0.192305;-0.161990
1603;-0.378345;-0.062680;-0.102635
1604;-0.239613;-0.089640;-0.097313
1605;-0.146329;-0.059218;-0.064814
1606;-0.103551;-0.049046;-0.032533
1607;-0.084116;0.019016;-0.009604
1608;-0.031688;0.048637;-0.007033
1609;0.004632;0.109626;-0.008764
1610;0.053597;0.048986;-0.041877
1611;0.122301;0.139175;0.031699
1612;0.242000;0.091124;0.063937
1613;0.248630;0.162454;0.100443
1614;0.240922;0.131805;0.087907
1615;0.280488;0.129957;0.050610
1616;0.209367;0.099665;0.002999
1617;0.132112;0.064233;-0.014383
1618;0.094491;0.079537;-0.005485
1619;0.071361;0.076867;-0.010569
1620;0.046866;0.065556;-0.031505
1621;0.048501;0.049537;-0.012914
1622;0.075605;0.028417;0.028133
1623;0.047913;0.004457;0.020140
1624;0.012988;-0.011682;0.016899
1625;-0.002709;-0.011533;0.027447
1626;-0.008143;0.005047;-0.027464
1627;0.002057;0.011514;-0.052852
1628;-0.035053;-0.013285;-0.054789
1629;-0.028903;-0.012496;-0.033474
1630;-0.022252;-0.011191;-0.021330
1631;-0.015944;-0.013967;-0.034851
1632;-0.014969;-0.005445;-0.042817
1633;-0.015037;-0.012850;-0.043172
1634;-0.012308;-0.005854;-0.045538
1635;0.007035;-0.010945;-0.039683
1636;-0.003700;-0.010535;-0.016503
1637;0.001928;-0.018726;-0.011471
1638;0.011091;-0.000217;-0.007218
1639;0.023116;0.008612;0.000476
1640;0.035180;0.016126;-0.006581
1641;0.026148;0.007266;-0.019276
1642;0.024485;0.001577;-0.008723
1643;0.027153;0.010889;-0.004215
1644;0.019948;0.013208;0.001624
1645;0.022258;0.002694;-0.003196
1646;0.029877;0.002588;0.000535
1647;0.022158;0.000600;0.009457
1648;0.022849;0.009093;-0.009256
1649;0.022666;-0.001927;-0.014502
1650;-0.001044;0.002252;-0.018264
1651;0.000746;-0.008415;-0.021474
1652;-0.012573;-0.006940;-0.011556
1653;-0.002378;-0.007236;-0.015057
1654;0.003882;-0.004744;-0.027655
1655;0.000611;-0.002908;0.003813
1656;0.014630;-0.015045;0.011731
1657;0.016899;0.007392;0.010883
1658;0.017753;0.002409;-0.008787
1659;0.028692;-0.000454;-0.014243
1660;0.013581;-0.004180;-0.005338
1661;-0.006721;-0.010877;-0.009289
1662;-0.001896;0.007974;-0.005126
1663;-0.001353;-0.008167;-0.002579
1664;-0.014415;-0.007621;-0.001242
1665;-0.004182;-0.012286;-0.014353
1666;0.008097;-0.001958;-0.013996
1667;-0.017103;-0.000113;-0.015888
1668;0.016549;-0.007157;-0.026858
1669;0.015659;-0.001408;-0.014548
1670;0.013109;-0.012921;-0.007624
1671;-0.000260;0.034986;0.018302
1672;0.024457;-0.015992;-0.026757
1673;0.021193;-0.005623;-0.040437
1674;0.041259;-0.007140;-0.020410
1675;0.036232;-0.024564;0.042286