index;x;y;z
0;-0.015207;-0.029590;0.066374
1;-0.056866;-0.000247;-0.019242
2;0.019060;-0.016834;-0.018335
3;0.040367;0.014966;0.002305
4;-0.006113;0.009808;-0.052124
5;-0.016968;-0.002290;-0.013129
6;-0.008302;0.025044;-0.011910
7;-0.009474;-0.023798;-0.043037
8;-0.039082;-0.023645;-0.011755
9;0.023599;0.029147;0.031884
10;0.015201;-0.005107;0.026745
11;-0.014625;0.007246;0.010361
12;0.026106;0.013382;0.006749
13;0.022939;-0.020166;0.038442
14;0.034509;-0.007126;0.030843
15;-0.007195;0.000579;0.003816
16;-0.034212;-0.016698;-0.044149
17;-0.030294;-0.001152;-0.014587
18;0.009891;-0.027298;-0.003291
19;0.016165;-0.012394;0.013886
20;0.001012;-0.016857;0.013037
21;0.006221;-0.014350;-0.003386
22;0.009490;-0.004394;-0.039297
23;-0.007409;-0.005638;-0.034472
24;0.007252;-0.013232;-0.013875
25;-0.002652;-0.013929;-0.005357
26;-0.008936;-0.002420;0.002305
27;0.017248;0.011110;-0.005212
28;0.033359;0.017956;-0.005670
29;0.021068;-0.004225;-0.034667
30;-0.007452;0.000408;0.016757
31;-0.000972;-0.012772;0.058042
32;-0.005346;-0.014956;0.036779
33;-0.001248;0.004365;-0.005075
34;0.022848;0.003174;0.022719
35;0.029882;-0.002313;0.040200
36;0.014335;0.011775;0.018799
37;0.002691;-0.002201;0.004702
38;-0.039003;-0.018212;-0.030779
39;0.011581;-0.016198;-0.020537
40;0.003068;-0.004524;-0.044453
41;-0.008162;0.012207;-0.015241
42;-0.018066;-0.001170;-0.000577
43;-0.015256;-0.005721;0.000075
44;-0.010323;-0.013651;0.023796
45;0.000032;0.004226;0.044193
46;0.051890;0.071072;0.090551
47;0.020245;0.013954;0.004409
48;-0.041734;-0.101235;-0.132670
49;-0.028294;-0.118690;-0.066488
50;-0.036433;0.006141;0.035070
51;0.044923;0.061406;0.091767
52;0.095663;0.072894;0.037354
53;0.032291;0.034779;-0.082068
54;0.014466;-0.010412;-0.031289
55;-0.009183;-0.032060;0.039263
56;-0.021373;-0.014736;0.029980
57;-0.015083;-0.002294;0.009317
58;-0.013878;0.004002;-0.020120
59;-0.016160;-0.010414;-0.023749
60;-0.031567;-0.009812;0.009659
61;-0.037384;-0.021433;0.024418
62;-0.027779;-0.013134;0.016437
63;0.018973;0.006123;0.012428
64;0.029361;-0.004370;-0.004716
65;0.040569;0.012275;-0.004757
66;0.035672;0.008816;0.003409
67;0.008719;-0.004611;-0.006189
68;0.000264;-0.005697;0.001067
69;0.007707;-0.005468;0.010406
70;0.019031;0.007095;0.005606
71;0.026150;0.001193;0.000559
72;0.025011;0.007965;0.009590
73;0.021213;0.007324;0.029246
74;-0.004659;-0.000395;0.015218
75;-0.010274;-0.009000;-0.011486
76;-0.002426;-0.012802;0.025153
77;0.006509;-0.008062;0.031052
78;-0.000368;-0.000820;-0.009534
79;-0.010060;0.000598;-0.023149
80;-0.001971;-0.007242;-0.003635
81;-0.010701;-0.017961;0.010711
82;-0.020039;-0.014446;0.004025
83;0.004837;-0.001672;-0.005464
84;0.015166;0.001525;-0.008710
85;0.020647;0.001133;-0.009993
86;0.007720;-0.004047;0.004557
87;-0.010491;-0.012821;0.010220
88;0.002677;-0.000104;0.006648
89;0.018732;-0.003736;0.000350
90;0.005942;0.005733;0.011239
91;0.021192;0.005629;0.010489
92;0.000991;-0.009158;0.007214
93;-0.009273;-0.011714;0.022401
94;-0.006328;-0.001164;0.010498
95;-0.003268;0.000907;-0.015329
96;0.011183;-0.006382;0.010626
97;-0.000633;-0.006294;0.004785
98;-0.005097;-0.008628;0.001726
99;-0.002752;-0.010788;0.002395
100;0.007275;-0.011981;-0.000440
101;-0.003836;0.002115;0.000580
102;-0.017623;0.034429;-0.000986
103;-0.041209;0.006252;-0.045642
104;0.028966;-0.029085;-0.019346
105;0.049752;0.003378;0.060228
106;0.096598;0.024703;0.037770
107;0.098626;0.059571;0.000730
108;0.031329;0.045190;-0.011772
109;-0.007111;0.036370;0.001299
110;0.057114;0.037314;0.072752
111;0.042375;-0.019794;0.062517
112;0.010174;0.001414;0.026694
113;0.028621;-0.005590;0.031361
114;0.032730;0.023243;-0.019946
115;0.026002;0.028551;0.010520
116;0.056800;-0.000257;0.026808
117;-0.062067;-0.082409;-0.013039
118;-0.078463;-0.058517;-0.034719
119;0.007192;0.026185;-0.017962
120;0.031425;-0.018991;0.079068
121;-0.049236;-0.129881;0.014670
122;-0.093904;-0.106559;-0.032320
123;-0.069432;-0.092160;-0.031040
124;-0.045765;-0.027552;-0.020083
125;-0.054307;-0.001482;-0.087215
126;-0.062189;-0.030535;-0.057025
127;-0.117735;0.081253;-0.017659
128;-0.014859;0.018544;-0.087505
129;0.093134;-0.029995;-0.028010
130;0.016548;-0.064075;0.104194
131;-0.060351;-0.041959;0.162263
132;-0.045659;0.077907;0.026706
133;0.036128;0.105534;-0.102036
134;0.078488;0.045016;-0.041951
135;0.073010;-0.039417;0.061655
136;0.035197;-0.062687;0.127469
137;0.053214;-0.035589;0.068060
138;0.046871;0.004687;0.007753
139;0.019345;0.006482;-0.033082
140;-0.006055;0.024374;-0.051735
141;-0.005477;0.028389;-0.034299
142;-0.057454;0.095579;-0.012937
143;-0.002468;0.130848;-0.120622
144;0.080123;-0.033295;-0.185722
145;-0.005570;-0.108417;-0.015651
146;-0.058752;-0.076013;0.101977
147;-0.018683;0.089356;0.052318
148;0.142138;0.122478;-0.070882
149;0.127022;0.038914;-0.035659
150;0.090038;-0.032496;0.099177
151;0.064491;-0.047074;0.173362
152;0.011960;-0.069367;0.146927
153;-0.007437;-0.089560;0.025711
154;-0.037278;-0.029575;-0.017288
155;-0.034280;-0.024542;-0.001632
156;-0.057246;-0.022714;0.015673
157;-0.113922;0.048385;0.035453
158;-0.170587;0.198738;-0.035618
159;-0.040657;0.039471;-0.154483
160;-0.007330;-0.132482;-0.046193
161;0.001394;-0.116009;0.159723
162;0.029908;0.001891;0.160119
163;0.062219;0.166960;-0.059516
164;0.134108;0.146881;-0.201876
165;0.134508;0.005422;-0.068569
166;0.117087;-0.055227;0.104379
167;0.104219;-0.069430;0.197435
168;0.054060;-0.011141;0.142479
169;0.041883;0.031679;-0.007447
170;0.021069;0.086497;-0.076849
171;0.028192;0.090982;-0.088766
172;-0.006121;0.085700;-0.042628
173;-0.030458;0.146961;-0.020793
174;0.061344;0.113534;-0.113265
175;0.093923;-0.082463;-0.120085
176;-0.029263;-0.152765;0.017718
177;-0.056687;-0.113066;0.110602
178;-0.042540;0.004928;0.044580
179;0.018869;-0.006724;-0.008239
180;0.029472;-0.059067;0.078113
181;0.011930;-0.069082;0.097279
182;-0.029643;-0.073788;0.072858
183;-0.001928;-0.086819;0.050486
184;0.036740;-0.055166;0.033321
185;0.036134;-0.059975;0.005925
186;-0.059122;-0.048515;-0.024194
187;-0.205770;0.024950;-0.021677
188;-0.291866;0.213313;-0.059275
189;-0.203424;0.020835;-0.221232
190;-0.124543;-0.209099;-0.170009
191;-0.210121;-0.118087;0.072266
192;-0.226995;-0.089737;0.055181
193;-0.197093;0.110026;-0.199686
194;-0.068730;0.173693;-0.243599
195;0.059142;0.119469;-0.090225
196;0.206914;0.133233;0.047050
197;0.406082;0.183223;0.146433
198;0.499475;0.235790;0.245832
199;0.494247;0.284996;0.191583
200;0.517650;0.295524;0.118543
201;0.481200;0.311356;0.075530
202;0.392781;0.384654;0.045192
203;0.362964;0.546748;0.044663
204;0.361286;0.421363;-0.133711
205;0.262671;0.206286;-0.265199
206;-0.057118;0.177910;-0.163398
207;-0.238163;0.132583;-0.075329
208;-0.249204;0.176438;-0.068175
209;-0.232979;0.131321;-0.117153
210;-0.397031;-0.049945;-0.164715
211;-0.619320;-0.151694;-0.048863
212;-0.683434;-0.226847;0.043597
213;-0.703415;-0.282727;-0.003950
214;-0.784166;-0.284561;-0.050313
215;-0.777815;-0.210377;-0.034339
216;-0.808710;-0.115098;-0.013981
217;-0.775806;0.141524;-0.062447
218;-0.610093;0.059211;-0.184123
219;-0.432372;-0.013802;-0.222736
220;-0.288653;0.222528;-0.105097
221;-0.100963;0.482514;-0.057043
222;0.055037;0.678715;-0.166087
223;0.248528;0.602563;-0.282413
224;0.510367;0.507051;-0.253352
225;0.658867;0.432407;-0.107829
226;0.747249;0.391442;0.026149
227;0.779886;0.350047;0.129502
228;0.785537;0.321243;0.152472
229;0.723791;0.378857;0.138728
230;0.707120;0.460528;0.079867
231;0.522242;0.712061;0.096570
232;0.475757;0.649001;-0.044833
233;0.468443;0.408394;-0.211136
234;0.068508;0.353803;-0.161695
235;-0.267041;0.300402;-0.020082
236;-0.361412;0.286104;0.032625
237;-0.299991;0.213338;-0.110467
238;-0.393793;0.097991;-0.190568
239;-0.544077;-0.060112;-0.155320
240;-0.612374;-0.126362;-0.080270
241;-0.697420;-0.161007;-0.029186
242;-0.823487;-0.177876;-0.114831
243;-0.906928;-0.165160;-0.194799
244;-1.019289;-0.099444;-0.188886
245;-0.983813;-0.058729;-0.180942
246;-0.773962;-0.158328;-0.208959
247;-0.592981;-0.120941;-0.146037
248;-0.424174;0.191460;-0.031053
249;-0.330350;0.517920;-0.038499
250;-0.230900;0.692474;-0.152342
251;-0.004092;0.660370;-0.332114
252;0.257173;0.547723;-0.349761
253;0.464208;0.521498;-0.200471
254;0.619480;0.475705;-0.064625
255;0.783693;0.524731;0.084683
256;0.909385;0.588502;0.212754
257;0.867459;0.558686;0.142854
258;0.794686;0.737006;0.066623
259;0.902045;0.678834;-0.023817
260;0.817208;0.594196;-0.175601
261;0.458882;0.529883;-0.202941
262;0.096715;0.569030;-0.090076
263;-0.102949;0.515061;0.013924
264;-0.211310;0.490730;0.026558
265;-0.330006;0.374730;-0.099409
266;-0.515376;0.236200;-0.143604
267;-0.663692;0.123466;-0.101413
268;-0.753294;0.092703;0.005235
269;-0.904165;0.009573;0.035764
270;-1.073602;-0.082494;0.003390
271;-1.163476;-0.172631;-0.079956
272;-1.302847;-0.077973;-0.071778
273;-1.162040;-0.214220;-0.048558
274;-1.014369;-0.203706;-0.001475
275;-0.848957;0.131650;0.054184
276;-0.609076;0.517009;-0.052661
277;-0.454972;0.759550;-0.250539
278;-0.210422;0.875154;-0.339422
279;0.111549;0.851862;-0.332706
280;0.347691;0.780805;-0.219825
281;0.541167;0.723209;-0.135612
282;0.766472;0.695213;-0.044240
283;0.963542;0.681929;0.075238
284;1.087373;0.597455;0.094376
285;1.102337;0.576491;0.003074
286;0.899143;0.722427;-0.037807
287;0.811980;0.691595;-0.087455
288;0.675706;0.619510;-0.195204
289;0.266627;0.634160;-0.145713
290;0.035085;0.573171;-0.011847
291;-0.102844;0.611189;0.035744
292;-0.161490;0.519669;-0.125987
293;-0.333733;0.418544;-0.165227
294;-0.557209;0.326370;-0.033403
295;-0.735663;0.181598;0.033328
296;-0.912583;0.119491;0.079267
297;-1.076867;-0.010802;0.029154
298;-1.235148;-0.109407;-0.103768
299;-1.298744;-0.228397;-0.173366
300;-1.207715;-0.181901;-0.153839
301;-1.014709;-0.055534;-0.090342
302;-0.855442;-0.163000;-0.149651
303;-0.803347;-0.016896;-0.173156
304;-0.644324;0.329876;-0.142198
305;-0.513997;0.731306;-0.184696
306;-0.347532;0.894545;-0.365797
307;-0.089126;0.849908;-0.467706
308;0.265558;0.821151;-0.354504
309;0.544498;0.792276;-0.190865
310;0.693688;0.677597;-0.105048
311;0.707400;0.546110;-0.007937
312;0.718835;0.425862;0.041198
313;0.899842;0.561740;0.050997
314;1.011870;0.569121;-0.054318
315;1.034906;0.559174;-0.123066
316;0.894905;0.695892;-0.083467
317;0.700774;0.715329;-0.119496
318;0.315098;0.790520;-0.138291
319;0.041821;0.787207;-0.083842
320;-0.165982;0.671726;-0.027342
321;-0.316074;0.506411;-0.100654
322;-0.442556;0.383896;-0.168258
323;-0.541316;0.291444;-0.114313
324;-0.656454;0.212752;-0.102425
325;-0.762770;0.147368;-0.130184
326;-0.941135;0.083463;-0.042222
327;-1.111293;-0.008929;0.063865
328;-1.201002;-0.124957;0.096463
329;-1.204516;-0.223619;0.046865
330;-1.225323;-0.084543;-0.002687
331;-1.020802;-0.153665;-0.023694
332;-0.915846;-0.239002;-0.100701
333;-0.829231;0.178903;-0.061647
334;-0.718658;0.771823;-0.087172
335;-0.570111;1.088553;-0.290250
336;-0.240226;0.943839;-0.534210
337;0.069308;0.866874;-0.468926
338;0.354076;0.863729;-0.228663
339;0.629587;0.873526;-0.048338
340;0.850935;0.810786;0.037896
341;0.901600;0.730608;0.052292
342;1.017714;0.702389;-0.015380
343;1.104525;0.702424;-0.067238
344;1.114823;0.692371;-0.060902
345;0.851233;0.752066;-0.015131
346;0.735934;0.626451;-0.033611
347;0.490592;0.800329;-0.029877
348;0.255166;0.831554;-0.069219
349;-0.059090;0.870891;-0.080503
350;-0.323981;0.775399;-0.080438
351;-0.650589;0.579940;-0.088700
352;-0.744313;0.399546;-0.147465
353;-0.858954;0.303212;-0.244278
354;-1.040130;0.075344;-0.239172
355;-1.208590;-0.123874;-0.262801
356;-1.307097;-0.206109;-0.299040
357;-1.381034;-0.266364;-0.327616
358;-1.337283;-0.267565;-0.294483
359;-1.199638;-0.013657;-0.188336
360;-1.001348;0.006020;-0.195511
361;-0.840410;0.185757;-0.227535
362;-0.703987;0.785118;-0.176197
363;-0.414997;1.085174;-0.338720
364;-0.084226;1.150366;-0.508168
365;0.458178;1.072294;-0.513361
366;0.842959;0.836590;-0.301225
367;0.892902;0.658620;-0.161353
368;0.786255;0.558461;-0.154151
369;0.762969;0.564961;-0.145521
370;0.832449;0.631786;-0.177705
371;0.811755;0.667399;-0.127722
372;0.790086;0.640547;-0.068611
373;0.632095;0.752339;-0.057787
374;0.569636;0.592362;-0.214622
375;0.179625;0.655873;-0.152523
376;-0.073159;0.564886;0.061704
377;-0.196826;0.378587;0.160104
378;-0.336798;0.284391;0.108795
379;-0.481251;0.281810;0.043127
380;-0.659062;0.133996;-0.100593
381;-0.838900;-0.040556;-0.223818
382;-0.948469;-0.095238;-0.203998
383;-1.023303;-0.143771;-0.111365
384;-1.055162;-0.129253;-0.086725
385;-0.985358;-0.146775;-0.104556
386;-0.948581;-0.049950;-0.126390
387;-0.858320;-0.168006;-0.063869
388;-0.831672;0.034664;0.027404
389;-0.646770;0.444369;-0.057944
390;-0.325358;0.884753;-0.175129
391;0.092074;0.822891;-0.218360
392;0.458118;0.675728;-0.175979
393;0.570806;0.482761;-0.096430
394;0.743985;0.446128;0.017939
395;0.807720;0.570164;0.071110
396;0.861956;0.552284;0.043624
397;0.884290;0.656313;-0.024870
398;0.864462;0.632631;-0.079132
399;0.606594;0.791185;-0.036002
400;0.549557;0.580550;-0.117130
401;0.511445;0.412983;-0.231329
402;0.231327;0.456571;-0.261636
403;-0.014003;0.499585;-0.166788
404;-0.229276;0.550467;-0.157536
405;-0.469273;0.400153;-0.248390
406;-0.657170;0.231353;-0.252088
407;-0.697194;0.173144;-0.216747
408;-0.825438;0.078663;-0.216430
409;-0.958033;-0.168879;-0.144194
410;-0.952973;-0.258302;-0.107636
411;-0.960869;-0.258326;-0.221419
412;-1.150540;-0.039840;-0.312426
413;-1.054746;0.011263;-0.424039
414;-1.024836;0.067924;-0.372762
415;-0.848371;0.195220;-0.169550
416;-0.733354;0.555054;-0.117488
417;-0.418812;0.751707;-0.285825
418;-0.124248;0.805890;-0.510779
419;0.145686;0.922166;-0.512144
420;0.483105;0.964606;-0.344503
421;0.803037;0.819550;-0.168263
422;0.924497;0.665491;-0.084549
423;1.075847;0.637885;-0.027947
424;1.156315;0.568743;-0.068443
425;1.098278;0.625319;-0.111052
426;0.986729;0.683247;-0.110958
427;0.753869;0.709519;-0.168360
428;0.386630;0.793794;-0.220155
429;0.075541;0.774318;-0.165353
430;-0.192934;0.781378;-0.050884
431;-0.366789;0.653820;-0.065542
432;-0.576015;0.372990;-0.134534
433;-0.747568;0.186685;-0.150289
434;-0.874112;0.095046;-0.178492
435;-0.995921;-0.005115;-0.252762
436;-1.054887;-0.129256;-0.225683
437;-1.141130;-0.153413;-0.185758
438;-1.192286;-0.179927;-0.147490
439;-1.280455;0.009953;-0.072105
440;-1.146373;-0.082981;-0.159783
441;-0.976351;-0.060606;-0.212618
442;-0.835302;0.391272;-0.157871
443;-0.554658;0.911607;-0.175829
444;-0.299390;1.131637;-0.333636
445;0.021333;1.107234;-0.422903
446;0.402846;1.061592;-0.295827
447;0.683024;0.874018;-0.135988
448;0.851679;0.820021;0.060399
449;0.995683;0.709597;0.152980
450;0.975953;0.648073;0.201214
451;0.937899;0.645089;0.203898
452;0.996320;0.654576;0.214629
453;0.828078;0.825741;0.185688
454;0.607912;0.779141;0.082205
455;0.402020;0.659519;-0.072808
456;-0.062061;0.709962;-0.020527
457;-0.264887;0.594260;0.071589
458;-0.498211;0.598859;0.045601
459;-0.515132;0.388034;-0.223375
460;-0.552446;0.180362;-0.338172
461;-0.657000;0.019036;-0.269055
462;-0.746872;-0.014719;-0.099990
463;-0.871915;-0.131131;-0.024256
464;-0.948688;-0.089598;-0.108564
465;-1.203877;-0.139248;-0.279968
466;-1.220592;-0.095569;-0.254038
467;-1.089724;0.025062;-0.192438
468;-0.953647;-0.127882;-0.231334
469;-0.799882;0.158281;-0.145550
470;-0.575952;0.545374;-0.136043
471;-0.366700;0.854699;-0.226166
472;-0.165306;0.971980;-0.390672
473;0.232268;0.841245;-0.390116
474;0.500075;0.792339;-0.247336
475;0.720877;0.629908;-0.095344
476;0.835783;0.698461;-0.011385
477;0.931567;0.590009;0.014819
478;0.961014;0.614342;0.067083
479;1.013344;0.608045;0.037572
480;0.906014;0.850834;0.067738
481;0.860179;0.737489;-0.056111
482;0.492390;0.636565;-0.207976
483;0.084195;0.666834;-0.079430
484;-0.104439;0.574022;0.085233
485;-0.335264;0.597024;0.108644
486;-0.375839;0.408467;-0.149235
487;-0.479506;0.202973;-0.319961
488;-0.646805;0.101267;-0.285463
489;-0.715642;0.048330;-0.167707
490;-0.836129;-0.031156;-0.124812
491;-0.975694;-0.063105;-0.190718
492;-1.067534;-0.099106;-0.278914
493;-1.243451;0.114666;-0.315563
494;-1.053671;-0.062425;-0.338742
495;-0.929339;-0.224472;-0.241434
496;-0.764592;0.050724;-0.082706
497;-0.598790;0.477656;-0.120582
498;-0.367672;0.681455;-0.371541
499;-0.015380;0.718675;-0.476544
500;0.358059;0.733237;-0.358031
501;0.574129;0.644045;-0.175780
502;0.733191;0.582261;-0.073672
503;0.771989;0.613897;-0.067772
504;0.851836;0.542725;0.005348
505;0.897479;0.600875;0.066412
506;0.913326;0.617479;-0.016300
507;0.789020;0.756929;-0.046252
508;0.662564;0.613027;-0.151950
509;0.337460;0.562720;-0.181383
510;-0.010404;0.503216;-0.087275
511;-0.201891;0.365735;0.056558
512;-0.253812;0.259762;0.078461
513;-0.285947;0.152956;-0.083310
514;-0.373069;0.028808;-0.160686
515;-0.526717;0.030123;-0.121979
516;-0.671045;0.005864;-0.075871
517;-0.853244;-0.079443;-0.062731
518;-0.982370;-0.134837;-0.110943
519;-1.011117;-0.098609;-0.152154
520;-1.065445;0.065545;-0.153597
521;-0.933110;-0.106951;-0.183359
522;-0.853185;-0.169054;-0.077915
523;-0.687823;0.078497;0.039045
524;-0.605677;0.477554;-0.045761
525;-0.400845;0.662968;-0.231113
526;-0.097842;0.670015;-0.355365
527;0.156370;0.587887;-0.367255
528;0.326348;0.566145;-0.261548
529;0.508937;0.598090;-0.187902
530;0.670343;0.616708;-0.106697
531;0.814928;0.749956;0.015055
532;0.985270;0.721529;0.021988
533;1.085971;0.715538;0.012266
534;1.055022;0.810627;0.015951
535;0.932836;0.695079;-0.094612
536;0.582277;0.679859;-0.144904
537;0.134817;0.646184;-0.106785
538;-0.146603;0.592910;-0.033484
539;-0.240835;0.585375;-0.010559
540;-0.322837;0.396032;-0.065586
541;-0.487673;0.236233;-0.097174
542;-0.648652;0.179280;-0.086497
543;-0.772049;0.136930;-0.039989
544;-0.885758;0.072417;-0.024397
545;-1.079326;-0.026011;-0.058120
546;-1.219412;-0.148026;-0.036640
547;-1.407827;-0.079746;-0.003807
548;-1.221784;-0.147714;0.054549
549;-1.039772;-0.233685;-0.041765
550;-0.891501;0.041508;-0.028907
551;-0.687460;0.512596;-0.034776
552;-0.488904;0.906953;-0.202435
553;-0.261814;0.987337;-0.425315
554;0.061418;0.884401;-0.429830
555;0.380508;0.848857;-0.293199
556;0.607631;0.777763;-0.159077
557;0.753146;0.666997;-0.053048
558;0.871935;0.571993;-0.029913
559;0.937359;0.536747;-0.049348
560;0.957007;0.462201;-0.068824
561;1.014696;0.476226;-0.084660
562;0.858251;0.735053;-0.015389
563;0.705573;0.650548;-0.065902
564;0.508050;0.680342;-0.156165
565;0.183668;0.685522;-0.137600
566;-0.037028;0.728023;-0.031187
567;-0.340512;0.634556;-0.016936
568;-0.548515;0.436001;-0.086036
569;-0.419520;0.216722;-0.142097
570;-0.428577;0.128227;-0.166542
571;-0.501095;0.066514;-0.125325
572;-0.529457;0.080510;-0.117146
573;-0.639461;0.042763;-0.243938
574;-0.829406;0.035622;-0.425614
575;-1.037096;-0.015854;-0.604401
576;-1.310783;-0.032359;-0.706840
577;-1.179114;-0.201265;-0.625550
578;-0.945637;-0.237011;-0.418167
579;-0.827688;0.076234;-0.195186
580;-0.697207;0.517692;-0.123449
581;-0.603367;0.784453;-0.341020
582;-0.317299;0.833847;-0.509870
583;0.082287;0.862331;-0.466723
584;0.356650;0.825571;-0.197178
585;0.427978;0.809433;0.014767
586;0.540752;0.770784;0.141136
587;0.807390;0.719119;0.135691
588;0.906619;0.830239;-0.015591
589;1.096541;0.725055;-0.135028
590;1.101651;0.810114;-0.101347
591;1.050744;0.785873;-0.185123
592;0.685902;0.864301;-0.250934
593;0.309093;0.786124;-0.140189
594;0.100745;0.721574;0.001724
595;-0.059039;0.664696;0.017462
596;-0.252943;0.561211;0.031358
597;-0.485555;0.432882;0.034980
598;-0.720451;0.317215;-0.107937
599;-0.840868;0.258133;-0.239531
600;-0.947653;0.095705;-0.238990
601;-1.091816;0.005954;-0.221584
602;-1.169781;-0.105512;-0.235533
603;-1.330416;-0.035802;-0.253647
604;-1.212637;-0.203237;-0.289208
605;-1.059437;-0.326522;-0.177748
606;-0.951152;-0.086017;0.000433
607;-0.905068;0.356573;-0.061079
608;-0.817657;0.785628;-0.278899
609;-0.514737;0.950015;-0.431148
610;-0.134092;0.981015;-0.392763
611;0.194179;0.953039;-0.284828
612;0.509509;0.869030;-0.169961
613;0.724644;0.850945;-0.137572
614;0.890268;0.664072;-0.088655
615;0.995338;0.725873;-0.072228
616;1.061012;0.651970;-0.201365
617;1.100267;0.681641;-0.201929
618;0.884808;0.836847;-0.180194
619;0.760584;0.675674;-0.254984
620;0.447197;0.687185;-0.268239
621;0.205265;0.690972;-0.050530
622;-0.047851;0.684251;0.140012
623;-0.227201;0.600423;0.039780
624;-0.341797;0.502291;-0.170888
625;-0.494392;0.387115;-0.244975
626;-0.733153;0.296418;-0.144470
627;-0.866210;0.170647;-0.071231
628;-1.047842;-0.022714;-0.119852
629;-1.234277;-0.136068;-0.243440
630;-1.258973;-0.179829;-0.334233
631;-1.217769;0.022355;-0.272082
632;-1.005676;-0.019904;-0.251286
633;-0.901784;-0.202400;-0.245966
634;-0.840137;0.028563;-0.122150
635;-0.722881;0.442594;-0.091309
636;-0.642018;0.788000;-0.195532
637;-0.302561;0.984057;-0.231202
638;0.170231;1.028113;-0.216963
639;0.487452;0.802162;-0.144367
640;0.686508;0.652386;-0.090482
641;0.832000;0.597421;-0.054675
642;0.976955;0.587783;-0.094800
643;0.945110;0.592169;-0.179096
644;0.997314;0.633362;-0.118528
645;0.922991;0.738096;-0.157973
646;0.756504;0.765449;-0.206005
647;0.687961;0.619254;-0.349973
648;0.285719;0.675260;-0.264530
649;0.008171;0.635741;-0.005298
650;-0.212624;0.601547;0.152101
651;-0.333856;0.432860;0.023730
652;-0.398950;0.238277;-0.140996
653;-0.487666;0.168815;-0.097137
654;-0.603094;0.119788;0.079303
655;-0.678659;0.055486;0.155979
656;-0.848383;-0.021898;0.114177
657;-1.055667;-0.010308;0.034334
658;-1.220398;-0.111485;-0.088702
659;-1.326450;0.022350;-0.098469
660;-1.112705;-0.228736;-0.050339
661;-0.915169;-0.313532;0.008684
662;-0.789643;0.058471;0.097915
663;-0.658187;0.471336;-0.013062
664;-0.526241;0.793081;-0.239850
665;-0.280832;0.866653;-0.411049
666;0.058542;0.775506;-0.405153
667;0.319737;0.774903;-0.326613
668;0.654655;0.697076;-0.248401
669;0.924654;0.655274;-0.201717
670;1.081181;0.641019;-0.175317
671;0.975056;0.665809;-0.255853
672;0.962403;0.687012;-0.304790
673;0.745472;0.856319;-0.243604
674;0.671708;0.696395;-0.283446
675;0.393016;0.628624;-0.339668
676;0.076770;0.598281;-0.178291
677;-0.084795;0.583645;0.050586
678;-0.204986;0.516250;0.084612
679;-0.307343;0.364325;-0.069310
680;-0.429192;0.252045;-0.159109
681;-0.669501;0.148520;-0.187185
682;-0.830376;0.072439;-0.143945
683;-1.019965;-0.055782;-0.188901
684;-1.235884;-0.153114;-0.312788
685;-1.264408;-0.157959;-0.395808
686;-1.094934;0.019668;-0.269613
687;-0.890472;-0.047808;-0.170480
688;-0.790932;-0.270714;-0.105269
689;-0.832118;0.023314;0.022891
690;-0.722088;0.574754;0.012369
691;-0.525057;0.988646;-0.298845
692;-0.092554;0.982569;-0.472240
693;0.300040;0.821799;-0.428138
694;0.593444;0.578543;-0.273697
695;0.691109;0.532616;-0.143346
696;0.771750;0.453152;-0.045909
697;0.858384;0.558074;-0.008214
698;0.915822;0.565462;-0.107773
699;0.987566;0.637580;-0.089859
700;0.989414;0.769234;-0.122983
701;0.795002;0.680761;-0.166432
702;0.548127;0.492689;-0.263597
703;0.186889;0.566829;-0.145586
704;-0.030216;0.584884;0.058749
705;-0.305886;0.589211;0.113489
706;-0.402411;0.355565;-0.128737
707;-0.462467;0.127946;-0.261686
708;-0.605387;0.075974;-0.184739
709;-0.676216;0.010571;-0.105166
710;-0.779652;-0.015617;-0.039163
711;-0.947067;-0.009588;-0.109516
712;-1.065862;-0.068275;-0.269278
713;-1.222632;-0.020108;-0.354361
714;-1.049799;-0.102661;-0.299590
715;-0.848143;-0.259396;-0.194213
716;-0.808294;0.014371;-0.061385
717;-0.636636;0.418458;-0.113307
718;-0.471300;0.759528;-0.275693
719;-0.210980;0.825446;-0.419605
720;0.122126;0.766785;-0.420355
721;0.360027;0.690822;-0.295629
722;0.498013;0.642887;-0.214653
723;0.624822;0.723693;-0.144145
724;0.847279;0.703884;-0.098888
725;1.021477;0.752755;-0.101526
726;1.140145;0.797892;-0.161884
727;1.047433;0.946625;-0.182412
728;0.901842;0.763092;-0.182372
729;0.574733;0.526483;-0.251668
730;0.188982;0.610521;-0.102178
731;0.008640;0.678208;0.147719
732;-0.230325;0.681368;0.197982
733;-0.376308;0.646912;-0.084216
734;-0.536191;0.456738;-0.336810
735;-0.815356;0.152759;-0.363412
736;-0.946408;-0.036438;-0.305827
737;-0.961099;-0.024824;-0.144914
738;-0.874902;-0.161400;-0.073164
739;-0.926939;-0.171280;-0.105664
740;-0.932360;-0.047428;-0.236222
741;-0.939421;0.092998;-0.369556
742;-0.959627;-0.118496;-0.508720
743;-0.932606;-0.150647;-0.356681
744;-0.717055;0.176724;-0.132753
745;-0.577589;0.601359;-0.068903
746;-0.470022;0.844240;-0.236066
747;-0.186861;0.960076;-0.346923
748;0.215751;0.931717;-0.332947
749;0.480605;0.850483;-0.227184
750;0.674101;0.748340;-0.077871
751;0.979777;0.729281;0.189719
752;1.054383;0.739882;0.133579
753;1.064075;0.709563;0.089136
754;1.112672;0.693208;0.075587
755;0.872008;0.806283;0.057638
756;0.726682;0.636542;-0.043190
757;0.450167;0.653496;-0.152201
758;0.163402;0.757608;-0.101849
759;-0.079582;0.853819;-0.035700
760;-0.325714;0.798713;-0.136373
761;-0.500087;0.518972;-0.300025
762;-0.647580;0.254130;-0.326725
763;-0.733982;0.112258;-0.259618
764;-0.730181;0.058591;-0.196935
765;-0.755712;-0.009829;-0.149274
766;-0.851317;-0.054036;-0.198196
767;-1.015102;-0.074138;-0.303577
768;-1.302639;-0.062004;-0.358512
769;-1.373422;-0.176256;-0.396466
770;-1.069316;-0.287163;-0.223682
771;-0.869729;0.038102;-0.013123
772;-0.567311;0.449185;0.000262
773;-0.490849;0.810667;-0.096069
774;-0.294230;0.855518;-0.257002
775;0.033784;0.818452;-0.260514
776;0.287025;0.751607;-0.222694
777;0.508409;0.674394;-0.127377
778;0.686013;0.709270;-0.003816
779;0.717621;0.612683;0.047848
780;0.765114;0.624735;0.024835
781;0.879034;0.629564;0.016846
782;0.911401;0.688330;-0.045940
783;0.892509;0.671745;-0.043620
784;0.896516;0.576437;-0.149113
785;0.489226;0.650227;-0.155610
786;0.201662;0.617681;-0.062706
787;0.040235;0.583055;0.029910
788;-0.068259;0.537128;-0.002642
789;-0.219665;0.455486;-0.116382
790;-0.426900;0.381839;-0.112573
791;-0.657737;0.293664;-0.097840
792;-0.754107;0.167737;-0.113590
793;-0.881867;0.118767;-0.078926
794;-1.022330;0.064352;-0.037612
795;-1.173457;-0.041501;-0.028290
796;-1.394884;-0.036432;-0.092316
797;-1.300644;-0.315176;-0.174343
798;-1.140473;-0.385430;-0.125581
799;-1.003809;-0.002868;0.048459
800;-0.789851;0.430011;-0.015179
801;-0.668112;0.754840;-0.228289
802;-0.442540;0.902695;-0.388896
803;-0.079567;0.892608;-0.308383
804;0.188883;0.872660;-0.181269
805;0.388381;0.839540;-0.144480
806;0.600455;0.773597;-0.069247
807;0.795055;0.780330;0.008207
808;0.914432;0.738950;0.068661
809;0.972354;0.788685;-0.017117
810;0.983048;0.810904;-0.025814
811;1.007567;0.739675;-0.032325
812;0.833463;0.599625;-0.119532
813;0.451267;0.656614;0.002700
814;0.250292;0.635017;0.095204
815;0.133702;0.791497;0.088886
816;0.014653;0.773249;-0.087204
817;-0.251297;0.571465;-0.159339
818;-0.529317;0.428900;-0.169155
819;-0.716145;0.352923;-0.144781
820;-0.865747;0.281927;-0.138871
821;-1.012890;0.159566;-0.310192
822;-1.184036;0.034642;-0.426833
823;-1.309512;-0.117956;-0.496629
824;-1.244160;-0.072524;-0.420033
825;-1.140773;-0.184394;-0.317914
826;-1.060173;-0.224371;-0.203460
827;-0.968843;0.083608;-0.080192
828;-0.868223;0.531691;-0.088911
829;-0.758194;0.880151;-0.195000
830;-0.391753;1.011503;-0.284408
831;0.165298;0.978449;-0.253325
832;0.421785;0.831834;-0.212041
833;0.631866;0.846183;-0.161698
834;0.911052;0.833990;-0.092619
835;1.026487;0.755517;-0.111591
836;1.120916;0.718132;-0.126695
837;1.170806;0.741827;-0.172172
838;0.920703;0.857746;-0.129381
839;0.748872;0.703095;-0.191800
840;0.483285;0.611422;-0.195979
841;0.215632;0.640660;-0.072347
842;0.055107;0.719700;0.023700
843;-0.105846;0.791164;-0.066515
844;-0.369486;0.638205;-0.218591
845;-0.651325;0.427960;-0.206273
846;-0.893585;0.263537;-0.190778
847;-1.052348;0.045640;-0.205173
848;-1.109935;-0.083862;-0.160905
849;-1.106772;-0.063386;-0.088300
850;-1.139781;-0.140733;-0.117847
851;-1.303550;-0.089711;-0.235066
852;-1.161865;-0.213894;-0.277408
853;-1.130583;-0.078901;-0.259315
854;-0.999975;0.301042;-0.213101
855;-0.840380;0.758132;-0.216393
856;-0.490451;0.985647;-0.260553
857;-0.013520;1.015059;-0.322746
858;0.381166;0.803133;-0.347632
859;0.561071;0.730331;-0.332009
860;0.678471;1.006366;-0.092828
861;1.002570;0.643492;-0.027043
862;1.119480;0.830445;-0.113295
863;1.069182;0.671389;-0.199648
864;1.027888;0.716139;-0.083488
865;0.833870;0.780504;0.030324
866;0.576578;0.802317;-0.110110
867;0.274843;0.710459;-0.183800
868;0.003194;0.679501;-0.092441
869;-0.057099;0.692890;0.019581
870;-0.225142;0.610498;0.032509
871;-0.518936;0.391255;-0.014187
872;-0.776016;0.219269;-0.129687
873;-0.977899;0.083358;-0.225634
874;-1.114375;-0.094531;-0.241191
875;-1.143747;-0.123076;-0.180668
876;-1.093076;-0.117094;-0.104384
877;-1.044073;-0.174007;-0.113842
878;-1.021204;-0.091720;-0.139764
879;-0.882629;-0.260085;-0.143794
880;-0.890465;-0.074117;-0.135893
881;-0.826010;0.431066;-0.173048
882;-0.648900;0.824810;-0.248696
883;-0.430541;1.013344;-0.352481
884;0.270430;0.854022;-0.321981
885;0.488577;0.751705;-0.371018
886;0.702224;0.554045;-0.191752
887;0.730349;0.722366;-0.065987
888;0.865394;0.599460;-0.135359
889;1.034208;0.834713;-0.038514
890;1.174650;0.665167;-0.055099
891;1.017369;0.843623;-0.079092
892;0.785236;0.683299;-0.112957
893;0.454037;0.608201;-0.106561
894;0.170544;0.578765;-0.047069
895;-0.077453;0.641163;0.008628
896;-0.220600;0.755686;-0.042595
897;-0.386646;0.663997;-0.175031
898;-0.671358;0.361162;-0.154526
899;-0.869776;0.025549;-0.158867
900;-0.936980;-0.118946;-0.136513
901;-0.948200;-0.183286;-0.156229
902;-0.981825;-0.227894;-0.209988
903;-0.988707;-0.190919;-0.181844
904;-1.016556;-0.011620;-0.119259
905;-1.022835;-0.061681;-0.209707
906;-0.978575;-0.276916;-0.275891
907;-0.864640;0.010966;-0.161505
908;-0.656066;0.444741;-0.091138
909;-0.457017;0.774696;-0.208581
910;-0.197786;0.773153;-0.555838
911;0.229878;0.816284;-0.474879
912;0.453935;0.641960;-0.215913
913;0.547608;0.448550;-0.260251
914;0.722368;0.597995;-0.248722
915;0.872335;0.549573;-0.151436
916;0.827033;0.646816;-0.092094
917;0.929820;0.565378;-0.115297
918;0.802790;0.806203;-0.051140
919;0.745041;0.621888;-0.127591
920;0.435420;0.590983;-0.264270
921;0.101465;0.538936;-0.105096
922;-0.001418;0.478981;0.094762
923;-0.083161;0.491844;0.048130
924;-0.201928;0.432903;-0.144197
925;-0.435064;0.247607;-0.160154
926;-0.662731;0.069353;-0.052175
927;-0.823651;-0.019379;-0.010124
928;-0.974242;-0.012555;0.089761
929;-1.136447;-0.106544;0.071220
930;-1.233461;-0.157203;-0.041580
931;-1.232040;-0.051080;-0.083902
932;-0.973232;0.002765;-0.154452
933;-0.829174;-0.077684;-0.303472
934;-0.787593;0.157573;-0.236613
935;-0.668883;0.515711;-0.132314
936;-0.446455;0.899598;-0.131419
937;-0.046880;0.921028;-0.304972
938;0.289132;0.693393;-0.381350
939;0.478574;0.512501;-0.317774
940;0.671251;0.566699;-0.234321
941;0.853805;0.516946;-0.148576
942;0.964990;0.604096;-0.144003
943;1.062318;0.553013;-0.224269
944;1.121908;0.613835;-0.263015
945;1.042763;0.687445;-0.150952
946;0.829242;0.704434;-0.208057
947;0.415633;0.750602;-0.254987
948;0.152232;0.751138;-0.155234
949;-0.050462;0.756173;-0.095367
950;-0.248414;0.699536;-0.124524
951;-0.477038;0.577787;-0.134167
952;-0.694310;0.354241;-0.115986
953;-0.891994;0.142586;-0.221549
954;-0.998184;-0.012636;-0.215360
955;-1.039549;-0.119444;-0.143409
956;-1.071950;-0.141201;-0.073922
957;-1.078185;-0.088145;-0.071929
958;-1.106260;0.056144;-0.129620
959;-1.028186;-0.101938;-0.200090
960;-0.964533;-0.198145;-0.099130
961;-0.875753;0.076042;0.061344
962;-0.753404;0.465371;0.018410
963;-0.664072;0.887379;-0.252709
964;-0.224533;0.920151;-0.465525
965;0.115881;0.942493;-0.560836
966;0.387883;0.827729;-0.479198
967;0.692555;0.878867;-0.226180
968;0.999149;0.781116;-0.076061
969;1.151535;0.887202;-0.120016
970;1.098409;0.797996;-0.229201
971;1.044729;0.839018;-0.188180
972;0.951376;0.706136;-0.321161
973;0.520950;0.728296;-0.326991
974;0.152512;0.658161;-0.108512
975;-0.009863;0.639164;0.069426
976;-0.095510;0.572005;0.052038
977;-0.303498;0.467076;-0.081127
978;-0.532466;0.322204;-0.124555
979;-0.742605;0.226859;-0.071329
980;-0.918224;0.136875;0.026143
981;-1.116003;-0.029246;0.055164
982;-1.260553;-0.084732;0.064853
983;-1.277934;-0.076077;0.058249
984;-1.197463;0.045275;0.034348
985;-1.012191;-0.181501;-0.040636
986;-0.877341;-0.242949;-0.050316
987;-0.753829;0.097063;0.023525
988;-0.643815;0.535937;-0.047713
989;-0.534533;0.847905;-0.263724
990;-0.328602;0.899964;-0.474361
991;0.027864;0.801585;-0.513436
992;0.338610;0.747058;-0.381139
993;0.653971;0.754128;-0.210684
994;0.918660;0.689993;-0.020083
995;0.967766;0.687061;-0.015864
996;0.945249;0.685865;-0.083138
997;1.028667;0.692163;-0.149149
998;1.033046;0.816385;-0.128310
999;0.948273;0.749049;-0.220859
1000;0.523788;0.807817;-0.262322
1001;0.138418;0.813981;-0.184886
1002;-0.151073;0.789442;-0.052074
1003;-0.307759;0.709640;0.026289
1004;-0.459203;0.472170;-0.027032
1005;-0.683031;0.241130;-0.105161
1006;-0.872508;0.108719;-0.077364
1007;-0.938149;0.047059;-0.026251
1008;-1.030218;-0.032093;0.042684
1009;-1.170108;-0.077875;0.061936
1010;-1.244758;-0.127819;0.057586
1011;-1.282096;-0.028321;0.057895
1012;-1.055935;-0.050107;-0.009355
1013;-0.917294;-0.201086;-0.101373
1014;-0.858566;0.074371;-0.026186
1015;-0.690281;0.587959;-0.003564
1016;-0.540122;0.997984;-0.160406
1017;-0.285903;0.988752;-0.395254
1018;0.087857;0.940372;-0.436355
1019;0.598734;0.808718;-0.299961
1020;0.836555;0.701416;-0.128538
1021;0.835704;0.581870;-0.096847
1022;0.849420;0.668863;-0.051392
1023;0.900423;0.669541;-0.034112
1024;0.943212;0.716793;-0.092647
1025;0.879924;0.913088;-0.121241
1026;0.867212;0.749881;-0.195016
1027;0.569600;0.666705;-0.289362
1028;0.201255;0.686969;-0.212852
1029;-0.058094;0.628807;-0.026426
1030;-0.200932;0.556972;0.090552
1031;-0.318437;0.454185;0.008491
1032;-0.461186;0.297215;-0.124864
1033;-0.697731;0.237704;-0.156324
1034;-0.853375;0.166381;-0.123581
1035;-0.998070;0.071108;-0.164575
1036;-1.226423;-0.052569;-0.247516
1037;-1.262874;-0.158320;-0.238229
1038;-1.169635;0.030475;-0.091735
1039;-0.976990;-0.080888;-0.074554
1040;-0.901588;-0.241752;-0.136349
1041;-0.843095;0.039968;-0.017665
1042;-0.744401;0.451617;-0.031155
1043;-0.572238;0.770306;-0.200702
1044;-0.288804;0.942478;-0.415607
1045;0.223537;0.872265;-0.507831
1046;0.521836;0.806570;-0.487098
1047;0.742839;0.626370;-0.230263
1048;0.927654;0.702602;0.019265
1049;1.000190;0.548624;0.100581
1050;0.955265;0.650015;0.069640
1051;1.053867;0.615786;-0.082423
1052;0.891854;0.833961;-0.128273
1053;0.776860;0.655672;-0.165017
1054;0.542314;0.660580;-0.232805
1055;0.194340;0.738781;-0.170270
1056;-0.175557;0.747283;-0.023796
1057;-0.308975;0.627752;0.065190
1058;-0.430199;0.389725;-0.020401
1059;-0.613799;0.191314;-0.136589
1060;-0.729659;0.043920;-0.163091
1061;-0.815072;0.004507;-0.092951
1062;-0.949579;-0.083448;-0.058820
1063;-1.077458;-0.109752;-0.071567
1064;-1.231425;-0.140909;-0.113411
1065;-1.366106;-0.009769;-0.170806
1066;-1.129404;-0.082472;-0.210746
1067;-0.863183;-0.157043;-0.220607
1068;-0.746766;0.152596;-0.067407
1069;-0.581836;0.559572;-0.019654
1070;-0.509486;0.914282;-0.147292
1071;-0.272044;0.968959;-0.312494
1072;0.121267;0.846943;-0.415996
1073;0.317477;0.728456;-0.384689
1074;0.630675;0.723677;-0.205038
1075;0.986112;0.758741;-0.012201
1076;1.102487;0.682226;0.025592
1077;1.005161;0.693437;-0.086210
1078;1.065864;0.736099;-0.108650
1079;0.928968;0.792935;-0.172360
1080;0.834233;0.656780;-0.174163
1081;0.537473;0.752659;-0.186615
1082;0.155727;0.763257;-0.170241
1083;-0.075028;0.788065;-0.046586
1084;-0.198204;0.745616;-0.004781
1085;-0.391402;0.481418;-0.075480
1086;-0.629319;0.233476;-0.162049
1087;-0.826976;0.139666;-0.171928
1088;-0.944604;0.081417;-0.169706
1089;-1.031512;0.009319;-0.194013
1090;-1.063869;-0.039632;-0.234990
1091;-1.034394;-0.100879;-0.265009
1092;-1.041556;-0.018211;-0.224033
1093;-0.933917;-0.227647;-0.236788
1094;-0.922340;-0.259870;-0.106309
1095;-0.832047;0.012510;0.073704
1096;-0.654932;0.448923;0.045814
1097;-0.518033;0.904917;-0.294135
1098;-0.076488;0.821479;-0.539504
1099;0.387827;0.830327;-0.481083
1100;0.843889;0.587086;-0.310777
1101;0.909928;0.536742;-0.194792
1102;0.868990;0.421685;-0.101339
1103;0.782585;0.504516;0.031986
1104;0.732802;0.492796;-0.003261
1105;0.812870;0.502635;-0.090868
1106;0.587991;0.617761;-0.091031
1107;0.474180;0.523525;-0.160920
1108;0.242203;0.447854;-0.223882
1109;-0.018548;0.346621;-0.165135
1110;-0.170298;0.284670;-0.061643
1111;-0.226803;0.210545;-0.046466
1112;-0.276665;0.056372;-0.040739
1113;-0.409065;-0.059248;-0.012768
1114;-0.481558;-0.096874;0.066173
1115;-0.553886;-0.103300;0.124656
1116;-0.682829;-0.120461;0.130075
1117;-0.891244;-0.077696;0.099691
1118;-1.022040;-0.151177;0.045885
1119;-1.153279;0.000228;0.031066
1120;-0.897397;-0.160642;-0.012786
1121;-0.821775;0.006896;-0.013302
1122;-0.663134;0.403364;-0.079073
1123;-0.499960;0.741461;-0.236883
1124;-0.251375;0.802749;-0.359586
1125;0.059814;0.696800;-0.397094
1126;0.298490;0.598961;-0.362775
1127;0.490583;0.586449;-0.230137
1128;0.761487;0.571693;-0.010442
1129;0.930207;0.565711;0.084616
1130;0.916810;0.641708;0.004513
1131;0.969542;0.648301;-0.027429
1132;1.051320;0.595878;-0.019808
1133;0.852855;0.772994;0.053816
1134;0.708290;0.599621;-0.042156
1135;0.414008;0.650419;-0.162138
1136;0.078056;0.700998;-0.153488
1137;-0.161728;0.788864;-0.031818
1138;-0.333782;0.632278;-0.098126
1139;-0.450032;0.377765;-0.246963
1140;-0.606137;0.208913;-0.301473
1141;-0.700896;0.085496;-0.253633
1142;-0.716094;0.066623;-0.199768
1143;-0.803808;0.045489;-0.202494
1144;-1.002454;0.013755;-0.282054
1145;-1.266129;-0.025086;-0.364509
1146;-1.433288;-0.136224;-0.435581
1147;-1.217932;-0.250870;-0.307659
1148;-0.937075;-0.114228;-0.131191
1149;-0.709019;0.173774;0.016291
1150;-0.639384;0.515761;0.014520
1151;-0.466054;0.936902;-0.104361
1152;-0.122499;1.058172;-0.348747
1153;0.501352;0.822875;-0.384984
1154;0.635498;0.692170;-0.428418
1155;0.666329;0.607779;-0.189703
1156;0.788101;0.728527;0.056625
1157;0.909430;0.715797;0.109759
1158;0.931445;0.711125;0.081669
1159;0.987258;0.849053;0.038141
1160;0.923246;0.728912;-0.077180
1161;0.669422;0.640613;-0.302060
1162;0.253042;0.728121;-0.349962
1163;-0.107052;0.668335;-0.121822
1164;-0.298859;0.568529;0.092343
1165;-0.339538;0.332870;0.099272
1166;-0.534734;0.129994;-0.021435
1167;-0.734908;0.006095;-0.084654
1168;-0.742542;0.056580;0.004003
1169;-0.834983;0.010516;0.072205
1170;-1.018772;-0.110161;0.034759
1171;-1.168608;-0.178717;0.020583
1172;-1.160688;-0.239840;0.006802
1173;-1.117826;0.014722;0.030867
1174;-0.840177;-0.055222;-0.060324
1175;-0.820661;0.043051;-0.146378
1176;-0.708508;0.461997;-0.153936
1177;-0.465491;0.949975;-0.209244
1178;-0.119744;1.018322;-0.391290
1179;0.274686;0.822632;-0.453283
1180;0.572860;0.674411;-0.289849
1181;0.800169;0.535076;-0.067075
1182;0.844716;0.567861;0.005195
1183;0.840048;0.411368;0.011385
1184;0.861215;0.522578;0.091920
1185;0.923504;0.555879;0.063213
1186;0.932386;0.647818;-0.066991
1187;0.772602;0.836996;-0.155324
1188;0.616303;0.625091;-0.306310
1189;0.260711;0.658700;-0.353764
1190;-0.030068;0.642952;-0.205099
1191;-0.279279;0.646381;0.050044
1192;-0.395426;0.475397;0.083811
1193;-0.487738;0.244780;-0.105759
1194;-0.618225;0.097478;-0.182745
1195;-0.674086;0.027956;-0.161664
1196;-0.743015;-0.016220;-0.060282
1197;-0.875084;-0.112558;-0.033597
1198;-1.040345;-0.124836;-0.023188
1199;-1.129579;-0.208592;-0.037480
1200;-1.253905;-0.061499;-0.080275
1201;-1.016736;-0.137611;-0.033504
1202;-0.933991;-0.054678;-0.008299
1203;-0.827641;0.246817;-0.019275
1204;-0.751371;0.619561;-0.069563
1205;-0.622667;0.949539;-0.196823
1206;-0.213658;1.079307;-0.341077
1207;0.306383;0.956353;-0.425726
1208;0.691655;0.884724;-0.333810
1209;0.885090;0.707861;-0.160617
1210;0.894344;0.587965;-0.062617
1211;0.969248;0.680408;0.016101
1212;0.937554;0.691418;-0.042014
1213;1.045932;0.723254;-0.058939
1214;0.939716;0.946204;-0.042539
1215;0.739619;0.733706;-0.162267
1216;0.430294;0.647784;-0.304592
1217;0.040068;0.728797;-0.249512
1218;-0.206219;0.764304;-0.023523
1219;-0.413811;0.729835;0.118819
1220;-0.583854;0.440841;-0.008406
1221;-0.744317;0.191882;-0.153445
1222;-0.850089;0.042856;-0.171578
1223;-0.867484;-0.000553;-0.114572
1224;-0.859103;-0.064221;-0.053871
1225;-0.964536;-0.136977;-0.044590
1226;-1.110075;-0.187291;-0.063142
1227;-1.332578;-0.077085;-0.089132
1228;-1.213985;-0.160278;-0.169610
1229;-1.062852;-0.179891;-0.138012
1230;-1.010584;0.320107;-0.015064
1231;-0.810130;0.827367;-0.066440
1232;-0.494663;1.164216;-0.281744
1233;0.116347;1.335099;-0.284986
1234;0.610564;0.847107;-0.437038
1235;0.599853;0.592926;-0.714031
1236;0.693539;0.625373;-0.422121
1237;0.874827;0.689870;-0.014756
1238;0.877653;0.623046;-0.001249
1239;0.936866;0.687014;-0.100704
1240;1.070839;0.696674;-0.138477
1241;0.853548;0.803670;-0.082032
1242;0.517004;0.797197;-0.181471
1243;0.233666;0.697768;-0.322452
1244;-0.126781;0.647219;-0.226297
1245;-0.381460;0.578347;-0.025598
1246;-0.502171;0.498577;0.056489
1247;-0.577568;0.235912;-0.050444
1248;-0.687382;-0.022031;-0.165736
1249;-0.746077;-0.130087;-0.123171
1250;-0.799262;-0.164220;-0.073439
1251;-0.846743;-0.249721;-0.076201
1252;-0.976000;-0.190558;-0.098003
1253;-1.013906;-0.090007;-0.139273
1254;-1.037164;0.104485;-0.156429
1255;-0.911183;0.076171;-0.201903
1256;-0.788717;-0.099299;-0.247960
1257;-0.688775;0.120198;-0.142770
1258;-0.340437;0.524665;-0.077360
1259;-0.018710;0.923803;-0.198234
1260;0.219706;0.772906;-0.424628
1261;0.397616;0.538705;-0.366338
1262;0.484181;0.494499;-0.242275
1263;0.663890;0.426923;-0.122581
1264;0.758186;0.647622;-0.012103
1265;0.933809;0.487352;-0.044812
1266;1.039571;0.702774;0.021016
1267;1.021091;0.673926;0.006924
1268;0.832126;0.823653;-0.006138
1269;0.621042;0.646219;-0.185352
1270;0.177309;0.600213;-0.286334
1271;-0.161549;0.555104;-0.075885
1272;-0.273428;0.515074;0.150989
1273;-0.375245;0.339877;0.089383
1274;-0.504941;0.117559;-0.126378
1275;-0.603107;-0.071262;-0.246527
1276;-0.690020;-0.098385;-0.231651
1277;-0.774628;-0.109795;-0.124281
1278;-0.826311;-0.188303;-0.086176
1279;-0.918480;-0.152622;-0.093864
1280;-0.917844;-0.134797;-0.152089
1281;-0.970827;0.088422;-0.166657
1282;-0.714876;-0.154507;-0.242203
1283;-0.717935;-0.142200;-0.225716
1284;-0.725119;0.289876;-0.088989
1285;-0.596680;0.642853;-0.095462
1286;-0.408183;0.890557;-0.209367
1287;0.179460;0.915408;-0.189115
1288;0.449744;0.644821;-0.273499
1289;0.625563;0.491517;-0.287851
1290;0.806450;0.503654;-0.078992
1291;0.915829;0.506279;0.059279
1292;0.945025;0.543019;0.113212
1293;0.907843;0.598551;0.055539
1294;0.813746;0.532081;-0.033124
1295;0.521008;0.687678;0.040976
1296;0.547441;0.617768;-0.081493
1297;0.400550;0.495714;-0.266604
1298;0.162247;0.489562;-0.231056
1299;-0.027843;0.495871;-0.057530
1300;-0.262263;0.470032;-0.009129
1301;-0.405314;0.245543;-0.139260
1302;-0.491861;0.096927;-0.274509
1303;-0.626967;0.074129;-0.280430
1304;-0.793142;-0.079745;-0.183686
1305;-0.891994;-0.174867;-0.157856
1306;-0.908379;-0.195162;-0.183755
1307;-0.893131;-0.169482;-0.211736
1308;-0.819275;-0.128791;-0.280404
1309;-0.715572;-0.021086;-0.343479
1310;-0.717079;-0.025332;-0.347545
1311;-0.692059;0.071833;-0.277763
1312;-0.602354;0.281126;-0.221510
1313;-0.390260;0.515684;-0.211923
1314;-0.152585;0.616390;-0.277160
1315;0.145551;0.604513;-0.355016
1316;0.404355;0.528697;-0.370384
1317;0.582855;0.528143;-0.279853
1318;0.749169;0.544092;-0.115450
1319;0.862241;0.622100;-0.039304
1320;0.891018;0.580825;-0.074840
1321;0.899234;0.648578;-0.063097
1322;0.808483;0.645666;-0.017062
1323;0.646332;0.554220;-0.121489
1324;0.330254;0.553883;-0.158419
1325;0.058558;0.519863;-0.047449
1326;-0.137698;0.473490;0.018318
1327;-0.206055;0.359120;0.004872
1328;-0.321401;0.207790;0.000914
1329;-0.486546;0.081403;0.036239
1330;-0.587567;-0.024877;-0.005982
1331;-0.656066;-0.142609;-0.045168
1332;-0.776703;-0.224144;-0.055945
1333;-0.889663;-0.214743;-0.040657
1334;-0.922331;-0.175067;-0.098326
1335;-0.989116;0.014001;-0.182229
1336;-0.936534;-0.199660;-0.204626
1337;-0.944841;-0.021089;-0.103331
1338;-0.725063;0.294048;-0.055681
1339;-0.453255;0.551959;-0.182974
1340;-0.236382;0.596765;-0.400450
1341;0.072775;0.561345;-0.469086
1342;0.310517;0.634866;-0.363184
1343;0.582804;0.641217;-0.230664
1344;0.907399;0.654251;-0.095373
1345;0.969586;0.533931;-0.020621
1346;1.062958;0.622871;0.032313
1347;1.058529;0.595342;-0.051854
1348;0.891497;0.697725;-0.060027
1349;0.664554;0.707541;-0.097399
1350;0.486249;0.599478;-0.277130
1351;0.114355;0.675939;-0.311178
1352;-0.167542;0.526946;-0.135395
1353;-0.345611;0.385654;0.066276
1354;-0.373158;0.185662;0.051267
1355;-0.466307;0.031285;-0.075939
1356;-0.571219;-0.042724;-0.122458
1357;-0.625642;-0.045611;-0.121668
1358;-0.742896;-0.094596;-0.097219
1359;-0.865016;-0.143610;-0.063971
1360;-0.952453;-0.153379;-0.060996
1361;-1.016355;-0.154479;-0.117044
1362;-0.936438;-0.034028;-0.136430
1363;-0.784945;-0.211808;-0.219547
1364;-0.797648;0.039487;-0.109024
1365;-0.641405;0.327322;-0.041732
1366;-0.559096;0.655579;-0.114472
1367;-0.347736;0.820447;-0.285553
1368;0.052569;0.706878;-0.382165
1369;0.313469;0.625855;-0.360025
1370;0.534706;0.607148;-0.252821
1371;0.723623;0.609994;-0.088110
1372;0.931684;0.619712;-0.005028
1373;1.084651;0.689196;0.108585
1374;1.092211;0.668480;0.015816
1375;0.982483;0.781602;-0.085146
1376;0.840446;0.779367;-0.110081
1377;0.655010;0.647202;-0.223766
1378;0.196673;0.749467;-0.215127
1379;-0.131894;0.626306;-0.039755
1380;-0.284406;0.547398;0.094228
1381;-0.297343;0.438132;0.012529
1382;-0.470433;0.248673;-0.164271
1383;-0.652919;0.104392;-0.121185
1384;-0.764127;0.036959;-0.086519
1385;-0.855712;-0.031929;-0.072740
1386;-0.985036;-0.121145;-0.093084
1387;-1.075399;-0.170735;-0.113897
1388;-1.088692;-0.153649;-0.106694
1389;-1.024364;-0.012246;-0.133370
1390;-0.884797;-0.220354;-0.195338
1391;-0.886257;0.022471;-0.090326
1392;-0.747673;0.396524;-0.043235
1393;-0.595706;0.729205;-0.168342
1394;-0.355075;0.866617;-0.355470
1395;0.087728;0.854649;-0.415771
1396;0.367015;0.792266;-0.327222
1397;0.629265;0.604398;-0.171114
1398;0.845169;0.616230;-0.049979
1399;0.978449;0.478851;0.008381
1400;1.035497;0.617096;0.079751
1401;1.119645;0.620095;0.042252
1402;1.070444;0.634219;-0.026662
1403;0.792508;0.678588;-0.023157
1404;0.617442;0.575944;-0.139328
1405;0.280930;0.640429;-0.212899
1406;0.040388;0.642596;-0.095971
1407;-0.207754;0.632408;0.034895
1408;-0.362995;0.447326;0.007145
1409;-0.479099;0.227892;-0.111085
1410;-0.593386;0.112578;-0.125912
1411;-0.684345;0.080358;-0.026970
1412;-0.769877;0.000197;0.047413
1413;-0.898767;-0.042839;0.042643
1414;-1.048504;-0.082155;-0.064030
1415;-1.185553;-0.148061;-0.172645
1416;-1.144774;-0.009606;-0.167314
1417;-0.890526;-0.118227;-0.174956
1418;-0.820455;-0.025844;-0.118207
1419;-0.723677;0.352750;-0.098670
1420;-0.602590;0.685342;-0.214334
1421;-0.433749;0.776243;-0.434197
1422;-0.061720;0.780130;-0.542041
1423;0.347993;0.715591;-0.496839
1424;0.546535;0.620644;-0.272272
1425;0.644599;0.516977;-0.149797
1426;0.768259;0.502500;-0.071351
1427;0.943496;0.555099;-0.063883
1428;0.983664;0.654999;-0.162248
1429;1.081862;0.691952;-0.207326
1430;0.941817;0.826614;-0.203063
1431;0.759599;0.629568;-0.309366
1432;0.286069;0.599739;-0.276519
1433;0.034190;0.596835;-0.049808
1434;-0.166739;0.557063;0.157260
1435;-0.314799;0.400514;0.083123
1436;-0.389906;0.210744;-0.144299
1437;-0.515141;0.133824;-0.172360
1438;-0.621280;0.082430;-0.049238
1439;-0.737973;0.008701;-0.025295
1440;-0.894374;0.004760;-0.037532
1441;-1.062574;-0.085793;-0.097520
1442;-1.165607;-0.124884;-0.141414
1443;-1.125035;0.021836;-0.101875
1444;-0.922583;-0.193888;-0.168032
1445;-0.839557;-0.137535;-0.099492
1446;-0.687742;0.236117;-0.031602
1447;-0.561831;0.625832;-0.138421
1448;-0.379842;0.808915;-0.333658
1449;-0.049506;0.782400;-0.381012
1450;0.234826;0.683014;-0.301025
1451;0.490327;0.653016;-0.169560
1452;0.771220;0.577168;-0.074138
1453;0.937147;0.653339;0.048529
1454;1.019402;0.570307;0.061886
1455;1.000949;0.650688;0.037092
1456;1.088957;0.736113;0.025584
1457;0.875118;0.748527;-0.008969
1458;0.670335;0.664945;-0.104268
1459;0.282808;0.698905;-0.179357
1460;0.015005;0.641105;-0.111062
1461;-0.232560;0.592943;-0.004968
1462;-0.328071;0.410214;-0.032900
1463;-0.460845;0.203487;-0.167600
1464;-0.575213;0.103172;-0.225137
1465;-0.675894;0.071398;-0.209498
1466;-0.780874;-0.024116;-0.176668
1467;-0.914873;-0.087730;-0.155470
1468;-0.988998;-0.123324;-0.176877
1469;-0.987744;-0.153586;-0.239143
1470;-0.999894;0.009140;-0.232136
1471;-0.861350;-0.220497;-0.225976
1472;-0.886303;-0.151039;-0.124203
1473;-0.785639;0.210731;-0.042331
1474;-0.625539;0.638183;-0.145883
1475;-0.390523;0.821406;-0.314200
1476;-0.115353;0.923146;-0.335024
1477;0.341781;0.751594;-0.236789
1478;0.644895;0.697328;-0.160537
1479;1.035550;0.602125;0.014477
1480;1.085980;0.639933;0.096311
1481;0.887830;0.578325;-0.019481
1482;0.937743;0.727150;-0.070660
1483;0.895519;0.711734;-0.152444
1484;0.780125;0.788069;-0.032025
1485;0.583865;0.634318;-0.148083
1486;0.166524;0.608131;-0.201497
1487;-0.116618;0.519634;-0.128706
1488;-0.321910;0.495152;-0.015425
1489;-0.427456;0.309163;-0.037048
1490;-0.516920;0.097339;-0.192735
1491;-0.587365;0.006467;-0.222485
1492;-0.665779;-0.031217;-0.166484
1493;-0.746189;-0.119426;-0.169374
1494;-0.859254;-0.168844;-0.189316
1495;-0.938491;-0.179533;-0.254415
1496;-0.999188;-0.146857;-0.261503
1497;-0.902913;-0.060524;-0.243125
1498;-0.787466;-0.204457;-0.239465
1499;-0.793073;0.069391;-0.115150
1500;-0.606390;0.397318;-0.076644
1501;-0.337614;0.681950;-0.199261
1502;0.073656;0.786904;-0.430477
1503;0.319832;0.566283;-0.425073
1504;0.427590;0.396319;-0.273742
1505;0.536294;0.381240;-0.132580
1506;0.745015;0.379933;-0.019703
1507;0.735582;0.403749;-0.044707
1508;0.796644;0.472684;-0.082500
1509;0.819717;0.593223;-0.119742
1510;0.801270;0.588016;-0.160330
1511;0.605320;0.662097;-0.114062
1512;0.542075;0.464137;-0.180398
1513;0.276311;0.524161;-0.207659
1514;-0.000044;0.446383;-0.114584
1515;-0.195313;0.343750;0.060938
1516;-0.207873;0.160513;0.125016
1517;-0.301939;0.024617;0.029035
1518;-0.397787;-0.001594;-0.097006
1519;-0.426827;0.037200;-0.093530
1520;-0.529345;-0.012858;-0.088459
1521;-0.742574;-0.023370;-0.061440
1522;-0.872939;-0.056794;-0.002421
1523;-0.992511;-0.141370;-0.037823
1524;-1.032980;-0.092935;-0.122466
1525;-0.841737;-0.264258;-0.148536
1526;-0.794598;-0.168348;-0.075930
1527;-0.633476;0.137656;-0.024474
1528;-0.536443;0.489448;-0.103208
1529;-0.348896;0.634394;-0.285950
1530;-0.041616;0.618467;-0.410094
1531;0.206466;0.510520;-0.381226
1532;0.374708;0.510215;-0.223021
1533;0.598878;0.571798;-0.064652
1534;0.787909;0.575050;0.100592
1535;0.836969;0.580375;0.107928
1536;0.897629;0.610730;0.054064
1537;0.924328;0.684432;0.039708
1538;0.898328;0.641229;0.013072
1539;0.751520;0.571042;-0.128210
1540;0.379627;0.589279;-0.179547
1541;0.078558;0.534141;-0.092386
1542;-0.101692;0.525401;0.040910
1543;-0.172553;0.328449;0.030482
1544;-0.333562;0.193985;-0.089238
1545;-0.434967;0.095775;-0.167820
1546;-0.533766;0.091322;-0.147053
1547;-0.614266;0.118946;-0.037610
1548;-0.858577;0.053300;-0.090580
1549;-1.111610;-0.082397;-0.365720
1550;-1.359928;-0.207776;-0.664973
1551;-1.135191;0.032942;-0.622355
1552;-0.714126;0.027328;-0.539854
1553;-0.639413;0.011985;-0.381218
1554;-0.592235;0.231064;-0.227165
1555;-0.429115;0.530110;-0.170906
1556;-0.143545;0.810098;-0.281540
1557;0.272518;0.740557;-0.457505
1558;0.416528;0.540374;-0.395456
1559;0.448755;0.475890;-0.138942
1560;0.608411;0.413937;0.065581
1561;0.795429;0.431597;0.098273
1562;0.873091;0.476969;-0.023150
1563;0.947273;0.522512;-0.066814
1564;0.968245;0.512045;-0.086062
1565;0.756731;0.728472;-0.044522
1566;0.724602;0.572391;-0.191815
1567;0.391716;0.588703;-0.320729
1568;0.128040;0.523691;-0.217727
1569;-0.092571;0.472514;-0.026837
1570;-0.181075;0.310045;0.047241
1571;-0.296977;0.167582;-0.054026
1572;-0.436737;0.100025;-0.150101
1573;-0.554352;0.076707;-0.166058
1574;-0.676319;-0.016468;-0.164385
1575;-0.850460;-0.072237;-0.145280
1576;-0.982215;-0.058604;-0.131566
1577;-1.045279;-0.102218;-0.204465
1578;-1.068227;0.039761;-0.246486
1579;-0.873278;-0.119598;-0.275936
1580;-0.811034;-0.175619;-0.223970
1581;-0.684711;0.081875;-0.121705
1582;-0.561873;0.415688;-0.113834
1583;-0.427162;0.717277;-0.212283
1584;-0.099878;0.750029;-0.316052
1585;0.157192;0.686909;-0.318090
1586;0.406405;0.634508;-0.208927
1587;0.701206;0.647168;-0.035208
1588;0.940148;0.588759;0.062582
1589;0.987502;0.577380;0.071879
1590;0.937913;0.532776;-0.058416
1591;0.918901;0.508800;-0.045790
1592;0.816797;0.663043;0.025617
1593;0.727653;0.538091;-0.080365
1594;0.408629;0.581685;-0.144499
1595;0.216959;0.544612;-0.050727
1596;0.036190;0.517042;0.024005
1597;-0.088618;0.399711;-0.011613
1598;-0.183181;0.279197;-0.102854
1599;-0.300736;0.214323;-0.144737
1600;-0.508664;0.133699;-0.113750
1601;-0.661991;0.031714;-0.093057
1602;-0.836156;-0.018453;-0.104327
1603;-0.942875;-0.055667;-0.127185
1604;-0.972847;-0.159950;-0.178916
1605;-0.931662;-0.175291;-0.163384
1606;-0.854779;-0.028988;-0.120434
1607;-0.749330;-0.063276;-0.211245
1608;-0.575960;-0.123274;-0.283210
1609;-0.359574;-0.065635;-0.249027
1610;-0.228875;0.167280;-0.149478
1611;-0.216412;0.395087;-0.128691
1612;-0.097357;0.482790;-0.194184
1613;0.002850;0.513749;-0.306706
1614;0.149818;0.430636;-0.329252
1615;0.305851;0.436256;-0.220086
1616;0.511731;0.399539;-0.086979
1617;0.660795;0.400500;0.011735
1618;0.660081;0.333409;0.002486
1619;0.684190;0.303511;-0.022797
1620;0.734176;0.337370;-0.070865
1621;0.733019;0.343907;-0.098781
1622;0.603092;0.453602;-0.072476
1623;0.463403;0.462929;-0.094334
1624;0.326180;0.460864;-0.095602
1625;0.178081;0.406324;-0.036665
1626;0.004626;0.241987;-0.088568
1627;-0.227989;0.206303;-0.132495
1628;-0.350861;0.167313;-0.081267
1629;-0.444712;0.168773;-0.068679
1630;-0.491007;0.116145;-0.133724
1631;-0.482229;-0.033363;-0.200480
1632;-0.482207;-0.140095;-0.137602
1633;-0.476149;-0.229911;-0.090892
1634;-0.456844;-0.253615;-0.040128
1635;-0.470105;-0.226586;0.028483
1636;-0.452221;-0.214628;0.025593
1637;-0.417368;-0.162417;-0.034911
1638;-0.402025;-0.008572;-0.030221
1639;-0.268035;0.017784;-0.089281
1640;-0.136906;0.032570;-0.154305
1641;-0.028577;0.096558;-0.134840
1642;-0.003267;0.275326;-0.066231
1643;0.078794;0.170646;-0.096449
1644;0.071274;0.034208;-0.117700
1645;0.074813;0.106940;-0.056555
1646;0.092369;0.209658;-0.018505
1647;0.098766;0.242071;-0.100118
1648;0.181246;0.227005;-0.118938
1649;0.305864;0.239401;-0.014936
1650;0.385007;0.227508;0.048898
1651;0.448014;0.204537;0.084473
1652;0.468773;0.191126;0.091028
1653;0.463691;0.189503;0.064840
1654;0.371249;0.156795;0.032660
1655;0.306487;0.155043;0.029686
1656;0.216293;0.175227;0.054485
1657;0.035792;0.101359;0.029286
1658;-0.129902;0.081605;-0.011869
1659;-0.275203;-0.043520;-0.096475
1660;-0.188649;-0.033082;-0.079135
1661;-0.020395;0.003751;-0.001476
1662;0.025974;-0.016028;0.031378
1663;-0.012110;-0.021321;-0.014351
1664;-0.048931;-0.014949;-0.069416
1665;-0.046853;-0.003890;-0.074829
1666;-0.067639;-0.012084;-0.066563
1667;-0.110927;-0.031278;-0.072170
1668;-0.131415;-0.044968;-0.038735
1669;-0.109492;-0.022069;-0.008450
1670;-0.081526;-0.031940;-0.006060
1671;-0.074084;-0.041299;-0.027897
1672;-0.033405;-0.021405;-0.056545
1673;0.010528;-0.012047;-0.040987
1674;0.046298;0.012587;-0.028475
1675;0.069836;0.023377;-0.029000
1676;0.041216;0.010793;-0.023641
1677;0.015192;0.015085;-0.016587
1678;0.043397;0.001833;-0.010571
1679;0.043643;0.015684;0.014908
1680;0.053626;0.011672;0.016378
1681;0.048323;0.007034;-0.002348
1682;0.023772;0.008431;-0.007668
1683;0.013264;0.004652;-0.001537
1684;-0.002078;-0.008013;-0.007859
1685;-0.001186;-0.008623;0.006021
1686;0.016328;-0.014896;-0.015643
1687;0.000120;-0.011811;-0.033502
1688;-0.008801;0.001562;-0.018765
1689;-0.008241;0.004937;-0.003724
1690;0.012391;0.007663;-0.009794
1691;0.013413;-0.001861;-0.017852
1692;0.016991;0.000633;-0.021414
1693;0.025974;-0.005071;-0.012203
1694;0.007202;0.009129;-0.002699
1695;0.023163;0.008599;-0.005477
1696;0.009908;-0.005719;-0.001533
1697;-0.001249;0.001285;-0.002747
1698;0.008543;0.003433;-0.002008
1699;0.017541;0.002808;-0.003047
1700;0.009657;-0.007936;0.006153
1701;0.003779;-0.018101;-0.017676
1702;-0.014771;-0.009950;-0.019974
1703;-0.009435;-0.004136;-0.014012
1704;0.003269;-0.004706;-0.004825
1705;0.022308;0.006711;0.009391
1706;0.023618;0.008723;-0.009402
1707;0.019088;0.000396;-0.016330
1708;0.019066;0.003222;0.003411
1709;0.008463;0.002310;0.001442
1710;0.008747;-0.002661;-0.013069
1711;0.014952;-0.008663;-0.004034
1712;-0.003524;-0.008378;0.009782
1713;-0.006546;-0.005077;-0.002575
1714;-0.002463;-0.001761;-0.037634
1715;0.021395;0.002558;-0.017109
1716;0.032441;-0.008160;0.010039
1717;-0.000199;-0.000025;0.002772
1718;-0.013723;-0.005054;0.007963
1719;-0.008458;-0.015541;0.009915
1720;-0.005066;-0.010348;0.004615
1721;0.003580;-0.010740;-0.004276
1722;-0.006770;0.002539;-0.004082
1723;0.019128;-0.006639;-0.000411
1724;0.010413;0.004137;0.009334
1725;-0.009664;-0.000054;-0.015014
1726;0.003708;-0.006000;-0.018915
1727;0.006400;-0.004610;-0.003584
1728;-0.004019;-0.011902;-0.000688
1729;0.007358;0.003669;-0.005478
1730;0.016261;-0.004253;-0.011970
1731;0.011433;-0.002945;-0.018939
1732;0.002743;-0.000495;-0.004870
1733;0.001613;-0.006848;0.002972
1734;0.010595;-0.008799;0.009868
1735;0.004685;0.004779;-0.009237
1736;0.011421;-0.004693;-0.009842
1737;0.009524;-0.008393;0.006305
1738;-0.007082;0.006121;0.003147
1739;0.012479;-0.001061;0.000412
1740;0.012544;-0.008708;0.006640
1741;-0.011468;-0.008333;-0.006746
1742;-0.006330;-0.001262;-0.008296
1743;0.010828;-0.000880;-0.002877
1744;0.021560;0.000680;0.001334
1745;0.007534;-0.010611;-0.006620
1746;0.009882;-0.011652;0.007039
1747;-0.008804;-0.003158;-0.014494
1748;0.000384;-0.005083;-0.017281
1749;0.006284;0.001137;-0.003082
1750;-0.009036;-0.001847;-0.006555
1751;0.008068;-0.000520;-0.003295
1752;-0.009075;0.000211;0.015843
1753;0.008696;-0.016247;0.018710
1754;0.016928;-0.008457;0.016694
1755;0.004458;-0.004796;0.000382
