index;x;y;z
0;0.045670;0.068472;-0.119964
1;-0.020614;0.020879;-0.086777
2;-0.005519;-0.039550;0.051013
3;0.008317;-0.011917;0.089746
4;0.019946;-0.005319;0.010919
5;0.049461;0.013839;-0.061728
6;0.054113;0.005236;-0.060967
7;0.013846;-0.010435;-0.020867
8;-0.013632;0.016901;0.002945
9;-0.028376;-0.005430;0.003147
10;0.001029;-0.017642;0.033462
11;0.008128;-0.006543;-0.000272
12;-0.015928;-0.017203;-0.016051
13;-0.016991;-0.003530;-0.001959
14;-0.019137;-0.003477;0.010923
15;-0.018479;-0.012501;0.037796
16;-0.010330;-0.004488;0.020018
17;-0.011757;0.003964;0.003808
18;0.014721;0.002739;0.031416
19;0.037634;-0.014495;0.021051
20;0.022320;0.003941;0.042837
21;0.059876;0.081953;0.063530
22;0.084545;0.144526;0.029245
23;0.057829;-0.011584;-0.029824
24;-0.010791;-0.153872;-0.094812
25;-0.094401;-0.140147;-0.123481
26;-0.103259;-0.004697;-0.071843
27;0.014402;0.079865;-0.001613
28;0.110303;0.078069;0.073163
29;0.081174;-0.012816;0.091902
30;-0.022419;-0.032216;0.011494
31;-0.064246;-0.016537;-0.060717
32;-0.039267;-0.005816;-0.041637
33;-0.022484;-0.002212;-0.014306
34;-0.022488;-0.010443;-0.006301
35;-0.020311;-0.021438;0.006577
36;-0.011529;-0.014412;0.005406
37;-0.000355;0.005767;0.015524
38;0.010328;0.018871;0.006465
39;0.024382;0.008510;0.005389
40;0.004531;-0.011447;0.020100
41;-0.003484;-0.018682;0.021425
42;0.013928;0.007588;0.018659
43;0.035929;0.004733;-0.010278
44;0.023675;0.009070;-0.030898
45;0.028507;-0.001712;-0.025530
46;0.026628;-0.006629;-0.014540
47;-0.004228;-0.009101;-0.023812
48;-0.009657;-0.027592;-0.012658
49;0.029960;-0.003919;0.016131
50;0.012617;0.054100;0.004393
51;-0.031580;-0.038732;-0.048509
52;-0.017304;-0.019720;-0.001002
53;0.000963;-0.034241;0.090996
54;0.009167;-0.008157;0.095176
55;-0.053655;-0.043953;0.014422
56;-0.015937;-0.016062;0.026659
57;0.002636;-0.002735;0.029279
58;-0.002738;0.005157;-0.013212
59;0.015037;0.011383;-0.035861
60;0.024343;0.010137;-0.016670
61;0.007611;-0.007743;-0.012637
62;-0.017588;-0.009520;-0.012948
63;-0.037590;-0.021711;-0.010491
64;-0.045150;-0.025088;-0.010290
65;-0.024735;-0.016847;0.000922
66;-0.004803;-0.007056;0.004257
67;0.008114;-0.002151;0.003111
68;0.002401;-0.005754;0.004739
69;-0.015415;0.002165;0.012213
70;-0.000236;-0.003227;0.001315
71;0.011561;-0.003340;0.001293
72;0.019201;-0.006624;0.009629
73;0.018846;0.009464;0.018488
74;0.019482;0.000686;0.012631
75;0.021649;0.002751;0.009282
76;0.023189;-0.001821;0.012440
77;0.011583;0.001714;0.012709
78;0.018027;0.000314;0.003842
79;-0.005356;-0.012552;-0.008361
80;-0.005376;-0.011803;-0.007220
81;0.016436;0.002862;-0.000048
82;0.021062;-0.000070;-0.000631
83;0.011215;-0.003898;-0.006891
84;0.017054;-0.010666;-0.009638
85;-0.001759;-0.019003;0.011015
86;-0.030594;0.009167;0.022932
87;-0.031518;-0.000612;-0.004400
88;-0.039158;-0.033631;-0.030763
89;-0.041786;-0.023313;0.007775
90;-0.017928;-0.013334;0.028036
91;0.006417;-0.000285;-0.003376
92;0.040050;0.018283;-0.001544
93;0.042412;0.016629;0.008115
94;-0.014417;-0.018390;-0.017718
95;-0.034406;-0.027614;-0.024730
96;0.021855;0.029101;0.002056
97;0.095626;0.048133;0.013613
98;0.107401;0.028115;0.011635
99;0.055211;0.011759;0.018546
100;0.035668;0.014469;0.013445
101;0.064889;0.022165;-0.009722
102;0.085501;0.045121;-0.002062
103;0.088403;0.050824;0.040033
104;0.096811;0.060383;0.022258
105;0.197899;0.050702;0.015982
106;0.194808;0.060386;0.005347
107;0.136456;0.080898;-0.008919
108;0.140889;0.041458;-0.017243
109;0.079550;-0.007501;0.003981
110;0.007543;-0.005446;0.021314
111;-0.056653;0.050388;0.000716
112;-0.145534;0.043443;-0.014232
113;-0.215112;-0.054938;0.011447
114;-0.304996;-0.158544;-0.002508
115;-0.416913;-0.174459;-0.036952
116;-0.401830;-0.152277;-0.042240
117;-0.381618;-0.152042;-0.103006
118;-0.421999;-0.194165;-0.107420
119;-0.544013;-0.034628;-0.041136
120;-0.483764;-0.044535;-0.088299
121;-0.384995;-0.174327;-0.219554
122;-0.405048;-0.045064;-0.189927
123;-0.234872;0.167111;-0.042072
124;-0.071621;0.359200;-0.035740
125;0.112764;0.365459;-0.124512
126;0.279755;0.298040;-0.115636
127;0.392625;0.228331;-0.029686
128;0.517982;0.217853;0.111376
129;0.604550;0.166034;0.166984
130;0.637618;0.213582;0.181486
131;0.576708;0.256316;0.106356
132;0.532139;0.283926;0.006515
133;0.422680;0.360417;-0.053416
134;0.318608;0.383008;-0.082013
135;0.277175;0.285805;-0.162246
136;0.120964;0.168668;-0.137071
137;-0.136096;0.190582;-0.086616
138;-0.277379;0.160362;-0.070177
139;-0.314459;0.133449;-0.097603
140;-0.323105;0.041833;-0.149580
141;-0.393122;-0.081438;-0.140209
142;-0.484812;-0.132102;-0.085236
143;-0.532943;-0.197378;-0.019442
144;-0.551739;-0.280131;-0.008833
145;-0.583998;-0.238136;-0.000104
146;-0.604071;-0.191705;-0.005932
147;-0.628717;-0.080529;-0.029126
148;-0.601765;0.157235;-0.068199
149;-0.380511;0.072891;-0.177028
150;-0.154806;-0.097840;-0.242637
151;-0.043957;-0.055990;-0.143586
152;-0.100423;0.138545;0.007375
153;-0.101783;0.315072;0.012698
154;-0.015328;0.397095;-0.139341
155;0.185789;0.330595;-0.256010
156;0.343340;0.235956;-0.258765
157;0.408751;0.255628;-0.126804
158;0.517540;0.212522;0.049032
159;0.532136;0.246584;0.233704
160;0.533190;0.213940;0.287467
161;0.530233;0.232702;0.187979
162;0.539406;0.350459;0.083308
163;0.515646;0.478744;-0.016567
164;0.492519;0.333819;-0.180620
165;0.274458;0.177501;-0.262195
166;0.004473;0.225131;-0.166982
167;-0.124182;0.181694;-0.055833
168;-0.243230;0.198053;-0.018805
169;-0.280925;0.132535;-0.037847
170;-0.418772;-0.003176;-0.059680
171;-0.543297;-0.070962;-0.042930
172;-0.583215;-0.127180;-0.047616
173;-0.628585;-0.174831;-0.057739
174;-0.668629;-0.233710;-0.047496
175;-0.704127;-0.152607;-0.004919
176;-0.756082;-0.054619;0.057884
177;-0.761050;0.115718;0.018340
178;-0.602878;0.010446;-0.112921
179;-0.426684;-0.166074;-0.207196
180;-0.320276;0.019589;-0.074024
181;-0.176245;0.254187;0.058631
182;-0.073287;0.398732;-0.014743
183;0.075790;0.445648;-0.203012
184;0.271805;0.364014;-0.287935
185;0.468230;0.255430;-0.244834
186;0.529356;0.260171;-0.131968
187;0.621454;0.237820;-0.048339
188;0.645612;0.275265;0.036890
189;0.556338;0.301925;0.066644
190;0.460668;0.315877;0.017217
191;0.335489;0.455529;-0.026366
192;0.373741;0.348251;-0.062755
193;0.294396;0.183079;-0.045858
194;-0.005797;0.142574;0.101969
195;-0.087612;0.088212;0.213819
196;-0.130602;0.113892;0.224021
197;-0.133906;0.002366;0.078603
198;-0.203567;-0.106841;-0.049508
199;-0.328994;-0.075960;-0.037703
200;-0.393366;-0.063153;0.025736
201;-0.407250;-0.182452;-0.018230
202;-0.383592;-0.262449;-0.140106
203;-0.375159;-0.127821;-0.137351
204;-0.446926;0.032678;-0.112575
205;-0.599349;0.213241;-0.142616
206;-0.563001;-0.002251;-0.227241
207;-0.407204;-0.281895;-0.176571
208;-0.351893;-0.085333;0.049096
209;-0.202551;0.079258;0.148392
210;-0.130981;0.185371;-0.044083
211;-0.008338;0.223483;-0.263098
212;0.210161;0.229694;-0.274614
213;0.355810;0.214810;-0.151611
214;0.408402;0.214910;-0.017179
215;0.508858;0.187153;0.118221
216;0.553538;0.203265;0.238429
217;0.573066;0.258163;0.219743
218;0.586621;0.276956;0.041365
219;0.439567;0.583912;-0.046174
220;0.389897;0.445198;-0.140478
221;0.251204;0.233250;-0.233435
222;-0.007152;0.193834;-0.108842
223;-0.147146;0.083495;0.045534
224;-0.194017;0.047604;0.111053
225;-0.164115;-0.050319;0.048019
226;-0.259839;-0.085890;-0.008870
227;-0.322187;-0.059612;-0.044029
228;-0.407766;-0.046675;-0.079431
229;-0.523897;-0.121531;-0.056179
230;-0.587695;-0.178840;-0.044742
231;-0.600712;-0.161905;-0.007791
232;-0.540496;-0.105281;0.034541
233;-0.401642;0.073268;0.025189
234;-0.310036;-0.054606;-0.045431
235;-0.318457;-0.162617;-0.112703
236;-0.218865;-0.078709;-0.092064
237;-0.165235;0.050775;-0.065391
238;-0.184547;0.086248;-0.151360
239;-0.119105;0.097511;-0.229245
240;-0.004867;0.127650;-0.243958
241;0.095696;0.186508;-0.153168
242;0.195905;0.285663;-0.026833
243;0.446000;0.365919;0.094973
244;0.602736;0.475135;0.159168
245;0.738964;0.503132;0.157569
246;0.831754;0.778746;0.083955
247;0.901449;0.693720;0.046598
248;0.807985;0.500184;-0.081254
249;0.216834;0.519628;-0.026544
250;-0.140874;0.372268;0.117585
251;-0.179694;0.276950;0.147120
252;-0.283126;0.216417;-0.015408
253;-0.488594;0.081483;-0.140937
254;-0.631544;-0.014223;-0.137506
255;-0.728620;-0.054365;-0.170056
256;-0.868611;-0.139820;-0.247571
257;-0.981154;-0.161089;-0.277581
258;-0.992680;-0.137693;-0.273743
259;-0.957130;-0.017678;-0.212166
260;-0.838347;0.039329;-0.186134
261;-0.774979;-0.103064;-0.206861
262;-0.679052;-0.150394;-0.173643
263;-0.481602;0.152376;-0.045651
264;-0.213053;0.560792;-0.076968
265;-0.016615;0.668741;-0.286275
266;0.214924;0.621867;-0.428717
267;0.413425;0.494122;-0.378517
268;0.516329;0.381615;-0.213874
269;0.523197;0.424338;-0.065549
270;0.625900;0.407680;0.084483
271;0.600313;0.472792;0.139226
272;0.594631;0.398476;0.052165
273;0.605814;0.639562;0.086091
274;0.782694;0.509586;-0.002497
275;0.540291;0.458071;-0.075018
276;0.225060;0.342289;0.058040
277;0.133399;0.233976;0.155439
278;0.150151;0.214486;0.110674
279;0.050202;0.167270;-0.045108
280;-0.145700;0.148186;-0.124421
281;-0.342960;0.163164;-0.122303
282;-0.566320;0.151475;-0.110259
283;-0.873081;0.018540;-0.077968
284;-1.066225;-0.124347;-0.042024
285;-1.077760;-0.169359;-0.070563
286;-1.144324;0.016916;-0.145678
287;-0.953287;-0.033289;-0.172412
288;-0.682849;-0.217873;-0.210544
289;-0.596156;-0.056942;-0.111784
290;-0.427626;0.191502;-0.060902
291;-0.304603;0.393712;-0.160271
292;-0.182044;0.410412;-0.265421
293;0.010211;0.480931;-0.227955
294;0.271826;0.464216;-0.160694
295;0.457593;0.448200;-0.078952
296;0.640170;0.419032;-0.019288
297;0.776070;0.433662;0.075776
298;0.726679;0.445133;0.085917
299;0.614407;0.373438;-0.009978
300;0.547291;0.489086;0.022757
301;0.586602;0.309407;0.048932
302;0.400679;0.399967;0.095650
303;0.167889;0.300495;0.110818
304;0.044299;0.131643;0.076692
305;-0.024972;0.200892;0.047078
306;-0.026573;0.139785;-0.086756
307;-0.181525;0.047062;-0.182261
308;-0.266474;-0.024997;-0.256794
309;-0.264977;-0.056013;-0.286522
310;-0.360534;-0.070707;-0.226906
311;-0.509868;-0.127564;-0.158917
312;-0.636354;-0.167620;-0.135696
313;-0.820362;-0.158818;-0.220962
314;-0.864092;-0.021866;-0.212367
315;-0.754134;-0.086529;-0.242024
316;-0.819678;-0.029458;-0.202921
317;-0.662087;0.123301;-0.125874
318;-0.450679;0.315015;-0.138078
319;-0.201298;0.377215;-0.171595
320;0.096837;0.421643;-0.108493
321;0.392882;0.440777;-0.008698
322;0.619861;0.387408;0.074424
323;0.769551;0.363172;0.144699
324;0.832524;0.363992;0.139812
325;0.760466;0.379350;0.083369
326;0.726591;0.539150;0.091179
327;0.606201;0.633544;0.046439
328;0.494862;0.462908;-0.064544
329;0.354052;0.378922;-0.152177
330;0.174320;0.389325;-0.040310
331;-0.064363;0.325102;0.059004
332;-0.302964;0.290661;0.029816
333;-0.399109;0.120995;-0.123575
334;-0.470845;0.011665;-0.189024
335;-0.476220;-0.033023;-0.135892
336;-0.463779;-0.154282;-0.175190
337;-0.464559;-0.264465;-0.195747
338;-0.584276;-0.238344;-0.117397
339;-0.768159;-0.074917;-0.085005
340;-0.936255;0.098466;-0.216203
341;-0.923270;0.000864;-0.419224
342;-0.807726;-0.171497;-0.522613
343;-0.679478;0.059433;-0.282418
344;-0.458370;0.399836;-0.103186
345;-0.299523;0.625967;-0.109398
346;-0.041159;0.584300;-0.170224
347;0.282540;0.528517;-0.140013
348;0.550281;0.538660;-0.065375
349;0.745621;0.480712;0.015014
350;0.843352;0.416497;0.105160
351;0.852106;0.403672;0.195626
352;0.790560;0.436734;0.230932
353;0.714774;0.445228;0.144368
354;0.522006;0.818248;0.128480
355;0.628296;0.571525;-0.069264
356;0.363134;0.466022;-0.210317
357;0.060022;0.410380;-0.078047
358;-0.123372;0.284895;0.059820
359;-0.213510;0.272259;0.065358
360;-0.178888;0.243007;-0.165288
361;-0.249556;0.196652;-0.368495
362;-0.422301;0.188965;-0.388881
363;-0.556928;0.093331;-0.352164
364;-0.705797;-0.063875;-0.297373
365;-0.830328;-0.205923;-0.337928
366;-0.867701;-0.230294;-0.415116
367;-1.010195;0.025515;-0.432463
368;-0.899398;-0.071780;-0.480427
369;-0.876634;-0.201925;-0.318308
370;-0.855498;0.015043;-0.126153
371;-0.682704;0.323138;-0.032820
372;-0.409967;0.620481;-0.076254
373;-0.095201;0.676849;-0.157136
374;0.112993;0.607574;-0.173460
375;0.347118;0.574417;-0.047237
376;0.574947;0.565651;0.070713
377;0.734173;0.569602;0.129637
378;0.850634;0.486209;0.160257
379;0.878551;0.513258;0.156983
380;0.887175;0.494969;0.082418
381;0.771619;0.616902;0.114657
382;0.673043;0.551457;0.044617
383;0.503417;0.477540;-0.117561
384;0.227630;0.521107;-0.138583
385;-0.026211;0.469527;-0.013074
386;-0.230861;0.375069;0.023126
387;-0.275670;0.229909;-0.149515
388;-0.301701;0.151500;-0.263634
389;-0.388549;0.142152;-0.212353
390;-0.553076;0.115421;-0.157455
391;-0.691394;-0.021126;-0.138503
392;-0.921299;-0.120968;-0.089682
393;-1.054658;-0.174151;-0.136706
394;-1.127518;-0.125319;-0.183332
395;-0.946394;-0.004096;-0.107001
396;-0.774295;-0.103131;-0.115578
397;-0.646539;-0.151761;-0.133298
398;-0.500082;0.037592;-0.071028
399;-0.394654;0.294314;-0.082749
400;-0.280610;0.473907;-0.216066
401;-0.088982;0.499843;-0.333218
402;0.141891;0.474917;-0.351800
403;0.359191;0.486403;-0.231043
404;0.508349;0.492971;-0.109495
405;0.687267;0.533333;-0.016275
406;0.788481;0.508195;0.081428
407;0.840143;0.484439;0.065035
408;0.716177;0.575074;0.073465
409;0.697611;0.467745;0.080427
410;0.575130;0.426829;0.020579
411;0.314472;0.365130;0.002549
412;0.116180;0.335922;0.028765
413;0.042912;0.303476;0.034446
414;-0.058710;0.168718;-0.012604
415;-0.231516;0.080546;0.006623
416;-0.389332;0.054655;0.004380
417;-0.516776;-0.029069;-0.131548
418;-0.654318;-0.094615;-0.189820
419;-0.761543;-0.078248;-0.197160
420;-0.850136;-0.049591;-0.291400
421;-0.963280;0.130609;-0.168518
422;-0.886475;-0.062240;-0.093574
423;-0.604521;-0.269742;-0.129703
424;-0.365161;-0.106661;-0.029492
425;-0.289288;0.021528;-0.069589
426;-0.409572;0.236590;-0.224443
427;-0.312245;0.291543;-0.362932
428;-0.112374;0.281568;-0.300303
429;0.063611;0.404947;-0.163555
430;0.293808;0.461035;0.008734
431;0.528174;0.499716;0.165725
432;0.708376;0.478036;0.275084
433;0.842995;0.505694;0.319570
434;0.899255;0.490002;0.232309
435;0.745942;0.703973;0.204091
436;0.634691;0.615094;0.105994
437;0.481439;0.456361;-0.076249
438;0.165219;0.419290;-0.101148
439;-0.062408;0.287328;0.010184
440;-0.169694;0.250121;0.058399
441;-0.166696;0.205002;-0.113376
442;-0.285904;0.098362;-0.222732
443;-0.477805;0.052133;-0.182892
444;-0.632743;-0.002851;-0.158604
445;-0.761044;-0.088197;-0.152129
446;-0.890603;-0.155553;-0.094273
447;-0.940941;-0.120855;-0.069465
448;-1.000240;-0.096701;-0.129278
449;-0.957681;-0.028648;-0.172150
450;-0.854733;-0.159567;-0.200341
451;-0.804406;-0.069792;-0.167059
452;-0.606071;0.185920;-0.129441
453;-0.487279;0.504532;-0.166484
454;-0.328738;0.718895;-0.234126
455;-0.071767;0.757863;-0.253117
456;0.191175;0.730345;-0.162149
457;0.516901;0.702704;-0.048332
458;0.800698;0.637191;0.057868
459;0.947721;0.560502;0.080392
460;0.979698;0.634106;0.068504
461;0.986040;0.534639;0.056615
462;0.946021;0.638045;0.054886
463;0.763589;0.827694;-0.020653
464;0.693510;0.639005;-0.198148
465;0.351079;0.681570;-0.247107
466;0.088828;0.596146;-0.074129
467;-0.200394;0.602816;0.085022
468;-0.293199;0.561831;-0.069882
469;-0.389730;0.485671;-0.281754
470;-0.587413;0.342572;-0.345206
471;-0.839007;0.212470;-0.355554
472;-0.998297;0.063812;-0.421083
473;-1.170295;-0.095752;-0.483492
474;-1.188479;-0.157652;-0.573332
475;-1.143238;-0.010657;-0.625095
476;-1.112077;0.000709;-0.512199
477;-0.962034;-0.146311;-0.432364
478;-0.827814;0.020127;-0.309422
479;-0.630237;0.403271;-0.214201
480;-0.465108;0.774510;-0.181333
481;-0.267472;0.904609;-0.262471
482;0.001036;0.819744;-0.333274
483;0.276725;0.756556;-0.282285
484;0.502594;0.704805;-0.154760
485;0.727428;0.667142;-0.059650
486;0.894513;0.724280;0.038622
487;1.065091;0.617592;0.124693
488;1.058690;0.611124;0.091288
489;1.000362;0.700317;0.070294
490;0.971215;0.673126;0.070564
491;0.784768;0.608640;-0.099657
492;0.353807;0.638323;-0.151249
493;0.127423;0.617660;-0.039731
494;-0.099115;0.638917;0.038212
495;-0.285150;0.593672;-0.079626
496;-0.404345;0.468516;-0.274179
497;-0.597798;0.362068;-0.351263
498;-0.786107;0.271857;-0.275799
499;-0.930698;0.153970;-0.225124
500;-1.082766;0.010103;-0.210930
501;-1.202544;-0.080742;-0.306216
502;-1.263833;-0.110812;-0.356595
503;-1.289175;0.005294;-0.301054
504;-1.129084;-0.201916;-0.257118
505;-1.015953;-0.117844;-0.152451
506;-0.838797;0.258391;-0.095388
507;-0.600260;0.718489;-0.183936
508;-0.355363;0.939237;-0.349544
509;-0.066156;0.923260;-0.351684
510;0.227267;0.868614;-0.258990
511;0.496309;0.795449;-0.137904
512;0.806630;0.690549;-0.004307
513;0.935938;0.630886;0.050514
514;0.966007;0.539905;0.019249
515;1.030940;0.564894;0.008140
516;1.003002;0.587657;-0.055719
517;0.876802;0.701320;-0.017210
518;0.704900;0.674676;-0.161145
519;0.390080;0.733226;-0.214549
520;0.150191;0.616496;-0.081006
521;-0.065925;0.534066;0.030051
522;-0.162002;0.440576;-0.021132
523;-0.228218;0.379582;-0.158604
524;-0.372639;0.354706;-0.236701
525;-0.613966;0.389801;-0.198042
526;-0.856138;0.284923;-0.212148
527;-1.106733;0.080962;-0.229059
528;-1.361986;-0.087825;-0.318099
529;-1.439350;-0.245340;-0.363256
530;-1.242767;-0.027073;-0.181493
531;-0.987725;-0.111093;-0.105419
532;-0.978286;-0.121636;-0.156943
533;-0.888393;0.189498;-0.153008
534;-0.698050;0.552690;-0.226985
535;-0.524564;0.919578;-0.327769
536;-0.156279;0.880880;-0.394241
537;0.195958;0.873356;-0.364846
538;0.587506;0.789872;-0.227240
539;0.812513;0.663489;-0.044226
540;0.902070;0.580429;0.006475
541;0.925741;0.560668;-0.002630
542;0.961556;0.545292;-0.032125
543;0.981669;0.477446;-0.029578
544;0.706545;0.779080;0.058568
545;0.666858;0.513920;-0.057066
546;0.392788;0.574222;-0.165340
547;0.182723;0.551438;-0.053517
548;-0.019812;0.553808;0.037292
549;-0.176110;0.483876;-0.044966
550;-0.266128;0.356354;-0.209038
551;-0.390472;0.274246;-0.264247
552;-0.606719;0.206674;-0.219740
553;-0.785648;0.064954;-0.268905
554;-0.923625;0.007257;-0.277105
555;-1.013785;-0.019850;-0.326230
556;-1.037426;-0.139137;-0.456055
557;-1.088374;0.053859;-0.401300
558;-1.025902;-0.028879;-0.340441
559;-0.959507;-0.171176;-0.216337
560;-0.738299;0.044410;0.012372
561;-0.338600;0.351716;0.031482
562;-0.102447;0.601616;-0.205558
563;0.106077;0.602770;-0.426230
564;0.264259;0.496835;-0.427203
565;0.441503;0.375853;-0.239859
566;0.629104;0.434274;-0.042774
567;0.648191;0.293586;0.036120
568;0.722744;0.411461;0.124219
569;0.746228;0.418555;0.100001
570;0.768578;0.421194;0.026300
571;0.580498;0.683349;0.078688
572;0.548571;0.389769;-0.011565
573;0.262406;0.329030;-0.087533
574;-0.003607;0.352571;0.048802
575;-0.085133;0.199370;0.153719
576;-0.148702;0.094621;0.069248
577;-0.139535;0.070451;-0.126579
578;-0.211499;0.051543;-0.208418
579;-0.333798;-0.050261;-0.192985
580;-0.421522;-0.061597;-0.136176
581;-0.595484;-0.069050;-0.094395
582;-0.828791;-0.055495;-0.069512
583;-0.958247;-0.109810;-0.072398
584;-1.015020;-0.011854;-0.088218
585;-0.793728;-0.019942;-0.128377
586;-0.657810;-0.143278;-0.180978
587;-0.607421;0.060832;-0.042529
588;-0.408266;0.185188;0.027696
589;-0.283070;0.328092;-0.066981
590;-0.108148;0.412412;-0.233563
591;0.075974;0.469318;-0.346303
592;0.288700;0.430423;-0.337036
593;0.450500;0.410518;-0.217509
594;0.700061;0.378921;-0.145579
595;0.868713;0.439262;-0.046053
596;0.909862;0.383414;-0.038367
597;0.982673;0.500590;-0.068290
598;0.816536;0.877573;-0.103917
599;0.619626;0.634462;-0.272577
600;0.114985;0.670672;-0.265683
601;-0.141103;0.430350;-0.104017
602;-0.191473;0.251131;0.014729
603;-0.163902;0.182117;-0.052392
604;-0.178861;0.128614;-0.166921
605;-0.388413;0.019967;-0.140556
606;-0.583120;-0.049584;-0.100380
607;-0.673709;-0.031295;-0.014774
608;-0.797332;-0.099819;0.049439
609;-0.958350;-0.111288;0.042898
610;-1.043757;-0.105176;-0.015039
611;-1.124352;0.076703;-0.040673
612;-0.987528;0.038116;-0.121175
613;-0.793830;-0.107046;-0.132019
614;-0.571767;0.145228;-0.034698
615;-0.269062;0.493430;-0.062369
616;-0.160321;0.725166;-0.268692
617;0.000529;0.538935;-0.442719
618;0.195848;0.515757;-0.393290
619;0.447902;0.431767;-0.261467
620;0.688596;0.427180;-0.128341
621;0.871510;0.459382;-0.037024
622;0.888511;0.423217;-0.125503
623;0.867128;0.450766;-0.155718
624;0.815701;0.483030;-0.200705
625;0.614632;0.830095;-0.159958
626;0.634987;0.566714;-0.291206
627;0.319321;0.502945;-0.286124
628;-0.038585;0.459323;-0.045422
629;-0.163267;0.343172;0.156693
630;-0.283829;0.306084;0.088043
631;-0.300982;0.293384;-0.131456
632;-0.433089;0.175957;-0.180397
633;-0.698310;0.065502;-0.073340
634;-0.832607;-0.033351;-0.057085
635;-0.887056;-0.113738;-0.085906
636;-1.010986;-0.185304;-0.091088
637;-1.062530;-0.154466;-0.078038
638;-1.075719;0.071859;-0.008142
639;-0.943021;0.062324;-0.089714
640;-0.832807;-0.069591;-0.124700
641;-0.637496;0.113011;-0.012027
642;-0.348819;0.463546;-0.046665
643;-0.158696;0.659023;-0.263697
644;0.072206;0.596132;-0.473542
645;0.367909;0.548692;-0.507051
646;0.645231;0.404223;-0.285238
647;0.763006;0.466556;-0.090107
648;0.756282;0.468336;0.054159
649;0.686710;0.455075;0.106196
650;0.730202;0.350926;0.127755
651;0.781288;0.476481;0.068103
652;0.582703;0.677700;-0.042430
653;0.541247;0.532634;-0.231736
654;0.230087;0.380434;-0.266985
655;-0.078401;0.305539;-0.017248
656;-0.205708;0.228619;0.151723
657;-0.258989;0.167418;0.042298
658;-0.298304;0.082592;-0.143152
659;-0.392893;-0.030401;-0.210794
660;-0.499334;-0.077416;-0.159947
661;-0.548561;-0.110557;-0.142702
662;-0.634412;-0.166384;-0.131234
663;-0.747709;-0.156233;-0.099350
664;-0.778219;-0.080708;-0.057304
665;-0.861948;0.007828;-0.065610
666;-0.834394;0.034500;-0.147533
667;-0.791654;-0.214887;-0.158577
668;-0.810903;-0.110652;-0.045418
669;-0.625873;0.200311;-0.004698
670;-0.470097;0.613538;-0.114752
671;-0.226811;0.742493;-0.281157
672;0.123989;0.730588;-0.288455
673;0.465764;0.633114;-0.165108
674;0.733027;0.586516;-0.008843
675;0.859467;0.481084;0.091357
676;0.950393;0.483676;0.171020
677;1.004631;0.524071;0.164085
678;0.887666;0.546351;0.068841
679;0.679853;0.687275;0.022519
680;0.601168;0.693233;-0.029819
681;0.478221;0.595183;-0.235903
682;0.133416;0.628303;-0.338253
683;-0.150892;0.509911;-0.184358
684;-0.336729;0.392359;-0.005024
685;-0.360256;0.225036;-0.040983
686;-0.451606;0.138610;-0.212034
687;-0.590246;0.121436;-0.192302
688;-0.685100;0.024275;-0.210152
689;-0.793729;-0.044534;-0.202947
690;-0.947727;-0.082903;-0.234914
691;-1.151389;-0.141567;-0.316833
692;-1.327634;-0.023640;-0.376955
693;-1.106493;-0.008272;-0.377412
694;-0.862162;-0.120231;-0.323703
695;-0.845975;0.083126;-0.157950
696;-0.680228;0.381745;-0.081506
697;-0.580386;0.832561;-0.156216
698;-0.264185;0.995758;-0.264199
699;0.130583;0.982545;-0.301524
700;0.539554;0.815364;-0.229039
701;0.744676;0.743065;-0.045627
702;0.897850;0.603065;0.075855
703;0.848448;0.595603;0.045646
704;0.974420;0.543707;0.071237
705;1.078267;0.612800;0.147206
706;0.938978;0.665419;0.031239
707;0.766232;0.666404;-0.028893
708;0.563425;0.642935;-0.145417
709;0.189836;0.716831;-0.124176
710;-0.118838;0.695606;0.004759
711;-0.407815;0.613918;0.030556
712;-0.530575;0.392683;-0.155417
713;-0.624335;0.136817;-0.253205
714;-0.734742;0.087556;-0.139294
715;-0.734292;0.086996;-0.028266
716;-0.779956;0.027219;0.010308
717;-0.981978;-0.113626;-0.049655
718;-1.199088;-0.178202;-0.066515
719;-1.328143;-0.193109;-0.059478
720;-1.237872;-0.034490;-0.038758
721;-0.954713;-0.020013;-0.069347
722;-0.801590;0.143954;-0.154833
723;-0.587991;0.509646;-0.202640
724;-0.372788;0.803817;-0.297299
725;-0.140067;0.856387;-0.469675
726;0.218805;0.742174;-0.463790
727;0.485093;0.586130;-0.385871
728;0.632680;0.492530;-0.247610
729;0.779823;0.514067;-0.106044
730;0.842448;0.451017;0.007035
731;0.834969;0.501840;0.027752
732;0.862709;0.521128;0.065588
733;0.922591;0.532019;0.055019
734;0.721698;0.745635;0.031255
735;0.542396;0.533644;-0.138912
736;0.207592;0.582560;-0.166198
737;0.023629;0.525441;-0.003734
738;-0.163895;0.426367;0.109175
739;-0.309154;0.322911;-0.002289
740;-0.314380;0.196883;-0.182114
741;-0.496081;0.184805;-0.239984
742;-0.692317;0.170950;-0.214101
743;-0.818494;0.017957;-0.194990
744;-0.988041;-0.115446;-0.230297
745;-1.057361;-0.151397;-0.335906
746;-1.130654;-0.020060;-0.320267
747;-1.061095;0.076651;-0.306924
748;-0.990273;-0.141110;-0.316895
749;-0.889467;-0.079818;-0.215526
750;-0.714257;0.273198;-0.128864
751;-0.519022;0.663652;-0.148364
752;-0.278922;0.959904;-0.249933
753;0.151520;0.914727;-0.188385
754;0.486628;0.823905;-0.051798
755;0.722833;0.622269;0.103794
756;0.925376;0.604904;0.269218
757;0.994802;0.503525;0.307368
758;0.998384;0.542275;0.292504
759;0.900819;0.551895;0.248679
760;0.712851;0.752833;0.235043
761;0.662868;0.656785;0.038166
762;0.592726;0.485995;-0.245664
763;0.236933;0.522651;-0.296801
764;-0.057988;0.498247;-0.084748
765;-0.256798;0.496532;0.030205
766;-0.368460;0.430789;-0.194908
767;-0.548106;0.269048;-0.364778
768;-0.734591;0.128271;-0.296514
769;-0.926892;0.011230;-0.325412
770;-1.043636;-0.151956;-0.271787
771;-1.092637;-0.231949;-0.186324
772;-1.002345;-0.215334;-0.198216
773;-1.045249;-0.002764;-0.259721
774;-0.932033;0.099461;-0.340397
775;-0.901241;0.022928;-0.372013
776;-0.837863;0.279247;-0.231395
777;-0.593070;0.711382;-0.176701
778;-0.184146;0.921397;-0.297601
779;0.118966;0.852746;-0.359540
780;0.391546;0.740634;-0.310258
781;0.668213;0.567783;-0.276347
782;0.805221;0.482851;-0.220030
783;0.852212;0.414100;-0.228670
784;0.874950;0.397983;-0.185372
785;0.936810;0.502823;-0.061349
786;0.994620;0.526381;-0.057523
787;0.840624;0.707991;-0.054049
788;0.714687;0.653429;-0.081828
789;0.611557;0.617247;-0.216261
790;0.272976;0.726287;-0.263165
791;-0.095201;0.643621;-0.089650
792;-0.441095;0.635802;0.079540
793;-0.515132;0.477136;-0.069318
794;-0.465204;0.321896;-0.517571
795;-0.473903;0.256622;-0.766027
796;-0.583737;0.176425;-0.704038
797;-0.695299;0.054432;-0.547618
798;-0.742442;-0.050488;-0.460187
799;-0.828281;-0.016618;-0.626577
800;-0.919450;0.070496;-0.858745
801;-0.971528;0.135137;-0.931091
802;-0.889846;-0.062936;-0.810023
803;-0.830337;0.053904;-0.487089
804;-0.692971;0.403733;-0.205232
805;-0.481933;0.833604;-0.103189
806;-0.278933;1.040100;-0.302033
807;0.157819;0.997625;-0.354336
808;0.571322;0.881657;-0.212983
809;0.835346;0.641552;-0.010555
810;0.833241;0.585393;0.096612
811;0.913823;0.542669;0.157890
812;1.017860;0.656661;0.424403
813;0.875321;0.504113;0.489500
814;0.752927;0.698957;0.472839
815;0.888078;0.746611;0.287352
816;0.741434;0.739756;-0.089170
817;0.341080;0.766152;-0.303448
818;0.054185;0.653349;-0.260202
819;-0.199815;0.643829;-0.109370
820;-0.395100;0.492981;-0.052125
821;-0.586988;0.312004;-0.174550
822;-0.715704;0.200079;-0.381372
823;-0.791287;0.126127;-0.538140
824;-0.854432;0.029023;-0.536548
825;-0.900790;-0.038039;-0.448020
826;-1.037545;-0.087425;-0.401367
827;-1.236779;0.004363;-0.344962
828;-1.190885;-0.045992;-0.381158
829;-1.053879;-0.169205;-0.372157
830;-0.943026;0.062173;-0.205045
831;-0.770237;0.440539;-0.169918
832;-0.601056;0.840454;-0.224431
833;-0.295382;0.959221;-0.316381
834;0.034244;0.977935;-0.279778
835;0.343826;0.907133;-0.222999
836;0.708929;0.790473;-0.123833
837;1.016304;0.751515;0.039917
838;1.116756;0.620963;0.134066
839;1.014925;0.560663;0.068056
840;0.975976;0.584252;0.066435
841;0.903629;0.751133;0.114338
842;0.838033;0.717511;-0.053954
843;0.477819;0.757845;-0.230181
844;0.140816;0.692139;-0.251181
845;-0.113279;0.555448;-0.147011
846;-0.302240;0.328083;-0.046726
847;-0.398445;0.192101;-0.000389
848;-0.434290;0.195632;-0.037122
849;-0.490221;0.260688;-0.138535
850;-0.613868;0.216735;-0.192316
851;-0.895029;0.088371;-0.174939
852;-1.253087;-0.090543;-0.146773
853;-1.397174;-0.295140;-0.135080
854;-1.374715;-0.106820;-0.118821
855;-0.993522;-0.113059;-0.095451
856;-0.867788;-0.159293;-0.175269
857;-0.849196;0.160618;-0.199647
858;-0.753173;0.559729;-0.248658
859;-0.525223;0.750254;-0.349197
860;-0.233286;0.822948;-0.444088
861;0.058588;0.811478;-0.411232
862;0.322957;0.840284;-0.227735
863;0.687730;0.751861;-0.015882
864;0.899027;0.692927;0.109938
865;0.991367;0.588091;0.090170
866;0.944407;0.695457;0.106969
867;0.947571;0.643006;0.083469
868;0.921853;0.852004;0.111752
869;0.860584;0.728075;-0.010697
870;0.575351;0.653583;-0.132736
871;0.174899;0.654416;-0.084755
872;-0.055408;0.639578;-0.018796
873;-0.258221;0.600796;0.002036
874;-0.369328;0.461475;-0.079876
875;-0.535505;0.344157;-0.164350
876;-0.775660;0.252851;-0.151635
877;-0.956863;0.112272;-0.251470
878;-1.117727;-0.026642;-0.308033
879;-1.240986;-0.150465;-0.348211
880;-1.174785;-0.141895;-0.302897
881;-1.044971;0.072257;-0.186745
882;-0.891955;-0.035527;-0.202497
883;-0.872466;-0.189802;-0.215155
884;-0.833163;0.064629;-0.107212
885;-0.727916;0.548857;-0.148354
886;-0.580550;0.778595;-0.417036
887;-0.206155;0.910330;-0.551873
888;0.345663;0.789321;-0.646762
889;0.521073;0.705590;-0.440660
890;0.707170;0.601501;-0.036196
891;0.780835;0.584302;0.223400
892;0.863645;0.573814;0.090171
893;0.905623;0.560734;-0.044349
894;0.949117;0.573387;-0.011678
895;0.793067;0.783993;0.041993
896;0.618159;0.675759;-0.008513
897;0.334456;0.634173;-0.104527
898;0.068124;0.543118;-0.074073
899;-0.169928;0.418169;0.042557
900;-0.220042;0.324090;0.066877
901;-0.231851;0.265718;-0.054851
902;-0.391668;0.196004;-0.146827
903;-0.578683;0.202475;-0.145978
904;-0.765333;0.146737;-0.208385
905;-0.959322;-0.012438;-0.242092
906;-1.188071;-0.149093;-0.308082
907;-1.284072;-0.235099;-0.298385
908;-1.138412;0.040739;-0.139652
909;-0.837525;-0.056707;-0.071718
910;-0.875790;-0.122108;-0.079527
911;-0.767169;0.175098;-0.032489
912;-0.339300;0.676865;-0.172114
913;-0.055157;0.761607;-0.489163
914;0.407942;0.756215;-0.565358
915;0.744981;0.525136;-0.493796
916;0.726507;0.398087;-0.277961
917;0.569942;0.475766;-0.014846
918;0.621147;0.397631;0.212568
919;0.657691;0.335259;0.314839
920;0.605798;0.326705;0.254089
921;0.614235;0.509988;0.143688
922;0.450058;0.530366;0.008929
923;0.304343;0.381905;-0.116226
924;0.000510;0.140098;-0.158963
925;-0.197785;0.065105;-0.038318
926;-0.216397;0.003735;0.049860
927;-0.189042;0.033834;-0.004132
928;-0.179021;-0.042240;-0.159832
929;-0.209819;-0.127569;-0.244156
930;-0.229473;-0.132607;-0.232113
931;-0.303996;-0.119540;-0.168815
932;-0.403392;-0.170376;-0.148287
933;-0.584190;-0.124659;-0.148763
934;-0.808803;-0.056705;-0.098029
935;-0.965554;0.161466;-0.090191
936;-0.846313;-0.092496;-0.126653
937;-0.766027;-0.083487;-0.064409
938;-0.503733;0.170119;-0.005827
939;-0.264438;0.435772;-0.087644
940;0.090299;0.423398;-0.240442
941;0.341009;0.412236;-0.277013
942;0.460951;0.283975;-0.181316
943;0.550883;0.361539;-0.022007
944;0.651429;0.236084;0.081732
945;0.720466;0.371312;0.149280
946;0.772913;0.296013;0.046926
947;0.662037;0.473937;-0.001605
948;0.735638;0.450846;-0.097182
949;0.617092;0.721551;-0.075521
950;0.623585;0.498262;-0.208912
951;0.230495;0.515981;-0.292662
952;-0.196418;0.473430;-0.178757
953;-0.485029;0.335991;-0.034799
954;-0.498724;0.159614;0.008890
955;-0.496371;0.016897;-0.024881
956;-0.569653;-0.124052;-0.118639
957;-0.693199;-0.125776;-0.142705
958;-0.758881;-0.106714;-0.087133
959;-0.844649;-0.125052;-0.097977
960;-0.980827;-0.100994;-0.124843
961;-1.044900;-0.090284;-0.131169
962;-1.065821;0.197153;-0.083622
963;-0.790151;0.075877;-0.139628
964;-0.694727;0.034815;-0.167833
965;-0.592355;0.514196;-0.153420
966;-0.140816;0.848683;-0.331971
967;0.377934;0.907051;-0.404354
968;0.587106;0.710819;-0.336062
969;0.515048;0.434347;-0.222763
970;0.611579;0.276424;-0.058649
971;0.764969;0.247396;0.063340
972;0.800092;0.261328;0.087544
973;0.807567;0.344624;0.147555
974;0.673924;0.386456;0.082574
975;0.664406;0.464616;0.041335
976;0.511224;0.755155;-0.019721
977;0.461693;0.541669;-0.246444
978;0.225881;0.464103;-0.396872
979;-0.077061;0.417108;-0.242195
980;-0.381076;0.369239;0.039214
981;-0.429013;0.159978;0.171981
982;-0.428376;-0.014432;0.063454
983;-0.488808;-0.055762;-0.119508
984;-0.547171;-0.067952;-0.152257
985;-0.634026;-0.029618;-0.082629
986;-0.729359;-0.047969;-0.016701
987;-0.883783;-0.085376;-0.060784
988;-0.994098;-0.122346;-0.119566
989;-1.006345;0.081499;-0.098383
990;-0.806538;-0.038748;-0.117818
991;-0.750617;-0.105211;-0.100025
992;-0.607744;0.207279;-0.033491
993;-0.376057;0.572933;-0.129573
994;-0.186142;0.750407;-0.313754
995;0.024913;0.693652;-0.440140
996;0.337333;0.541730;-0.403337
997;0.542364;0.489830;-0.247366
998;0.761366;0.443444;-0.030737
999;0.872900;0.446959;0.171902
1000;0.931067;0.397259;0.232494
1001;0.818643;0.473469;0.190798
1002;0.789647;0.477559;0.091473
1003;0.601245;0.751657;0.039976
1004;0.563164;0.559593;-0.142365
1005;0.275848;0.510783;-0.304846
1006;-0.009308;0.478272;-0.164682
1007;-0.213026;0.436262;0.045867
1008;-0.386066;0.266219;0.047089
1009;-0.465580;0.097743;-0.063043
1010;-0.505886;0.009573;-0.133836
1011;-0.611160;-0.049537;-0.195908
1012;-0.650260;-0.060691;-0.213925
1013;-0.699995;-0.149801;-0.218105
1014;-0.863296;-0.117953;-0.183664
1015;-0.905676;-0.119808;-0.192660
1016;-0.916232;0.106685;-0.161808
1017;-0.744630;0.086734;-0.174051
1018;-0.544231;-0.123169;-0.190875
1019;-0.374844;0.051109;-0.067379
1020;-0.126942;0.249968;0.023112
1021;-0.020360;0.389611;-0.097868
1022;0.173454;0.412362;-0.260367
1023;0.416017;0.304851;-0.257973
1024;0.518768;0.300537;-0.097774
1025;0.642274;0.218677;0.059939
1026;0.666341;0.197552;0.126290
1027;0.650331;0.218815;0.160268
1028;0.583893;0.205663;0.133087
1029;0.468456;0.438967;0.030372
1030;0.329911;0.446127;-0.218443
1031;0.316957;0.273439;-0.395021
1032;0.035248;0.242645;-0.329526
1033;-0.102380;0.120112;-0.075334
1034;-0.033646;0.080994;0.120181
1035;0.021407;0.001834;0.116653
1036;-0.083484;-0.070794;-0.008295
1037;-0.193696;-0.128941;-0.000139
1038;-0.299046;-0.154380;0.044830
1039;-0.438538;-0.125304;0.072453
1040;-0.489587;-0.131797;0.060945
1041;-0.557999;-0.068874;-0.018223
1042;-0.545219;0.060392;-0.068556
1043;-0.429361;0.186948;-0.096750
1044;-0.328858;-0.013235;-0.125031
1045;-0.125424;-0.116862;-0.016681
1046;-0.072819;-0.094568;0.094873
1047;-0.199159;-0.004207;-0.041024
1048;-0.057256;0.092626;-0.189872
1049;0.232443;0.084963;-0.229470
1050;0.367481;-0.008869;-0.118749
1051;0.286260;-0.024938;-0.038695
1052;0.223003;0.018389;0.013627
1053;0.233227;0.025638;0.062627
1054;0.200910;0.122044;0.079718
1055;0.181189;0.177984;-0.041871
1056;0.130035;0.384523;-0.097153
1057;0.174304;0.323016;-0.176413
1058;0.349185;-0.015559;-0.287657
1059;0.027484;-0.030313;-0.115587
1060;-0.060479;-0.056925;0.159643
1061;0.049996;-0.007850;0.247686
1062;0.070810;-0.011276;0.056571
1063;0.010453;-0.089427;-0.106577
1064;-0.041242;-0.132815;-0.050703
1065;-0.155581;-0.165996;0.025617
1066;-0.254412;-0.181100;0.047144
1067;-0.308972;-0.119356;0.073078
1068;-0.402323;-0.019395;0.010173
1069;-0.319142;-0.021034;-0.103235
1070;-0.275223;0.269990;-0.126120
1071;-0.280735;0.002231;-0.235250
1072;-0.362358;-0.186313;-0.165398
1073;-0.272830;-0.179285;0.016939
1074;-0.379488;0.005119;-0.040335
1075;-0.390110;0.185540;-0.291485
1076;-0.262624;0.109454;-0.402104
1077;-0.146653;0.112760;-0.285390
1078;0.015267;0.215487;-0.012496
1079;0.330877;0.354542;0.237834
1080;0.668614;0.426190;0.333256
1081;0.819472;0.593185;0.277099
1082;0.952906;0.761074;0.294551
1083;0.805382;0.860985;0.174551
1084;0.859201;0.666143;0.077590
1085;0.601759;0.546199;-0.075264
1086;0.014619;0.603401;-0.079614
1087;-0.327484;0.449742;-0.060043
1088;-0.444589;0.299596;-0.090249
1089;-0.564235;0.097203;-0.128649
1090;-0.695740;-0.073374;-0.129485
1091;-0.761698;-0.164728;-0.196435
1092;-0.767635;-0.231742;-0.210969
1093;-0.759394;-0.257038;-0.194375
1094;-0.814778;-0.190753;-0.171470
1095;-0.866003;-0.131891;-0.234407
1096;-0.883087;0.088826;-0.274002
1097;-0.766156;-0.089693;-0.300382
1098;-0.748960;-0.058684;-0.229780
1099;-0.560495;0.371826;-0.157756
1100;-0.179177;0.683742;-0.157795
1101;0.037909;0.754191;-0.269730
1102;0.297167;0.611545;-0.301145
1103;0.444854;0.486329;-0.215573
1104;0.658186;0.431892;-0.000502
1105;0.761783;0.496954;0.145885
1106;0.681448;0.383782;0.056214
1107;0.779335;0.386908;0.057532
1108;0.970648;0.587441;0.147572
1109;0.711100;0.699400;0.050507
1110;0.541405;0.600924;-0.094331
1111;0.479875;0.361310;-0.234124
1112;0.120162;0.424779;-0.152298
1113;-0.089443;0.375752;0.103851
1114;-0.153877;0.374975;0.215064
1115;-0.165377;0.348591;-0.016326
1116;-0.311623;0.261145;-0.262668
1117;-0.484217;0.152158;-0.339046
1118;-0.635876;0.077253;-0.325730
1119;-0.759923;-0.027265;-0.294216
1120;-0.969178;-0.134995;-0.320084
1121;-1.083112;-0.220947;-0.451744
1122;-1.175218;-0.047320;-0.520210
1123;-0.975034;-0.029068;-0.494423
1124;-0.853525;-0.049788;-0.426858
1125;-0.802143;0.139353;-0.354157
1126;-0.727675;0.487685;-0.332716
1127;-0.563675;0.801649;-0.302196
1128;-0.253204;0.900133;-0.280062
1129;0.143394;0.866122;-0.192461
1130;0.517797;0.806297;-0.043194
1131;0.837574;0.663670;0.143925
1132;0.969018;0.681464;0.259651
1133;1.024576;0.573202;0.237928
1134;0.985022;0.610727;0.290027
1135;0.922587;0.541030;0.263516
1136;0.703733;0.744021;0.217055
1137;0.756125;0.688977;0.058743
1138;0.516246;0.687315;-0.146472
1139;0.165044;0.658698;-0.152968
1140;-0.129662;0.609048;-0.023671
1141;-0.276980;0.500829;0.000609
1142;-0.334521;0.352164;-0.177217
1143;-0.464595;0.225722;-0.271249
1144;-0.632658;0.230967;-0.205487
1145;-0.783884;0.212512;-0.340921
1146;-0.955708;0.059732;-0.500834
1147;-1.198230;-0.085600;-0.594394
1148;-1.341502;-0.156614;-0.585564
1149;-1.217332;0.017888;-0.356464
1150;-1.027422;-0.063367;-0.301819
1151;-0.963669;0.001586;-0.229785
1152;-0.817192;0.292928;-0.162552
1153;-0.641799;0.781051;-0.253140
1154;-0.360907;1.006460;-0.419481
1155;0.080587;1.001425;-0.450715
1156;0.474359;0.894036;-0.373909
1157;0.679478;0.763530;-0.146065
1158;0.962238;0.680756;0.064941
1159;1.089330;0.562096;0.183233
1160;0.975089;0.572849;0.090980
1161;0.922332;0.508271;-0.087243
1162;0.858705;0.613711;-0.120734
1163;0.769291;0.691375;-0.070651
1164;0.656773;0.681248;-0.158262
1165;0.264570;0.670772;-0.264228
1166;-0.059826;0.564973;-0.178128
1167;-0.390828;0.553637;0.032967
1168;-0.547319;0.331634;0.108678
1169;-0.627175;0.107968;-0.004071
1170;-0.718023;-0.021667;-0.135408
1171;-0.749908;-0.022914;-0.108252
1172;-0.771598;-0.051713;-0.094622
1173;-0.840777;-0.145272;-0.117537
1174;-0.898662;-0.142089;-0.086409
1175;-0.881274;-0.164469;-0.079079
1176;-0.930553;0.088730;-0.060010
1177;-0.815260;0.009114;-0.100919
1178;-0.659605;-0.097337;-0.108961
1179;-0.545438;0.207137;-0.070999
1180;-0.347002;0.490395;-0.100099
1181;-0.197379;0.613862;-0.335204
1182;-0.028269;0.552388;-0.471361
1183;0.210476;0.538029;-0.333738
1184;0.466254;0.459860;-0.099983
1185;0.710623;0.516125;0.102267
1186;0.795999;0.421177;0.172433
1187;0.924240;0.483518;0.223117
1188;0.955609;0.505554;0.144792
1189;0.983498;0.562875;-0.013439
1190;0.821222;0.759407;-0.164631
1191;0.607660;0.632204;-0.281382
1192;0.289454;0.723504;-0.330438
1193;-0.034625;0.657366;-0.221585
1194;-0.362117;0.515845;-0.066590
1195;-0.456089;0.298116;0.042478
1196;-0.479463;0.138886;0.002703
1197;-0.578656;0.038792;-0.112349
1198;-0.631230;0.007817;-0.187895
1199;-0.732386;-0.016955;-0.188294
1200;-0.900747;-0.068277;-0.212963
1201;-1.085847;-0.075447;-0.242495
1202;-1.151242;-0.078089;-0.281535
1203;-0.963927;0.115228;-0.217685
1204;-0.781979;-0.055202;-0.153593
1205;-0.769908;-0.075878;-0.028945
1206;-0.582323;0.126939;0.043741
1207;-0.329435;0.665700;-0.177224
1208;-0.090267;0.771364;-0.532777
1209;0.189645;0.674025;-0.609263
1210;0.514589;0.400758;-0.575478
1211;0.602953;0.340078;-0.383013
1212;0.678087;0.421910;-0.134783
1213;0.713875;0.394005;-0.026460
1214;0.705785;0.448590;0.005515
1215;0.672019;0.412493;-0.011408
1216;0.573582;0.609826;-0.004850
1217;0.518136;0.516752;-0.064273
1218;0.425444;0.288639;-0.237826
1219;0.105864;0.254198;-0.126155
1220;-0.086744;0.127492;0.081916
1221;-0.110434;0.059398;0.165877
1222;-0.116218;0.007913;0.068068
1223;-0.207820;-0.077150;-0.029946
1224;-0.323947;-0.119587;-0.095998
1225;-0.413638;-0.091599;-0.132297
1226;-0.539144;-0.104078;-0.140651
1227;-0.687269;-0.123510;-0.121025
1228;-0.830024;-0.045249;-0.105721
1229;-0.960584;0.165983;-0.117727
1230;-0.753740;0.112358;-0.150021
1231;-0.609300;-0.196097;-0.130929
1232;-0.527995;-0.034362;0.010921
1233;-0.231630;0.219699;-0.009385
1234;0.009500;0.388438;-0.177853
1235;0.142744;0.393721;-0.345608
1236;0.375123;0.238732;-0.269051
1237;0.565540;0.262557;-0.068543
1238;0.573777;0.119423;0.033930
1239;0.606186;0.196945;0.119209
1240;0.626349;0.201622;0.091657
1241;0.520775;0.364802;0.013573
1242;0.367600;0.430436;-0.058546
1243;0.219796;0.493509;0.005143
1244;0.315207;0.236569;-0.132431
1245;0.150221;0.184287;-0.179854
1246;0.003938;0.061549;-0.044939
1247;-0.062287;-0.005946;0.022899
1248;-0.089318;-0.047506;-0.036800
1249;-0.106119;-0.085812;-0.154725
1250;-0.186605;-0.144093;-0.195654
1251;-0.283870;-0.144775;-0.204992
1252;-0.394276;-0.135298;-0.224777
1253;-0.583541;-0.175655;-0.253789
1254;-0.789448;-0.126348;-0.202440
1255;-0.783329;-0.088042;-0.142575
1256;-0.672143;0.116731;-0.132345
1257;-0.645685;-0.088707;-0.180951
1258;-0.732675;0.023757;-0.153459
1259;-0.533596;0.332407;-0.131860
1260;-0.230790;0.623874;-0.179464
1261;0.120515;0.696479;-0.143985
1262;0.478429;0.617190;-0.068110
1263;0.683879;0.446196;0.020194
1264;0.806884;0.376951;0.128724
1265;0.894865;0.324941;0.226276
1266;0.988010;0.403134;0.264420
1267;0.880757;0.499613;0.156015
1268;0.691205;0.600944;0.064005
1269;0.394940;0.818412;0.007435
1270;0.265926;0.627016;-0.171577
1271;0.059762;0.532445;-0.277728
1272;-0.192853;0.475060;-0.157117
1273;-0.401258;0.363056;-0.044778
1274;-0.471226;0.198331;-0.171228
1275;-0.478582;0.012894;-0.319975
1276;-0.543541;-0.139435;-0.305972
1277;-0.624720;-0.175453;-0.272333
1278;-0.639734;-0.174559;-0.238592
1279;-0.701740;-0.253174;-0.271508
1280;-0.825337;-0.210692;-0.288507
1281;-0.885670;-0.141884;-0.291325
1282;-0.933831;0.146274;-0.251987
1283;-0.805067;0.020818;-0.241988
1284;-0.736452;0.005900;-0.169868
1285;-0.560060;0.356281;-0.093141
1286;-0.172593;0.683982;-0.141422
1287;0.031985;0.746376;-0.285085
1288;0.341834;0.568526;-0.305441
1289;0.511164;0.486858;-0.202373
1290;0.604010;0.294215;-0.047478
1291;0.741246;0.456279;0.125821
1292;0.821954;0.371957;0.136037
1293;0.830427;0.535721;0.173048
1294;0.786723;0.521255;0.117939
1295;0.633499;0.799034;0.056394
1296;0.598100;0.567082;-0.116401
1297;0.347412;0.431279;-0.258131
1298;-0.063124;0.477915;-0.061070
1299;-0.279770;0.335158;0.175097
1300;-0.284874;0.236621;0.120522
1301;-0.303331;0.152184;-0.134715
1302;-0.379406;0.018307;-0.219032
1303;-0.470429;-0.101322;-0.212840
1304;-0.557028;-0.178280;-0.139815
1305;-0.669660;-0.214090;-0.099103
1306;-0.773838;-0.210704;-0.110957
1307;-0.866330;-0.137928;-0.175189
1308;-1.027149;0.147296;-0.235580
1309;-0.862747;-0.014369;-0.345405
1310;-0.778696;-0.211912;-0.314561
1311;-0.701028;0.081168;-0.158375
1312;-0.465396;0.467070;-0.089446
1313;-0.213989;0.720166;-0.170499
1314;0.104641;0.617545;-0.257802
1315;0.371224;0.523547;-0.204226
1316;0.694994;0.376041;0.008217
1317;0.755731;0.413300;0.099972
1318;0.747927;0.359989;0.100208
1319;0.775967;0.380027;0.138330
1320;0.756963;0.412864;0.161890
1321;0.716410;0.458316;0.111349
1322;0.475951;0.627541;0.012584
1323;0.479720;0.446999;-0.117583
1324;0.306169;0.507757;-0.189271
1325;0.086611;0.450377;-0.160376
1326;-0.089487;0.342811;-0.192928
1327;-0.091309;0.261116;-0.145400
1328;-0.189426;0.144690;-0.101382
1329;-0.430238;0.004501;-0.180899
1330;-0.563411;-0.077116;-0.199031
1331;-0.672138;-0.122884;-0.193799
1332;-0.842372;-0.080259;-0.303854
1333;-0.947894;-0.046923;-0.428443
1334;-1.092550;0.035538;-0.543058
1335;-0.947274;0.038192;-0.483264
1336;-0.804334;-0.053197;-0.350062
1337;-0.689529;-0.024425;-0.231525
1338;-0.488064;0.159498;-0.063041
1339;-0.320260;0.619374;-0.101061
1340;0.013139;0.821091;-0.292936
1341;0.304903;0.578670;-0.295710
1342;0.535865;0.462284;-0.157350
1343;0.600551;0.408518;-0.091688
1344;0.741947;0.376002;0.092925
1345;0.726095;0.454818;0.195442
1346;0.869157;0.384630;0.202080
1347;0.944689;0.556608;0.113820
1348;0.762552;0.679952;0.007976
1349;0.731821;0.497515;-0.011526
1350;0.439065;0.538051;-0.052460
1351;0.086074;0.489096;0.003317
1352;-0.038300;0.451308;0.028872
1353;-0.054478;0.378529;-0.088880
1354;-0.124144;0.396450;-0.312750
1355;-0.383865;0.301844;-0.548178
1356;-0.668254;0.076308;-0.473220
1357;-0.868429;-0.071553;-0.224815
1358;-1.022603;-0.123936;-0.231661
1359;-1.110272;-0.110262;-0.387028
1360;-1.025061;-0.000732;-0.501096
1361;-0.898130;0.115196;-0.471395
1362;-0.844080;-0.038305;-0.380522
1363;-0.763779;-0.103562;-0.241491
1364;-0.533274;0.186828;-0.046462
1365;-0.235209;0.593217;-0.131198
1366;-0.094191;0.660723;-0.480555
1367;0.033520;0.518391;-0.588086
1368;0.200696;0.470380;-0.382750
1369;0.559057;0.407403;-0.249029
1370;0.720336;0.436948;-0.143093
1371;0.877083;0.341007;-0.033433
1372;0.935722;0.410361;-0.061604
1373;0.857417;0.381688;-0.066937
1374;0.749151;0.384511;-0.049903
1375;0.501664;0.531640;0.040551
1376;0.407183;0.378279;0.043389
1377;0.192815;0.422087;0.008442
1378;0.052061;0.349042;0.055599
1379;-0.062335;0.342551;0.082210
1380;-0.194788;0.156413;0.041290
1381;-0.282385;0.016289;-0.033126
1382;-0.379074;-0.017767;-0.073763
1383;-0.552565;-0.100816;-0.111849
1384;-0.699024;-0.196740;-0.131270
1385;-0.818752;-0.146963;-0.117805
1386;-0.814392;-0.148376;-0.228561
1387;-0.822388;0.104458;-0.253194
1388;-0.640409;0.177909;-0.274926
1389;-0.550378;-0.168442;-0.325645
1390;-0.553437;0.017451;-0.120242
1391;-0.400304;0.220766;-0.042509
1392;-0.267054;0.404049;-0.165649
1393;-0.007666;0.541339;-0.194958
1394;0.346315;0.398454;-0.162950
1395;0.584993;0.366415;0.072706
1396;0.722585;0.369049;0.236669
1397;0.789731;0.349514;0.298283
1398;0.792457;0.489744;0.246761
1399;0.735575;0.368327;0.043422
1400;0.828043;0.481985;0.148686
1401;0.588757;0.732181;0.071091
1402;0.447294;0.525236;-0.197984
1403;0.116183;0.509693;-0.386469
1404;-0.189815;0.391000;-0.251916
1405;-0.409181;0.283272;-0.035739
1406;-0.428838;0.119141;-0.053876
1407;-0.484457;0.009839;-0.199587
1408;-0.553379;-0.112839;-0.208997
1409;-0.614146;-0.150198;-0.232459
1410;-0.658775;-0.192694;-0.232301
1411;-0.735650;-0.256674;-0.212873
1412;-0.832618;-0.164971;-0.186567
1413;-0.833590;-0.044295;-0.171600
1414;-0.772396;0.086051;-0.225944
1415;-0.649885;-0.094241;-0.240202
1416;-0.603400;0.091155;-0.158812
1417;-0.343666;0.405855;-0.131107
1418;-0.054530;0.619310;-0.233570
1419;0.139230;0.547879;-0.392546
1420;0.410135;0.391068;-0.417114
1421;0.458652;0.333698;-0.233462
1422;0.621711;0.374008;-0.019126
1423;0.674677;0.358504;0.142050
1424;0.708508;0.363753;0.208132
1425;0.572800;0.391528;0.201215
1426;0.667063;0.560622;0.149371
1427;0.741079;0.709845;-0.009570
1428;0.710608;0.430374;-0.267679
1429;0.275902;0.339072;-0.256409
1430;-0.064343;0.256173;0.038796
1431;-0.047762;0.277476;0.208875
1432;-0.048506;0.234017;0.004588
1433;-0.186425;0.115171;-0.263843
1434;-0.339546;0.074124;-0.282025
1435;-0.501716;0.072148;-0.180440
1436;-0.663861;-0.032596;-0.220731
1437;-0.745623;-0.105202;-0.314584
1438;-0.873669;-0.102914;-0.392515
1439;-1.046318;-0.049154;-0.389741
1440;-0.933893;-0.049473;-0.364182
1441;-0.784802;-0.230219;-0.281063
1442;-0.784859;0.006510;-0.125426
1443;-0.630670;0.294412;-0.138608
1444;-0.481465;0.541878;-0.258366
1445;-0.289556;0.592216;-0.329872
1446;0.017680;0.646039;-0.229955
1447;0.306661;0.620407;-0.124373
1448;0.598448;0.586169;-0.097850
1449;0.882084;0.569394;0.010130
1450;0.989689;0.567271;-0.011502
1451;0.891026;0.614498;-0.151094
1452;0.890943;0.651612;-0.197309
1453;0.776749;0.776104;-0.143034
1454;0.692388;0.652231;-0.070562
1455;0.552301;0.601081;-0.185187
1456;0.194831;0.628483;-0.185375
1457;-0.087727;0.592651;-0.061718
1458;-0.216465;0.494483;-0.002326
1459;-0.313973;0.347955;-0.137624
1460;-0.497966;0.235631;-0.212401
1461;-0.672212;0.126381;-0.204597
1462;-0.820090;0.036216;-0.240704
1463;-0.911124;-0.067665;-0.315528
1464;-1.031117;-0.082488;-0.380004
1465;-1.116183;-0.142638;-0.428848
1466;-1.136763;0.090106;-0.379025
1467;-0.814336;-0.099842;-0.333619
1468;-0.863982;-0.216447;-0.241927
1469;-0.857593;0.060236;-0.123277
1470;-0.765804;0.494131;-0.182700
1471;-0.535797;0.815159;-0.285168
1472;-0.187769;0.987000;-0.332145
1473;0.379483;0.896685;-0.238525
1474;0.755900;0.803752;-0.069888
1475;0.827860;0.576045;0.007800
1476;0.922124;0.698503;0.107890
1477;0.988667;0.573741;0.121441
1478;1.038212;0.632318;0.105507
1479;0.869041;0.770411;0.056845
1480;0.933714;0.650630;-0.041550
1481;0.691326;0.590356;-0.221867
1482;0.272095;0.664535;-0.209954
1483;0.014909;0.616710;-0.072054
1484;-0.113690;0.562339;-0.026549
1485;-0.276659;0.453209;-0.157922
1486;-0.485916;0.367558;-0.214769
1487;-0.689532;0.255735;-0.259939
1488;-0.812985;0.138807;-0.325328
1489;-0.929116;0.020163;-0.367850
1490;-1.073340;-0.063021;-0.393082
1491;-1.103879;-0.109017;-0.399158
1492;-1.180259;0.102197;-0.375280
1493;-1.057870;-0.131534;-0.417265
1494;-0.990800;-0.208009;-0.312808
1495;-0.877478;0.080518;-0.153518
1496;-0.774318;0.505493;-0.114249
1497;-0.593875;0.807538;-0.268618
1498;-0.302723;0.935787;-0.393936
1499;0.088742;0.886174;-0.343012
1500;0.477541;0.949097;-0.192738
1501;0.974595;0.769149;-0.006296
1502;1.077459;0.721823;0.029172
1503;0.956461;0.525530;0.063121
1504;1.016255;0.564798;0.090136
1505;0.987695;0.623370;0.006611
1506;1.003467;0.629455;-0.016099
1507;0.828496;0.633611;-0.165750
1508;0.439271;0.701976;-0.226976
1509;0.129727;0.624871;-0.151607
1510;-0.070772;0.603987;-0.018891
1511;-0.205925;0.489731;-0.006986
1512;-0.389823;0.353904;-0.124009
1513;-0.575224;0.260963;-0.178435
1514;-0.755026;0.202483;-0.109337
1515;-0.920568;0.078504;-0.088392
1516;-1.104584;-0.003931;-0.159310
1517;-1.227081;-0.063101;-0.263475
1518;-1.302443;-0.016990;-0.284216
1519;-1.118456;-0.050719;-0.228908
1520;-1.002522;-0.234314;-0.236769
1521;-0.941894;-0.037439;-0.165276
1522;-0.821983;0.340392;-0.132899
1523;-0.676507;0.794263;-0.236567
1524;-0.391971;0.971189;-0.431466
1525;0.045183;0.927578;-0.462828
1526;0.518918;0.920946;-0.313486
1527;0.742956;0.769477;-0.101129
1528;0.856117;0.613851;0.048839
1529;0.817486;0.600275;0.091325
1530;0.931106;0.577275;0.095820
1531;1.051325;0.622085;0.084234
1532;0.952907;0.733821;0.079293
1533;0.915547;0.670886;-0.041615
1534;0.624549;0.677501;-0.201029
1535;0.228319;0.674036;-0.185404
1536;-0.031774;0.600868;-0.080143
1537;-0.172465;0.549659;-0.002167
1538;-0.288398;0.420443;-0.046906
1539;-0.431809;0.228219;-0.153922
1540;-0.639145;0.159291;-0.177130
1541;-0.743055;0.100885;-0.150774
1542;-0.893595;-0.014479;-0.209862
1543;-1.074672;-0.054082;-0.322499
1544;-1.153765;-0.064101;-0.388678
1545;-1.210081;0.032877;-0.393976
1546;-1.007019;-0.084261;-0.335778
1547;-0.899396;-0.239822;-0.301051
1548;-0.846801;-0.007458;-0.159149
1549;-0.748265;0.391036;-0.150229
1550;-0.555694;0.793244;-0.303455
1551;-0.239249;0.963590;-0.433295
1552;0.290146;0.842046;-0.308692
1553;0.537971;0.720107;-0.119860
1554;0.802720;0.551938;0.103132
1555;0.880690;0.564962;0.164696
1556;0.845528;0.452905;0.045505
1557;0.954570;0.607810;0.073653
1558;0.995624;0.451937;0.020840
1559;0.880203;0.660252;0.053765
1560;0.807126;0.581736;-0.017711
1561;0.361848;0.590070;-0.107902
1562;0.140170;0.535295;-0.082033
1563;0.013804;0.509448;-0.024912
1564;-0.105431;0.428320;-0.084902
1565;-0.245144;0.334559;-0.155721
1566;-0.399556;0.169516;-0.184870
1567;-0.574591;0.059852;-0.265514
1568;-0.670081;-0.012864;-0.268119
1569;-0.763197;-0.093350;-0.208454
1570;-0.893422;-0.022212;-0.162418
1571;-1.044125;-0.040687;-0.131718
1572;-1.132656;-0.000685;-0.157989
1573;-0.984338;-0.138480;-0.210899
1574;-0.881583;-0.295816;-0.228959
1575;-0.783379;-0.039251;-0.080101
1576;-0.661632;0.356293;-0.064495
1577;-0.481592;0.736850;-0.227790
1578;-0.221155;0.741756;-0.461419
1579;0.065960;0.646648;-0.478348
1580;0.383839;0.636184;-0.314669
1581;0.663517;0.659010;-0.064758
1582;0.866332;0.579889;0.155903
1583;0.883326;0.585193;0.103338
1584;0.966191;0.453901;-0.014276
1585;0.946846;0.597567;0.013120
1586;0.903309;0.600601;-0.037151
1587;0.784292;0.517654;-0.208806
1588;0.444651;0.596752;-0.211357
1589;0.223239;0.487202;-0.070925
1590;0.035798;0.428684;-0.009525
1591;-0.049837;0.378653;-0.044475
1592;-0.200711;0.362923;-0.093763
1593;-0.415939;0.278035;-0.140652
1594;-0.609716;0.190326;-0.204007
1595;-0.770190;0.083296;-0.253762
1596;-0.902956;-0.027714;-0.281234
1597;-0.967601;-0.073935;-0.272697
1598;-0.944751;-0.074482;-0.255240
1599;-0.939327;0.048885;-0.221762
1600;-0.875772;-0.015168;-0.239191
1601;-0.762002;-0.228195;-0.297037
1602;-0.653797;-0.262419;-0.196651
1603;-0.592293;0.017322;-0.045478
1604;-0.471811;0.403913;-0.030656
1605;-0.342082;0.700061;-0.191388
1606;-0.020887;0.746594;-0.324904
1607;0.294816;0.667716;-0.322144
1608;0.567326;0.552470;-0.209952
1609;0.738252;0.514074;-0.068085
1610;0.823548;0.410669;0.038915
1611;0.779310;0.407470;0.068031
1612;0.730084;0.342463;0.020497
1613;0.700372;0.319719;0.004487
1614;0.588240;0.430207;0.025099
1615;0.540834;0.499135;-0.001299
1616;0.447893;0.446048;-0.131408
1617;0.267414;0.321310;-0.210017
1618;0.064083;0.241406;-0.160484
1619;-0.144595;0.239382;-0.081562
1620;-0.337643;0.262573;-0.030449
1621;-0.468808;0.231420;-0.038465
1622;-0.566662;0.169075;-0.141597
1623;-0.610415;0.025467;-0.173289
1624;-0.668234;-0.124963;-0.159275
1625;-0.675050;-0.216122;-0.103202
1626;-0.576491;-0.217930;-0.002673
1627;-0.503688;-0.202605;0.018094
1628;-0.479210;-0.180228;-0.031596
1629;-0.483559;-0.173954;-0.112582
1630;-0.523495;-0.059965;-0.087919
1631;-0.434600;0.059763;-0.033407
1632;-0.343220;0.062375;-0.056739
1633;-0.283400;0.104079;-0.138701
1634;-0.130084;0.196302;-0.217896
1635;0.142173;0.282468;-0.224988
1636;0.301378;0.388136;-0.158763
1637;0.457152;0.355049;-0.046885
1638;0.479303;0.294765;-0.011569
1639;0.481873;0.232609;0.005610
1640;0.488673;0.213160;0.031215
1641;0.448522;0.157978;0.015936
1642;0.343279;0.138235;0.036571
1643;0.294959;0.146032;0.089925
1644;0.286402;0.151782;0.070690
1645;0.207805;0.118999;0.007549
1646;0.082351;0.049276;0.013618
1647;0.006578;0.044071;0.024864
1648;-0.060672;0.063108;0.008799
1649;-0.133100;0.034334;-0.032711
1650;-0.166064;-0.002131;-0.058877
1651;-0.200946;-0.034888;-0.071341
1652;-0.237745;-0.058199;-0.070287
1653;-0.238815;-0.056711;-0.070944
1654;-0.173996;-0.033203;-0.088949
1655;-0.089708;-0.042764;-0.082376
1656;0.012777;-0.020830;-0.042316
1657;0.024896;-0.013976;-0.034439
1658;0.046389;0.004532;-0.026804
1659;0.060403;0.003793;-0.031662
1660;0.030786;-0.001385;-0.034427
1661;0.006259;-0.013001;0.009258
1662;-0.005062;0.006267;0.011653
1663;0.003486;-0.001006;-0.016356
1664;0.021321;0.002013;-0.015655
1665;0.024470;-0.045641;-0.028652
1666;-0.005567;0.007375;-0.034348
1667;0.017542;0.021007;-0.051842
1668;0.030458;0.005983;-0.056376
1669;-0.007363;-0.006938;-0.044542
1670;-0.014763;-0.018677;-0.032218
1671;-0.000158;-0.006837;-0.014133
1672;-0.012353;0.002774;-0.035732
1673;0.018850;-0.003460;-0.064588
1674;0.028274;-0.000649;-0.045713
1675;0.023437;-0.014077;-0.025037
1676;0.008417;0.004721;-0.026755
1677;0.000410;0.009692;-0.024601
1678;-0.002344;-0.007037;-0.026200
1679;0.014407;0.005186;-0.010388
1680;0.015882;0.003447;-0.010204
1681;0.009781;-0.004882;-0.011526
1682;0.017144;0.007922;0.008621
1683;0.041647;-0.000368;-0.013465
1684;0.029721;0.000072;-0.042027
1685;0.008647;-0.005412;-0.042964
1686;-0.009353;-0.004915;-0.031038
1687;0.001522;-0.001868;-0.009696
1688;0.006612;-0.015773;0.004793
1689;0.006584;-0.015880;0.007623
1690;0.012643;-0.020263;0.006910
1691;-0.022990;-0.003260;-0.032626
1692;-0.001197;-0.000032;-0.044922
1693;0.016451;-0.003465;-0.030758
1694;0.002583;0.001388;-0.014129
1695;-0.002941;-0.000238;-0.010297
1696;0.014342;0.000260;-0.004249
1697;0.022770;-0.003101;-0.006719
1698;0.005984;-0.009843;-0.016024
1699;0.018241;-0.003534;0.009141
1700;0.004139;0.003052;-0.008554
1701;-0.009232;-0.001837;-0.025552
1702;0.011523;-0.000538;-0.001231
1703;-0.000540;-0.015518;0.004222
1704;-0.009805;-0.004635;0.008829
1705;0.012744;-0.002556;-0.001227
1706;0.021567;-0.001458;-0.006818
1707;0.008152;-0.000210;-0.020778
1708;0.006474;-0.004914;-0.017585