index;x;y;z
0;-0.018371;-0.001537;-0.009465
1;-0.002311;-0.009599;0.010495
2;0.003824;0.001366;0.012351
3;0.009071;0.003808;-0.013176
4;0.011076;0.007949;-0.014976
5;0.010528;-0.005559;0.005077
6;0.012571;-0.001982;0.022700
7;0.010855;0.007257;0.006478
8;-0.014202;0.003158;-0.028347
9;-0.022459;-0.008937;-0.022858
10;-0.018263;-0.011584;-0.005297
11;-0.012233;-0.009869;0.005940
12;-0.004065;-0.013096;-0.002421
13;0.013970;0.003677;0.026067
14;0.016192;0.008548;0.011304
15;0.023991;0.002277;0.012927
16;0.002967;-0.008189;0.014551
17;-0.019617;-0.011346;0.011497
18;-0.020617;0.001369;0.003879
19;-0.004055;0.003615;-0.004504
20;-0.001815;-0.007107;0.019455
21;-0.024056;-0.003342;0.004950
22;-0.027586;-0.010852;-0.029082
23;-0.017562;-0.020864;-0.020174
24;0.031254;-0.023952;0.011807
25;0.040810;-0.016683;0.015214
26;0.020184;-0.015751;-0.018568
27;0.004761;0.002502;-0.034548
28;-0.001749;-0.015727;-0.032547
29;0.001177;-0.013368;0.012617
30;0.020615;-0.001608;0.005519
31;0.029659;0.006434;0.017218
32;0.031150;0.010021;0.008364
33;0.031008;0.009492;-0.006808
34;0.019087;0.018412;0.000496
35;0.009026;0.016488;0.018905
36;-0.001569;0.001979;0.032001
37;0.003988;-0.013840;0.051163
38;0.001550;-0.010496;0.038406
39;-0.003003;-0.007843;0.007600
40;0.000588;-0.002293;-0.004630
41;-0.006489;-0.001188;-0.022496
42;-0.022321;-0.019079;-0.006210
43;-0.021945;-0.020529;-0.008934
44;-0.010458;-0.015884;-0.015200
45;-0.003592;-0.016441;-0.020572
46;-0.002716;-0.020154;0.000187
47;-0.009404;-0.010807;0.001372
48;0.001684;-0.005646;0.001975
49;-0.005227;-0.003353;-0.004352
50;0.011223;-0.002751;0.020211
51;0.016308;0.001655;0.030874
52;0.012348;0.001045;-0.011045
53;-0.002411;-0.010963;-0.013259
54;-0.007310;-0.014575;-0.005730
55;-0.013136;-0.014219;-0.010778
56;-0.007647;-0.006018;-0.022922
57;0.009455;0.004786;-0.012852
58;-0.003726;-0.011548;-0.005021
59;-0.003912;-0.025112;0.006801
60;-0.008272;-0.011882;0.014493
61;0.015947;0.004730;0.002749
62;0.028876;0.017016;-0.027764
63;0.015509;0.005587;-0.014058
64;0.009501;-0.005411;0.014848
65;-0.004946;-0.004088;0.031040
66;-0.004801;-0.006236;0.025266
67;-0.013826;0.002769;-0.006520
68;-0.007690;-0.002419;-0.012233
69;-0.010836;-0.009247;-0.001565
70;-0.013027;-0.003739;-0.011031
71;0.004488;-0.003945;0.002387
72;0.012415;-0.003139;0.025062
73;0.017603;0.001460;0.021669
74;0.027463;-0.000440;0.013275
75;0.000672;-0.001085;0.003193
76;-0.000519;0.006317;-0.020698
77;0.009666;0.006555;-0.003256
78;-0.011194;0.001323;0.006902
79;-0.007947;0.000504;0.006209
80;0.008084;0.003454;0.011722
81;0.009523;0.003052;0.009151
82;0.011363;-0.001155;0.008612
83;0.013850;-0.000002;0.002156
84;0.013497;0.008722;-0.008169
85;0.034891;-0.003048;-0.002612
86;0.028843;0.000096;-0.021696
87;0.022823;-0.009709;-0.014677
88;0.001721;-0.018963;0.026231
89;-0.012664;-0.020499;0.028529
90;-0.027218;-0.014779;0.027817
91;-0.024938;-0.015333;0.013461
92;-0.011021;-0.005049;0.013530
93;-0.002603;-0.016292;0.024855
94;-0.028413;-0.025098;0.024614
95;-0.033217;-0.023553;0.027769
96;-0.023500;-0.015499;0.026165
97;-0.035877;-0.017077;0.000193
98;-0.023625;-0.015544;-0.009985
99;-0.005969;-0.014521;-0.002984
100;0.000101;-0.010267;0.000844
101;0.013366;-0.003478;0.005433
102;0.020692;0.002925;-0.042918
103;0.019115;-0.002889;-0.064446
104;0.024794;-0.008760;-0.022366
105;0.026136;-0.008227;0.000149
106;0.028583;-0.009858;-0.004905
107;0.031484;-0.016545;-0.003764
108;0.039402;-0.020269;-0.024515
109;0.012408;-0.060224;-0.038350
110;-0.072705;-0.033496;-0.055367
111;-0.123967;-0.076957;-0.060546
112;-0.133974;-0.140054;-0.030738
113;-0.177885;-0.113500;-0.034548
114;-0.241811;-0.063790;-0.076163
115;-0.296621;-0.088783;-0.055247
116;-0.265975;0.009038;-0.028198
117;-0.222225;0.075239;-0.067727
118;-0.165235;0.174642;-0.049311
119;0.017135;0.146073;-0.002704
120;0.133368;0.078770;0.007998
121;0.234812;0.059549;0.029174
122;0.328504;0.088147;0.079444
123;0.323594;0.133010;0.091297
124;0.329917;0.223527;0.093661
125;0.319296;0.265732;0.083303
126;0.265205;0.414684;0.158425
127;0.328664;0.517372;0.161571
128;0.349020;0.450161;0.079480
129;0.303679;0.314984;-0.021456
130;0.248561;0.144741;-0.089937
131;0.141625;0.098387;-0.063406
132;0.015778;0.132680;-0.033320
133;-0.106460;0.177734;-0.063640
134;-0.182062;0.116874;-0.161046
135;-0.280733;-0.010493;-0.206030
136;-0.396163;-0.097443;-0.166870
137;-0.431018;-0.159789;-0.085440
138;-0.405969;-0.215875;-0.045235
139;-0.378321;-0.248322;-0.057441
140;-0.370030;-0.262842;-0.078749
141;-0.377371;-0.206957;-0.099262
142;-0.365718;-0.187045;-0.160741
143;-0.329930;-0.189189;-0.188669
144;-0.335460;-0.076981;-0.145385
145;-0.314959;-0.012599;-0.137507
146;-0.289464;-0.079398;-0.192987
147;-0.316132;-0.130460;-0.275553
148;-0.309393;-0.112791;-0.295710
149;-0.272639;0.104345;-0.182834
150;-0.184288;0.326669;-0.116291
151;-0.093809;0.525752;-0.182259
152;0.064628;0.527795;-0.255069
153;0.250624;0.379107;-0.215396
154;0.341405;0.265535;-0.050350
155;0.390503;0.197655;0.032406
156;0.470231;0.241787;0.106020
157;0.553244;0.282899;0.098552
158;0.613494;0.308453;0.041286
159;0.615568;0.369424;0.068126
160;0.544317;0.372269;0.121533
161;0.380560;0.444147;0.175734
162;0.371243;0.527238;0.102892
163;0.282611;0.642324;-0.009148
164;0.149580;0.540236;-0.127774
165;-0.077902;0.278191;-0.143766
166;-0.283091;0.125407;-0.106312
167;-0.317127;0.076381;-0.115772
168;-0.346255;0.124767;-0.184097
169;-0.365894;0.059721;-0.275893
170;-0.413484;-0.093987;-0.279197
171;-0.487944;-0.232980;-0.242678
172;-0.516126;-0.270177;-0.160487
173;-0.491549;-0.262108;-0.089212
174;-0.412183;-0.243852;-0.054445
175;-0.375210;-0.170335;-0.063563
176;-0.342730;-0.176869;-0.112380
177;-0.372149;-0.223648;-0.156108
178;-0.403340;-0.210783;-0.132309
179;-0.392979;-0.090324;-0.109194
180;-0.311654;0.010244;-0.145008
181;-0.232752;0.112033;-0.199291
182;-0.208346;0.126111;-0.287883
183;-0.195845;0.117720;-0.360502
184;-0.197633;0.173235;-0.331845
185;-0.039187;0.268012;-0.084055
186;0.064330;0.457343;0.010019
187;0.166668;0.558345;-0.023160
188;0.335210;0.488639;-0.010388
189;0.389842;0.279908;0.011666
190;0.483010;0.237691;0.080775
191;0.589109;0.215866;0.149669
192;0.587124;0.290529;0.118167
193;0.621126;0.320648;0.094783
194;0.515784;0.346620;0.109657
195;0.328619;0.347544;0.118130
196;0.197572;0.346696;0.087218
197;0.063587;0.437012;0.054876
198;0.042701;0.560731;-0.054987
199;0.051020;0.497115;-0.212945
200;-0.080214;0.162696;-0.282243
201;-0.237753;-0.106571;-0.219462
202;-0.298208;-0.146640;-0.101691
203;-0.264858;-0.062979;-0.020713
204;-0.247386;0.021231;-0.085066
205;-0.240601;-0.043846;-0.222235
206;-0.283814;-0.179212;-0.234989
207;-0.390355;-0.249433;-0.135901
208;-0.421586;-0.271830;-0.052278
209;-0.394674;-0.267359;-0.044738
210;-0.339577;-0.258309;-0.097857
211;-0.309671;-0.267027;-0.105729
212;-0.324582;-0.238183;-0.116887
213;-0.336767;-0.191549;-0.068929
214;-0.355690;-0.035399;-0.050326
215;-0.329224;0.119275;-0.149378
216;-0.251101;0.161472;-0.282827
217;-0.245524;0.106789;-0.320405
218;-0.194608;0.009474;-0.226866
219;-0.151829;0.144973;-0.062107
220;0.027424;0.291216;-0.035947
221;0.119834;0.545682;-0.062258
222;0.276380;0.444108;-0.109428
223;0.396836;0.251376;-0.071004
224;0.436233;0.143887;-0.017977
225;0.381271;0.122256;0.086509
226;0.401156;0.178595;0.219263
227;0.420178;0.272030;0.221338
228;0.356108;0.306427;0.130611
229;0.383753;0.295492;0.093928
230;0.386347;0.359170;0.080639
231;0.366711;0.436878;0.051907
232;0.222161;0.591544;-0.004434
233;0.136643;0.556528;-0.139751
234;0.107565;0.227400;-0.257030
235;-0.037574;-0.036692;-0.218803
236;-0.212143;-0.076816;-0.105431
237;-0.298999;0.121369;-0.027061
238;-0.299454;0.272148;-0.145767
239;-0.262409;0.146991;-0.344391
240;-0.366943;-0.046415;-0.379064
241;-0.482479;-0.272491;-0.128883
242;-0.482559;-0.352391;0.124711
243;-0.547727;-0.338208;0.173532
244;-0.625074;-0.347053;0.095877
245;-0.590925;-0.224094;0.026903
246;-0.499981;-0.137511;-0.052044
247;-0.485293;-0.123356;-0.087897
248;-0.578432;0.032607;-0.044310
249;-0.454418;0.195270;-0.115638
250;-0.267725;0.077434;-0.227686
251;-0.252214;-0.074780;-0.222036
252;-0.237939;0.076339;-0.153175
253;-0.094623;0.301772;-0.077715
254;0.023066;0.474442;-0.115023
255;0.132314;0.368279;-0.184374
256;0.146737;0.407796;-0.156385
257;0.316627;0.330891;-0.103997
258;0.426364;0.325548;-0.023276
259;0.528962;0.298012;0.037389
260;0.568288;0.317225;0.051212
261;0.551182;0.372830;0.049492
262;0.470094;0.465175;0.047346
263;0.436908;0.566375;0.029848
264;0.292655;0.643624;0.049195
265;0.279938;0.571303;-0.011794
266;0.289943;0.340903;-0.170315
267;0.068867;0.154360;-0.163736
268;-0.054059;0.098368;-0.126300
269;-0.149681;0.180631;-0.031489
270;-0.177674;0.256591;-0.015877
271;-0.205046;0.167766;-0.155804
272;-0.271828;-0.028636;-0.216583
273;-0.338576;-0.144329;-0.177193
274;-0.385401;-0.178724;-0.091421
275;-0.453508;-0.201174;-0.067512
276;-0.539802;-0.224719;-0.164068
277;-0.576355;-0.285196;-0.233198
278;-0.561047;-0.327547;-0.228847
279;-0.518762;-0.343799;-0.166757
280;-0.572141;-0.209632;-0.128028
281;-0.670606;0.047258;-0.175424
282;-0.576812;-0.038042;-0.306844
283;-0.479411;-0.164240;-0.302610
284;-0.398149;-0.041399;-0.193409
285;-0.272206;0.210754;-0.100762
286;-0.183232;0.485461;-0.135364
287;-0.040382;0.559866;-0.235156
288;0.067291;0.417583;-0.224674
289;0.162537;0.348615;-0.117883
290;0.312871;0.272785;-0.056767
291;0.425637;0.297789;-0.015541
292;0.565427;0.404896;-0.023484
293;0.615707;0.472407;0.003132
294;0.579161;0.606234;0.084174
295;0.614189;0.617129;0.063291
296;0.413266;0.715419;0.070434
297;0.357493;0.725474;0.083517
298;0.440802;0.514136;-0.060490
299;0.261170;0.316349;-0.166827
300;0.007452;0.276614;-0.058751
301;-0.101882;0.305584;0.086083
302;-0.215182;0.395387;0.036317
303;-0.293585;0.342082;-0.190744
304;-0.373390;0.096418;-0.293816
305;-0.484254;-0.096573;-0.271530
306;-0.559243;-0.195686;-0.147974
307;-0.590691;-0.278177;-0.084284
308;-0.669415;-0.314668;-0.091338
309;-0.730193;-0.311353;-0.087581
310;-0.761156;-0.331730;-0.050507
311;-0.837541;-0.261344;-0.023857
312;-0.849381;-0.001095;-0.056087
313;-0.722724;-0.023788;-0.240570
314;-0.577483;-0.105202;-0.286888
315;-0.441194;0.099360;-0.213579
316;-0.216870;0.320840;-0.182068
317;-0.158764;0.610877;-0.209025
318;0.021982;0.507248;-0.204446
319;0.101491;0.361549;-0.189108
320;0.203001;0.262622;-0.127511
321;0.346773;0.316380;-0.006315
322;0.529989;0.264436;-0.012294
323;0.549310;0.378083;-0.053292
324;0.589202;0.515239;-0.039864
325;0.650551;0.622699;-0.047099
326;0.580611;0.652023;-0.084375
327;0.449383;0.794927;-0.044822
328;0.452667;0.698834;-0.145848
329;0.347745;0.348417;-0.238271
330;0.087009;0.232115;-0.115269
331;0.095485;0.114608;-0.007159
332;-0.014228;0.284411;0.064077
333;-0.118316;0.382767;-0.007535
334;-0.254869;0.331096;-0.129973
335;-0.379131;0.107772;-0.195589
336;-0.552483;-0.087621;-0.156929
337;-0.600896;-0.221074;-0.007084
338;-0.639101;-0.312272;0.072498
339;-0.733954;-0.324988;-0.019657
340;-0.744609;-0.234062;-0.099987
341;-0.791571;-0.181075;-0.160241
342;-0.840339;-0.080205;-0.108998
343;-0.697714;-0.118382;-0.105485
344;-0.612489;-0.219387;-0.101505
345;-0.537335;-0.102558;0.027878
346;-0.448507;0.161619;-0.032558
347;-0.362931;0.421521;-0.182082
348;-0.223955;0.500229;-0.270945
349;-0.068974;0.448043;-0.231008
350;0.145255;0.339939;-0.170446
351;0.320766;0.400543;-0.099950
352;0.554395;0.402642;-0.086704
353;0.606974;0.432836;-0.086140
354;0.614612;0.499935;-0.053948
355;0.654166;0.570053;-0.029649
356;0.639544;0.582202;-0.053088
357;0.493804;0.710406;-0.018596
358;0.407400;0.779312;-0.032129
359;0.364230;0.433966;-0.165332
360;0.116776;0.245082;-0.156361
361;-0.043760;0.104205;-0.074457
362;-0.092360;0.138330;0.104328
363;-0.103585;0.246002;0.131090
364;-0.132353;0.246140;-0.036329
365;-0.188296;0.142163;-0.168718
366;-0.317555;-0.004836;-0.134749
367;-0.455530;-0.121704;-0.010686
368;-0.593369;-0.236499;0.087213
369;-0.659532;-0.277893;0.083118
370;-0.683899;-0.218742;0.017781
371;-0.723956;-0.229204;-0.046370
372;-0.845222;-0.107353;-0.100664
373;-0.758337;-0.028109;-0.102756
374;-0.617572;-0.197067;-0.147395
375;-0.503912;-0.194829;-0.098996
376;-0.383874;-0.054906;-0.067229
377;-0.352896;0.220052;-0.039047
378;-0.305470;0.436192;-0.101767
379;-0.160386;0.479820;-0.163618
380;0.047577;0.457263;-0.236031
381;0.287784;0.400185;-0.143102
382;0.480586;0.363444;-0.065548
383;0.598948;0.361450;-0.046813
384;0.642935;0.418154;-0.014759
385;0.655566;0.478265;-0.012843
386;0.648129;0.530518;-0.030568
387;0.550338;0.588637;-0.043910
388;0.433516;0.679579;-0.040406
389;0.437711;0.557342;-0.183631
390;0.207492;0.340189;-0.276074
391;0.048201;0.156052;-0.115563
392;-0.043093;0.105758;0.056356
393;-0.112485;0.201481;0.133976
394;-0.168064;0.229332;-0.002751
395;-0.204536;0.107474;-0.126242
396;-0.297861;-0.034575;-0.123404
397;-0.387994;-0.117558;-0.031043
398;-0.508582;-0.232792;0.054298
399;-0.655603;-0.316663;0.103756
400;-0.806201;-0.257531;0.073093
401;-0.849641;-0.198793;0.002232
402;-0.814740;-0.021022;-0.021145
403;-0.731204;0.060601;-0.148463
404;-0.628979;-0.105244;-0.246961
405;-0.454450;-0.202655;-0.123646
406;-0.346584;-0.047864;0.009814
407;-0.300282;0.178221;-0.019969
408;-0.256634;0.458275;-0.155269
409;-0.052451;0.545628;-0.255012
410;0.156194;0.453666;-0.271061
411;0.291693;0.299316;-0.150577
412;0.413252;0.246192;-0.062081
413;0.535842;0.277129;0.008521
414;0.624589;0.348801;0.021889
415;0.626595;0.478454;-0.045621
416;0.648278;0.515384;-0.084396
417;0.573884;0.584025;-0.102890
418;0.402333;0.718114;-0.040056
419;0.371383;0.586957;-0.053722
420;0.261637;0.393968;-0.151643
421;0.079214;0.251146;-0.090437
422;-0.055944;0.206071;0.069773
423;-0.161897;0.237356;0.151388
424;-0.168890;0.183071;0.061787
425;-0.221699;0.120183;-0.100118
426;-0.271852;0.000669;-0.130872
427;-0.321375;-0.102909;-0.057916
428;-0.430902;-0.187467;0.003838
429;-0.543013;-0.263829;0.036001
430;-0.705448;-0.261588;0.056010
431;-0.847266;-0.268979;0.024808
432;-0.920370;-0.250979;-0.072330
433;-0.912036;-0.036304;-0.077475
434;-0.688879;0.033041;-0.145805
435;-0.562893;-0.072392;-0.189388
436;-0.525832;0.041034;-0.091144
437;-0.377567;0.188831;-0.118075
438;-0.241107;0.433380;-0.163121
439;0.078981;0.576338;-0.152542
440;0.401551;0.514167;-0.103599
441;0.413924;0.335788;-0.102667
442;0.470781;0.278721;-0.013273
443;0.502013;0.232491;0.027926
444;0.491026;0.251273;0.099383
445;0.531035;0.325532;0.102327
446;0.493515;0.425042;0.067677
447;0.482213;0.463370;0.033116
448;0.449791;0.500493;0.045250
449;0.287991;0.644486;0.054511
450;0.288795;0.558334;-0.085910
451;0.208616;0.284349;-0.251077
452;0.063716;0.146179;-0.219937
453;-0.035490;0.100506;-0.110375
454;-0.124708;0.115451;0.000340
455;-0.225346;0.144445;0.006305
456;-0.228691;0.084976;-0.161484
457;-0.241473;-0.067689;-0.252836
458;-0.327099;-0.171232;-0.185831
459;-0.414562;-0.270763;-0.053202
460;-0.563338;-0.383696;0.143342
461;-0.649878;-0.342895;0.214642
462;-0.693219;-0.215904;0.080050
463;-0.740874;-0.182946;-0.031248
464;-0.767826;-0.041900;-0.094736
465;-0.676794;-0.014437;-0.141706
466;-0.579129;-0.105935;-0.118216
467;-0.503812;-0.037288;-0.099883
468;-0.409821;0.066388;-0.154155
469;-0.357597;0.347510;-0.173358
470;-0.154047;0.541501;-0.253619
471;0.108899;0.636692;-0.290547
472;0.388544;0.547104;-0.225317
473;0.575930;0.406104;-0.105413
474;0.627905;0.369668;0.015535
475;0.669914;0.327508;0.086049
476;0.587669;0.393292;0.184657
477;0.458582;0.507127;0.176490
478;0.498540;0.502610;0.071986
479;0.378570;0.651580;0.044099
480;0.323041;0.712172;-0.029100
481;0.318005;0.484031;-0.194309
482;0.006297;0.322580;-0.199800
483;-0.157414;0.076953;-0.140948
484;-0.237452;0.002848;0.001827
485;-0.283896;0.019703;0.100085
486;-0.341044;0.031875;-0.022953
487;-0.343740;-0.033397;-0.149555
488;-0.320015;-0.169266;-0.168798
489;-0.376596;-0.242536;-0.036330
490;-0.409261;-0.341800;0.097051
491;-0.510032;-0.339341;0.155882
492;-0.564335;-0.212384;0.092560
493;-0.641056;-0.086768;-0.038550
494;-0.700033;0.086820;-0.109800
495;-0.619192;-0.040191;-0.151546
496;-0.532737;-0.210405;-0.100866
497;-0.409478;-0.107853;0.015372
498;-0.320703;0.075763;-0.018196
499;-0.290323;0.336101;-0.146098
500;-0.126140;0.486573;-0.259297
501;0.120029;0.414986;-0.290886
502;0.291493;0.319586;-0.204972
503;0.389160;0.262161;-0.098817
504;0.493536;0.259744;-0.040532
505;0.515843;0.313726;-0.006856
506;0.520139;0.435215;0.034606
507;0.537064;0.547862;-0.022478
508;0.555988;0.495755;-0.103320
509;0.437303;0.583063;-0.035638
510;0.431911;0.606539;-0.021205
511;0.332712;0.433789;-0.085267
512;0.214265;0.300501;-0.127214
513;0.127235;0.247334;-0.075094
514;0.041393;0.297368;0.035860
515;-0.103895;0.246409;0.066438
516;-0.252150;0.171736;0.002047
517;-0.415310;0.120599;-0.058442
518;-0.577017;0.028294;-0.093484
519;-0.731149;-0.177954;-0.051051
520;-0.861173;-0.328511;0.021597
521;-0.833764;-0.384852;0.128648
522;-0.751004;-0.340028;0.178501
523;-0.868470;-0.217547;0.085719
524;-1.006861;0.068858;-0.057896
525;-0.877774;0.038723;-0.249704
526;-0.747789;-0.046005;-0.305701
527;-0.540032;0.079062;-0.177074
528;-0.387229;0.370326;-0.082287
529;-0.234209;0.680908;-0.124601
530;0.047913;0.840186;-0.226738
531;0.266124;0.646219;-0.225326
532;0.351386;0.442347;-0.113395
533;0.454567;0.406918;0.047040
534;0.596578;0.381726;0.035841
535;0.615542;0.375488;0.048732
536;0.591864;0.540529;0.146603
537;0.603674;0.639325;0.147627
538;0.517374;0.714372;0.068946
539;0.491271;0.748968;0.041645
540;0.488911;0.652109;-0.089683
541;0.217947;0.446683;-0.083263
542;0.001837;0.300713;-0.018182
543;-0.058612;0.336960;-0.014348
544;-0.074489;0.337362;-0.052240
545;-0.234278;0.265366;-0.027789
546;-0.320979;0.133811;-0.018888
547;-0.454416;0.000700;-0.049547
548;-0.574333;-0.180422;-0.080280
549;-0.664002;-0.286989;-0.124336
550;-0.805346;-0.354000;-0.137770
551;-0.828066;-0.295947;-0.082819
552;-0.771979;-0.186938;-0.060895
553;-0.783744;0.032041;-0.122990
554;-0.628829;-0.004910;-0.215039
555;-0.566917;-0.217745;-0.210572
556;-0.555282;-0.205584;-0.083942
557;-0.404602;-0.024482;-0.006141
558;-0.329933;0.294815;-0.043033
559;-0.141721;0.475285;-0.157743
560;0.013339;0.478392;-0.257473
561;0.175693;0.327351;-0.191556
562;0.239064;0.295176;-0.083721
563;0.357994;0.284657;-0.062070
564;0.430068;0.335395;-0.047661
565;0.474518;0.470526;-0.022695
566;0.525100;0.602202;-0.059727
567;0.560146;0.638391;-0.055089
568;0.422559;0.759720;0.007208
569;0.508383;0.647468;-0.081508
570;0.528566;0.304932;-0.157333
571;0.211546;0.275092;-0.046280
572;0.135088;0.198036;0.038190
573;0.038077;0.323628;0.097591
574;-0.053293;0.339281;-0.008189
575;-0.191787;0.215539;-0.135649
576;-0.339645;0.048967;-0.189135
577;-0.478748;-0.116070;-0.171920
578;-0.544810;-0.287363;-0.092081
579;-0.644319;-0.371639;0.027220
580;-0.810226;-0.344895;0.135806
581;-0.897323;-0.207120;0.075372
582;-0.894119;0.068625;-0.054712
583;-0.809220;0.107778;-0.210525
584;-0.689699;-0.221138;-0.217674
585;-0.537424;-0.195211;-0.064262
586;-0.403369;-0.000118;-0.013600
587;-0.378639;0.333969;-0.102691
588;-0.265923;0.512552;-0.249493
589;-0.060984;0.469248;-0.363838
590;0.094705;0.368582;-0.288112
591;0.259351;0.327894;-0.161846
592;0.454183;0.355337;-0.083710
593;0.584166;0.403562;-0.043692
594;0.614717;0.569678;-0.066997
595;0.693065;0.653428;-0.114759
596;0.689599;0.683235;-0.116397
597;0.532161;0.853389;-0.048163
598;0.564583;0.694919;-0.098582
599;0.355725;0.477206;-0.151678
600;0.000566;0.366895;-0.083498
601;-0.033549;0.170844;0.049503
602;-0.033476;0.208856;0.145568
603;-0.129868;0.365109;0.041193
604;-0.147618;0.265038;-0.205031
605;-0.333068;0.130306;-0.276645
606;-0.462864;-0.021917;-0.259976
607;-0.661272;-0.171563;-0.113748
608;-0.906929;-0.309697;-0.046868
609;-1.011958;-0.283635;-0.075634
610;-0.950765;-0.215794;-0.078421
611;-1.014731;-0.038291;-0.095770
612;-0.944997;-0.126079;-0.172269
613;-0.693272;-0.288618;-0.143203
614;-0.531805;-0.121322;-0.089820
615;-0.455314;0.134553;-0.115170
616;-0.406509;0.530408;-0.200746
617;-0.269147;0.658424;-0.316491
618;-0.110385;0.578579;-0.318174
619;0.066301;0.541719;-0.164610
620;0.334549;0.481525;-0.057442
621;0.562303;0.511276;-0.041450
622;0.661112;0.538739;-0.056311
623;0.746611;0.678620;-0.003981
624;0.802904;0.754478;0.049482
625;0.659119;0.726606;0.037874
626;0.554467;0.820731;0.072634
627;0.594001;0.696968;-0.009063
628;0.392768;0.467349;-0.090254
629;0.119383;0.393576;-0.026551
630;-0.005497;0.363837;0.048092
631;-0.089831;0.381405;0.071722
632;-0.207654;0.358722;-0.040458
633;-0.290717;0.239054;-0.237522
634;-0.379348;0.067353;-0.363803
635;-0.536716;-0.070812;-0.287468
636;-0.650559;-0.181473;-0.100996
637;-0.750197;-0.234688;0.037447
638;-0.798190;-0.224310;0.086296
639;-0.851069;-0.187520;0.087316
640;-0.941754;-0.112103;0.003623
641;-0.932939;-0.058404;-0.128910
642;-0.793685;-0.288662;-0.167720
643;-0.632390;-0.261719;0.018688
644;-0.526793;-0.015934;0.081357
645;-0.464076;0.235653;-0.022667
646;-0.436450;0.538226;-0.215802
647;-0.257637;0.544025;-0.353971
648;-0.028560;0.422027;-0.364936
649;0.186486;0.383600;-0.275407
650;0.299572;0.427874;-0.214647
651;0.417581;0.491008;-0.144478
652;0.534599;0.647485;-0.070108
653;0.694570;0.823881;-0.021447
654;0.849405;0.729132;-0.028868
655;0.596694;0.721051;0.024007
656;0.543540;0.534756;0.068573
657;0.516817;0.440326;0.083715
658;0.413360;0.539554;0.020888
659;0.305696;0.623879;-0.076155
660;0.154740;0.614467;-0.106841
661;-0.042318;0.476506;-0.093891
662;-0.282212;0.349160;-0.111361
663;-0.468637;0.206947;-0.092489
664;-0.624480;0.098555;-0.060844
665;-0.737882;-0.049523;-0.135264
666;-0.834578;-0.166580;-0.234792
667;-0.804824;-0.233597;-0.088247
668;-0.730753;-0.263425;0.072862
669;-0.832922;-0.210742;0.123723
670;-0.993672;-0.096603;0.094413
671;-1.022898;-0.207867;-0.042975
672;-0.885320;-0.370230;-0.150246
673;-0.634860;-0.135910;-0.058030
674;-0.422014;0.080708;-0.043499
675;-0.423648;0.445042;-0.114304
676;-0.324707;0.606408;-0.249426
677;-0.123122;0.619351;-0.252042
678;0.112961;0.517737;-0.226300
679;0.364274;0.495107;-0.107252
680;0.558280;0.544738;0.021684
681;0.626433;0.618597;0.041036
682;0.732450;0.717144;0.108799
683;0.770977;0.746177;0.139811
684;0.609583;0.844569;0.192884
685;0.590602;0.805302;0.169993
686;0.550456;0.550522;-0.042324
687;0.285640;0.396646;-0.054558
688;0.131793;0.289666;0.010728
689;0.041850;0.344638;0.090622
690;-0.011731;0.388750;0.065150
691;-0.166756;0.324318;-0.101144
692;-0.316761;0.173410;-0.187775
693;-0.418355;0.031099;-0.204923
694;-0.562419;-0.073335;-0.122632
695;-0.672295;-0.202518;-0.043789
696;-0.765612;-0.233190;-0.050443
697;-0.826435;-0.194698;-0.095210
698;-0.840309;-0.183979;-0.076672
699;-0.880222;-0.051031;-0.101092
700;-0.832821;-0.206072;-0.154886
701;-0.680702;-0.399965;-0.069374
702;-0.567629;-0.246756;0.025131
703;-0.528423;0.048619;-0.056208
704;-0.498181;0.377658;-0.099354
705;-0.408016;0.609442;-0.216221
706;-0.204614;0.548467;-0.308918
707;0.027952;0.561721;-0.238904
708;0.326716;0.558117;-0.107656
709;0.564466;0.553044;-0.006416
710;0.690149;0.541258;0.019673
711;0.697414;0.648838;0.052573
712;0.759836;0.712096;0.090616
713;0.660018;0.734547;0.129556
714;0.573818;0.784017;0.147183
715;0.557963;0.654522;-0.022010
716;0.392023;0.404530;-0.118666
717;0.126142;0.332672;-0.069927
718;0.074598;0.307171;0.022862
719;0.023721;0.378712;0.101140
720;-0.105885;0.353937;0.006513
721;-0.291858;0.269075;-0.163512
722;-0.400593;0.085677;-0.242535
723;-0.558782;-0.049616;-0.173102
724;-0.693737;-0.153294;-0.075462
725;-0.761084;-0.240715;-0.055369
726;-0.793127;-0.232846;-0.054935
727;-0.743018;-0.177273;-0.086759
728;-0.837155;0.019180;-0.137431
729;-0.826561;-0.041029;-0.242674
730;-0.719320;-0.313963;-0.245566
731;-0.541725;-0.307915;-0.056634
732;-0.383149;-0.120040;0.004803
733;-0.396361;0.241146;-0.076559
734;-0.330620;0.471119;-0.243301
735;-0.201805;0.559717;-0.350796
736;-0.008490;0.445315;-0.308668
737;0.134749;0.359319;-0.168656
738;0.398836;0.414708;-0.041820
739;0.647873;0.470962;0.053289
740;0.748111;0.570795;0.113657
741;0.748209;0.727272;0.122957
742;0.681741;0.681763;0.035435
743;0.521048;0.782514;0.057322
744;0.511705;0.722313;-0.013976
745;0.479761;0.395341;-0.190329
746;0.193057;0.249988;-0.181057
747;0.051985;0.162867;-0.059971
748;0.018340;0.211842;0.091908
749;-0.036269;0.292441;0.079428
750;-0.142637;0.241076;-0.137552
751;-0.264756;0.104864;-0.252212
752;-0.390125;0.000256;-0.217836
753;-0.507360;-0.110896;-0.111099
754;-0.652776;-0.191493;0.012254
755;-0.744279;-0.195784;0.044598
756;-0.809791;-0.179868;-0.016210
757;-0.851849;-0.165315;-0.136540
758;-0.802611;-0.063913;-0.228721
759;-0.702618;-0.194913;-0.234540
760;-0.587477;-0.314697;-0.078705
761;-0.534146;-0.106864;0.049907
762;-0.486189;0.112091;-0.044159
763;-0.449269;0.379049;-0.221403
764;-0.292157;0.495934;-0.343824
765;-0.110945;0.521222;-0.316462
766;0.126132;0.532998;-0.182222
767;0.428641;0.561900;-0.105200
768;0.625211;0.523100;-0.037997
769;0.677819;0.474533;-0.060110
770;0.662763;0.561032;-0.033123
771;0.708152;0.637718;-0.024680
772;0.642202;0.691181;0.036116
773;0.458465;0.703372;0.046217
774;0.321178;0.610174;-0.012240
775;0.243779;0.333441;-0.088034
776;0.066595;0.222052;-0.091035
777;0.003874;0.126007;-0.067725
778;-0.065895;0.219773;0.024442
779;-0.103434;0.270201;0.045554
780;-0.164292;0.182830;-0.075899
781;-0.270076;0.031348;-0.166408
782;-0.364385;-0.108375;-0.146583
783;-0.464200;-0.192829;-0.058190
784;-0.550297;-0.271944;0.008897
785;-0.662377;-0.281256;0.051121
786;-0.796219;-0.211419;0.029815
787;-0.894798;-0.068021;-0.029024
788;-0.839192;0.050762;-0.165468
789;-0.670280;-0.161499;-0.273039
790;-0.554321;-0.231966;-0.112655
791;-0.450395;-0.084577;0.032181
792;-0.361751;0.167045;0.036651
793;-0.273050;0.477952;-0.143246
794;-0.107670;0.517952;-0.256302
795;0.046250;0.511141;-0.264148
796;0.341104;0.444889;-0.206940
797;0.533880;0.405526;-0.084698
798;0.601174;0.388562;0.012625
799;0.630351;0.402802;0.076683
800;0.604503;0.536475;0.159904
801;0.583610;0.603191;0.125212
802;0.397831;0.698400;0.100338
803;0.377985;0.710588;0.018845
804;0.425112;0.359424;-0.145858
805;0.146288;0.297627;-0.110115
806;0.056014;0.207912;-0.135365
807;-0.032452;0.203895;-0.031059
808;-0.051240;0.153274;0.014094
809;-0.137064;0.114595;-0.092418
810;-0.310337;0.035828;-0.126583
811;-0.415928;-0.052956;-0.066749
812;-0.504414;-0.143670;-0.004194
813;-0.617497;-0.261428;0.067912
814;-0.708506;-0.341032;0.128829
815;-0.788389;-0.286896;0.158310
816;-0.918223;-0.085324;0.141897
817;-0.921916;0.088915;-0.020610
818;-0.702625;-0.153615;-0.195904
819;-0.606389;-0.162902;-0.146258
820;-0.423489;0.045668;-0.093919
821;-0.274552;0.312210;-0.118967
822;-0.186547;0.557213;-0.208339
823;-0.013567;0.483386;-0.271049
824;0.151721;0.427381;-0.298710
825;0.340577;0.462820;-0.227828
826;0.556942;0.454372;-0.098079
827;0.631477;0.454096;-0.027877
828;0.571930;0.507335;-0.015421
829;0.578028;0.615677;-0.004305
830;0.544070;0.631395;-0.016624
831;0.368194;0.667232;0.016517
832;0.356176;0.548187;0.033173
833;0.337717;0.352173;-0.072611
834;0.103831;0.250960;-0.113291
835;0.018569;0.209686;-0.104539
836;-0.042833;0.272930;-0.041291
837;-0.138007;0.247588;-0.038317
838;-0.224350;0.161463;-0.119342
839;-0.285708;0.003525;-0.157701
840;-0.344096;-0.151769;-0.098883
841;-0.391719;-0.205146;-0.037604
842;-0.471363;-0.276361;0.042223
843;-0.562781;-0.266700;0.097285
844;-0.658421;-0.202178;0.035386
845;-0.767352;-0.159753;-0.079865
846;-0.908372;-0.030214;-0.176810
847;-0.741798;-0.200016;-0.254109
848;-0.596977;-0.210170;-0.056625
849;-0.502974;-0.021593;0.068243
850;-0.361494;0.173440;0.016658
851;-0.304708;0.335524;-0.157435
852;-0.189420;0.328871;-0.227943
853;-0.043452;0.375836;-0.229694
854;0.164789;0.348190;-0.171056
855;0.342234;0.337364;-0.108194
856;0.488607;0.314907;-0.091068
857;0.487836;0.421600;-0.037130
858;0.508992;0.586682;-0.028771
859;0.532983;0.603844;-0.085066
860;0.544735;0.631480;-0.069217
861;0.473525;0.639744;0.012133
862;0.437390;0.599617;-0.027498
863;0.382527;0.355470;-0.161772
864;0.149894;0.289647;-0.112458
865;0.083803;0.197848;-0.095316
866;0.013992;0.274151;-0.008442
867;-0.033656;0.266118;-0.026028
868;-0.130170;0.158322;-0.120727
869;-0.232794;0.042317;-0.137174
870;-0.401755;-0.068043;-0.097842
871;-0.562661;-0.139906;-0.024172
872;-0.676162;-0.216254;0.089857
873;-0.748971;-0.253279;0.118453
874;-0.822851;-0.217916;0.047641
875;-0.804825;-0.139955;-0.018264
876;-0.776018;-0.031259;-0.095834
877;-0.681452;-0.129935;-0.120295
878;-0.548281;-0.207234;0.005078
879;-0.448186;-0.059606;0.070010
880;-0.356685;0.141381;-0.034298
881;-0.308748;0.392657;-0.156337
882;-0.162580;0.544053;-0.277675
883;0.066826;0.462948;-0.349172
884;0.222017;0.392221;-0.302014
885;0.380486;0.350477;-0.231255
886;0.506732;0.325919;-0.159616
887;0.628858;0.379959;-0.097172
888;0.645316;0.516553;-0.004384
889;0.653656;0.638068;0.057609
890;0.593582;0.663170;0.049236
891;0.396476;0.748698;0.028541
892;0.392106;0.606649;-0.110812
893;0.257892;0.352413;-0.235716
894;0.007456;0.197006;-0.192338
895;-0.076093;0.104646;-0.053951
896;-0.109210;0.201132;0.109975
897;-0.138607;0.243199;0.101490
898;-0.256049;0.122339;-0.036360
899;-0.351669;-0.042597;-0.116106
900;-0.449803;-0.145756;-0.090516
901;-0.537244;-0.242049;0.023236
902;-0.621798;-0.315456;0.148736
903;-0.697697;-0.314151;0.175381
904;-0.779053;-0.238410;0.104532
905;-0.888645;0.009798;0.090037
906;-0.838043;0.119075;-0.073466
907;-0.622630;-0.145751;-0.210575
908;-0.489895;-0.134396;-0.107495
909;-0.331146;0.069803;-0.004671
910;-0.212451;0.390230;-0.025098
911;-0.065284;0.560805;-0.143611
912;0.079966;0.522452;-0.245655
913;0.223027;0.372089;-0.258069
914;0.327958;0.284061;-0.155913
915;0.443337;0.301452;-0.079851
916;0.571658;0.315841;-0.074286
917;0.628512;0.375562;-0.086794
918;0.625321;0.525392;-0.090357
919;0.575936;0.580226;-0.120259
920;0.354256;0.690240;-0.066734
921;0.324922;0.667618;-0.089382
922;0.354090;0.384194;-0.251779
923;0.075623;0.249829;-0.200520
924;-0.069203;0.106755;-0.072135
925;-0.121363;0.136660;0.084651
926;-0.147354;0.187155;0.132309
927;-0.218688;0.160510;0.045203
928;-0.267170;0.037568;-0.068750
929;-0.319853;-0.098146;-0.125572
930;-0.420951;-0.198467;-0.046267
931;-0.494233;-0.285310;0.058259
932;-0.572381;-0.316928;0.153987
933;-0.670493;-0.274105;0.167004
934;-0.805458;-0.100396;0.109882
935;-0.876278;0.137293;-0.035384
936;-0.772475;-0.054981;-0.220157
937;-0.565697;-0.221849;-0.139737
938;-0.421268;-0.043325;-0.003225
939;-0.307976;0.217400;-0.016425
940;-0.250320;0.506269;-0.114497
941;-0.105824;0.561818;-0.248721
942;0.118983;0.434856;-0.286472
943;0.312252;0.363995;-0.207145
944;0.443332;0.335171;-0.151132
945;0.570967;0.377801;-0.070495
946;0.675093;0.425946;-0.032468
947;0.680827;0.507727;-0.036177
948;0.669858;0.630226;-0.031284
949;0.497219;0.714008;0.001158
950;0.363392;0.771110;-0.003899
951;0.349050;0.585347;-0.135934
952;0.172066;0.316417;-0.215687
953;-0.074909;0.190491;-0.157004
954;-0.163011;0.117205;-0.047304
955;-0.245049;0.247307;0.047633
956;-0.259886;0.204533;0.000785
957;-0.316341;0.041099;-0.129805
958;-0.371583;-0.116774;-0.136430
959;-0.409169;-0.192265;-0.049736
960;-0.470971;-0.263703;0.061574
961;-0.603274;-0.373616;0.172353
962;-0.659240;-0.334400;0.218065
963;-0.778211;-0.243084;0.142910
964;-0.968622;-0.029792;0.053919
965;-0.997858;0.095320;-0.091618
966;-0.705129;-0.139793;-0.131536
967;-0.543745;-0.026636;-0.013510
968;-0.403065;0.237449;-0.006794
969;-0.252986;0.555101;-0.089466
970;-0.050485;0.623485;-0.196082
971;0.113279;0.624135;-0.272871
972;0.363306;0.485690;-0.291787
973;0.510603;0.428858;-0.262699
974;0.674859;0.459352;-0.163321
975;0.739308;0.371362;-0.127781
976;0.561093;0.550357;-0.082921
977;0.583035;0.695065;-0.059426
978;0.536582;0.678564;-0.121214
979;0.329592;0.732170;-0.113114
980;0.250454;0.590809;-0.145724
981;0.192740;0.348998;-0.225364
982;-0.097708;0.260835;-0.150893
983;-0.187831;0.116500;-0.058979
984;-0.288887;0.115563;0.072972
985;-0.306993;0.109251;0.078014
986;-0.328725;0.064287;-0.049606
987;-0.356601;-0.035613;-0.153239
988;-0.410313;-0.162678;-0.178484
989;-0.451223;-0.285511;-0.102102
990;-0.512439;-0.359976;0.006508
991;-0.619542;-0.330520;0.109778
992;-0.715694;-0.230474;0.117177
993;-0.886695;-0.006089;-0.014652
994;-0.899600;-0.010721;-0.232157
995;-0.697193;-0.161386;-0.237127
996;-0.569998;-0.014552;-0.033367
997;-0.459565;0.205388;-0.005065
998;-0.360923;0.511947;-0.068449
999;-0.125840;0.592719;-0.181889
1000;0.095366;0.568569;-0.246928
1001;0.306530;0.544036;-0.200738
1002;0.535445;0.510144;-0.119234
1003;0.697774;0.422806;-0.063162
1004;0.685677;0.413038;-0.033760
1005;0.655596;0.523672;0.033481
1006;0.683460;0.621147;0.029467
1007;0.615204;0.677733;-0.017104
1008;0.449341;0.712878;0.023091
1009;0.328184;0.705682;-0.014898
1010;0.256893;0.433041;-0.149164
1011;-0.012351;0.296055;-0.143554
1012;-0.122640;0.216118;-0.101354
1013;-0.223320;0.298633;-0.019438
1014;-0.340709;0.274954;-0.063363
1015;-0.414969;0.093035;-0.169042
1016;-0.475441;-0.100991;-0.185539
1017;-0.496507;-0.187104;-0.121396
1018;-0.416772;-0.235921;0.019240
1019;-0.488200;-0.300719;0.026792
1020;-0.628273;-0.279359;-0.030837
1021;-0.723999;-0.206615;-0.032359
1022;-0.819961;-0.082592;-0.025960
1023;-0.872103;0.124331;-0.080184
1024;-0.678565;-0.079091;-0.188331
1025;-0.581647;-0.187690;-0.100299
1026;-0.466261;-0.046005;0.001676
1027;-0.390904;0.263965;0.027348
1028;-0.316539;0.559229;-0.106425
1029;-0.096517;0.660051;-0.242831
1030;0.165043;0.610293;-0.273919
1031;0.391658;0.550087;-0.230533
1032;0.577113;0.450865;-0.120284
1033;0.600537;0.389025;-0.071438
1034;0.647500;0.433716;-0.018543
1035;0.627212;0.546127;0.054612
1036;0.625156;0.618244;0.044602
1037;0.446872;0.776351;0.035663
1038;0.415824;0.756442;0.005348
1039;0.447759;0.499177;-0.147505
1040;0.191221;0.310691;-0.164002
1041;-0.006768;0.183279;-0.116781
1042;-0.090470;0.179749;0.025882
1043;-0.127033;0.279860;0.123345
1044;-0.152129;0.299612;0.008515
1045;-0.266918;0.177909;-0.188337
1046;-0.379938;0.014960;-0.262584
1047;-0.470476;-0.115558;-0.170170
1048;-0.608620;-0.205044;0.005162
1049;-0.703091;-0.251909;0.133737
1050;-0.828049;-0.223599;0.093593
1051;-0.930098;-0.192509;-0.027642
1052;-0.963055;0.037306;-0.046662
1053;-0.814976;0.054381;-0.196912
1054;-0.601059;-0.183670;-0.220978
1055;-0.556503;-0.051545;-0.086202
1056;-0.436098;0.187673;-0.046201
1057;-0.318580;0.515099;-0.161524
1058;-0.100043;0.606537;-0.255040
1059;0.141019;0.527404;-0.274891
1060;0.306268;0.466562;-0.123592
1061;0.473362;0.412076;-0.024208
1062;0.619339;0.398416;0.042023
1063;0.687658;0.371079;0.101045
1064;0.636520;0.447264;0.103439
1065;0.600693;0.592795;0.149876
1066;0.545649;0.650400;0.119291
1067;0.368109;0.785871;0.091113
1068;0.408670;0.703623;0.011066
1069;0.362942;0.367067;-0.153301
1070;0.073409;0.255685;-0.142483
1071;-0.045172;0.126436;-0.065433
1072;-0.099476;0.180858;0.097315
1073;-0.039203;0.173571;0.128538
1074;-0.092176;0.149560;-0.083052
1075;-0.220265;0.103406;-0.254058
1076;-0.315232;0.034092;-0.313608
1077;-0.403596;-0.040201;-0.229525
1078;-0.559788;-0.147981;-0.101863
1079;-0.656210;-0.232643;-0.063065
1080;-0.719487;-0.221412;-0.037483
1081;-0.767345;-0.144400;-0.024535
1082;-0.829651;0.011105;-0.113944
1083;-0.788804;-0.101792;-0.306516
1084;-0.614609;-0.311210;-0.288835
1085;-0.488457;-0.170591;-0.133896
1086;-0.389750;0.055365;-0.103196
1087;-0.313932;0.322987;-0.163947
1088;-0.231219;0.488505;-0.258715
1089;-0.083894;0.519143;-0.264175
1090;0.102831;0.435354;-0.188141
1091;0.253335;0.448471;-0.055821
1092;0.449205;0.447934;0.014708
1093;0.584067;0.513244;0.086523
1094;0.618180;0.591279;0.195088
1095;0.647194;0.625342;0.175805
1096;0.568259;0.616017;0.090858
1097;0.427041;0.756657;0.066484
1098;0.515532;0.478333;-0.082486
1099;0.276605;0.401063;-0.076824
1100;0.125772;0.276952;-0.113764
1101;0.026146;0.252295;-0.120959
1102;0.040909;0.240275;-0.087585
1103;0.042008;0.177296;-0.094395
1104;-0.089746;0.104881;-0.131225
1105;-0.212667;0.053788;-0.146294
1106;-0.344383;0.022743;-0.107985
1107;-0.504791;-0.098728;-0.084025
1108;-0.723378;-0.173635;-0.044992
1109;-0.805717;-0.184712;-0.012461
1110;-0.874524;-0.216291;-0.013752
1111;-0.978424;-0.117190;-0.023328
1112;-0.798716;-0.146055;-0.072986
1113;-0.582876;-0.269717;-0.057034
1114;-0.519262;-0.141753;-0.000109
1115;-0.391304;0.017229;-0.068830
1116;-0.353262;0.324410;-0.160710
1117;-0.247594;0.477702;-0.302248
1118;-0.087229;0.383768;-0.357881
1119;0.032474;0.319740;-0.273299
1120;0.219735;0.350536;-0.146082
1121;0.451278;0.372070;-0.056000
1122;0.565846;0.385793;0.006635
1123;0.525823;0.477642;0.090246
1124;0.526468;0.611667;0.084959
1125;0.572809;0.645871;0.023501
1126;0.442072;0.765979;0.073683
1127;0.461925;0.711557;0.062916
1128;0.573774;0.495062;-0.046483
1129;0.373077;0.308426;-0.083395
1130;0.094386;0.269262;-0.042206
1131;-0.038754;0.233233;0.007998
1132;-0.155699;0.346518;-0.004226
1133;-0.135410;0.326956;-0.175929
1134;-0.224928;0.139313;-0.311977
1135;-0.377100;-0.083582;-0.284036
1136;-0.523939;-0.209103;-0.145361
1137;-0.609456;-0.254098;-0.005375
1138;-0.675908;-0.278908;0.096119
1139;-0.762605;-0.239697;0.099463
1140;-0.800497;-0.190285;0.032731
1141;-0.837387;-0.002797;0.016292
1142;-0.695020;-0.077090;-0.066424
1143;-0.614410;-0.234706;-0.037979
1144;-0.559433;-0.094970;0.054544
1145;-0.467850;0.132703;-0.005593
1146;-0.394301;0.394930;-0.132058
1147;-0.221589;0.476674;-0.260382
1148;-0.041925;0.525119;-0.338731
1149;0.191298;0.413809;-0.278774
1150;0.337323;0.396490;-0.134681
1151;0.501225;0.377797;-0.081769
1152;0.579027;0.394478;-0.003681
1153;0.604135;0.551546;0.087686
1154;0.632288;0.684132;0.072490
1155;0.601154;0.725336;-0.010231
1156;0.462608;0.802737;0.003897
1157;0.398715;0.702789;-0.022143
1158;0.409166;0.442636;-0.164877
1159;0.179837;0.320023;-0.203352
1160;-0.002004;0.228456;-0.174555
1161;-0.132898;0.284411;-0.048063
1162;-0.135559;0.290795;0.006183
1163;-0.181212;0.200318;-0.043339
1164;-0.294325;0.073327;-0.127753
1165;-0.396793;-0.040984;-0.121315
1166;-0.511461;-0.137174;-0.018390
1167;-0.579531;-0.233364;0.106354
1168;-0.656327;-0.262550;0.166450
1169;-0.760672;-0.277635;0.124425
1170;-0.906558;-0.252332;0.035220
1171;-1.007845;-0.053501;-0.009198
1172;-0.831771;-0.041885;-0.094307
1173;-0.612609;-0.165219;-0.089766
1174;-0.520335;-0.060580;-0.031868
1175;-0.394794;0.122256;-0.104067
1176;-0.308538;0.337600;-0.177033
1177;-0.246780;0.558576;-0.243962
1178;-0.066620;0.546426;-0.268956
1179;0.110472;0.512773;-0.205376
1180;0.344092;0.464550;-0.148274
1181;0.526919;0.389913;-0.101893
1182;0.573911;0.421920;-0.034693
1183;0.579412;0.561328;-0.012815
1184;0.581766;0.698532;-0.022361
1185;0.572991;0.722355;-0.012313
1186;0.412072;0.733510;0.054724
1187;0.389656;0.623882;0.047197
1188;0.380555;0.362625;-0.051278
1189;0.185230;0.254143;-0.073653
1190;0.123786;0.176596;-0.078150
1191;0.088188;0.309296;-0.028850
1192;0.032244;0.390054;-0.050714
1193;-0.046404;0.365319;-0.184880
1194;-0.189066;0.217261;-0.244425
1195;-0.364923;0.042251;-0.206210
1196;-0.528707;-0.085977;-0.118432
1197;-0.715720;-0.164583;-0.112216
1198;-0.932187;-0.265871;-0.147047
1199;-0.925965;-0.251044;-0.109334
1200;-0.908240;-0.125949;-0.070995
1201;-0.901163;-0.098646;-0.197702
1202;-0.783099;-0.300124;-0.290158
1203;-0.686257;-0.196838;-0.119991
1204;-0.544669;0.021577;-0.059459
1205;-0.470949;0.309914;-0.110556
1206;-0.385448;0.503390;-0.233690
1207;-0.256144;0.591494;-0.287951
1208;-0.008494;0.529322;-0.236639
1209;0.213015;0.489594;-0.130562
1210;0.524595;0.534316;-0.016290
1211;0.753181;0.506299;0.136339
1212;0.618752;0.644561;0.241885
1213;0.553732;0.702222;0.203707
1214;0.535512;0.705559;0.089570
1215;0.478847;0.742210;0.105758
1216;0.540073;0.706451;0.105957
1217;0.575505;0.537905;-0.040430
1218;0.309869;0.491840;-0.049641
1219;0.107732;0.347529;-0.074515
1220;-0.156287;0.334383;-0.030385
1221;-0.245455;0.289310;-0.037507
1222;-0.241623;0.223402;-0.143175
1223;-0.281143;0.077211;-0.177625
1224;-0.341130;-0.070773;-0.194122
1225;-0.422697;-0.138757;-0.156054
1226;-0.510395;-0.205307;-0.076036
1227;-0.602813;-0.245456;0.019184
1228;-0.721875;-0.252975;0.026550
1229;-0.887046;-0.206846;-0.104059
1230;-1.033139;-0.055897;-0.185255
1231;-0.899186;-0.073380;-0.281121
1232;-0.742788;-0.191271;-0.207847
1233;-0.613535;-0.061086;-0.034962
1234;-0.423436;0.113627;-0.024093
1235;-0.343265;0.408512;-0.045173
1236;-0.179750;0.606267;-0.178541
1237;0.034170;0.594134;-0.225128
1238;0.189468;0.522963;-0.210282
1239;0.411165;0.488447;-0.177242
1240;0.566874;0.430764;-0.093520
1241;0.619867;0.440011;-0.030058
1242;0.636397;0.563183;0.042124
1243;0.666863;0.653365;0.036687
1244;0.571680;0.683068;0.004048
1245;0.371424;0.797687;0.021296
1246;0.416657;0.719429;-0.036808
1247;0.411863;0.469375;-0.148317
1248;0.123378;0.398550;-0.130476
1249;-0.054547;0.231183;-0.094896
1250;-0.156495;0.154971;0.008197
1251;-0.170065;0.150303;0.049362
1252;-0.162721;0.181010;-0.091984
1253;-0.247742;0.089881;-0.201726
1254;-0.373612;-0.016422;-0.240579
1255;-0.447895;-0.127050;-0.197286
1256;-0.538334;-0.206818;-0.066005
1257;-0.692289;-0.244687;0.047398
1258;-0.820844;-0.237590;0.022630
1259;-0.888333;-0.211377;-0.040627
1260;-0.828825;-0.070519;-0.110685
1261;-0.665473;-0.202373;-0.189994
1262;-0.574777;-0.266306;-0.090323
1263;-0.534297;-0.055340;0.028243
1264;-0.455611;0.176357;0.034480
1265;-0.345087;0.399382;-0.141727
1266;-0.257243;0.470869;-0.327090
1267;-0.095424;0.471174;-0.326621
1268;0.160983;0.539429;-0.231160
1269;0.420202;0.519936;-0.170299
1270;0.520511;0.454112;-0.111612
1271;0.539818;0.460558;-0.028913
1272;0.548871;0.643816;0.029457
1273;0.594558;0.681532;0.086588
1274;0.554249;0.668252;0.086901
1275;0.409273;0.745062;0.082559
1276;0.409115;0.574703;0.034951
1277;0.343982;0.345586;-0.068065
1278;0.084697;0.310514;0.003398
1279;0.033731;0.214477;-0.001631
1280;-0.052806;0.326354;0.006707
1281;-0.018698;0.331632;-0.105638
1282;-0.067656;0.199680;-0.218025
1283;-0.197230;0.064404;-0.215782
1284;-0.220258;-0.049560;-0.105239
1285;-0.423939;-0.077134;-0.089483
1286;-0.692000;-0.134226;-0.174220
1287;-0.891693;-0.185783;-0.261523
1288;-0.962128;-0.248826;-0.257564
1289;-0.898124;-0.192653;-0.217941
1290;-0.908140;-0.022168;-0.240731
1291;-0.843858;-0.059525;-0.250686
1292;-0.650658;-0.187890;-0.195262
1293;-0.514896;-0.041989;-0.117400
1294;-0.390349;0.198436;-0.125249
1295;-0.349266;0.542685;-0.184399
1296;-0.160358;0.764171;-0.232189
1297;0.144217;0.697183;-0.302564
1298;0.319021;0.579815;-0.246727
1299;0.460168;0.456676;-0.097124
1300;0.513596;0.420676;-0.034640
1301;0.598116;0.380011;-0.005326
1302;0.572881;0.483230;0.032757
1303;0.563927;0.626062;0.077607
1304;0.610258;0.700975;0.048065
1305;0.424524;0.829593;0.045583
1306;0.388654;0.753333;-0.063223
1307;0.369933;0.474762;-0.245054
1308;0.060617;0.361026;-0.230418
1309;-0.122291;0.180276;-0.178922
1310;-0.211027;0.129506;-0.038199
1311;-0.222110;0.133969;0.056413
1312;-0.179017;0.131677;-0.018301
1313;-0.248822;0.092418;-0.152705
1314;-0.325240;-0.048804;-0.219835
1315;-0.444635;-0.182654;-0.188447
1316;-0.579991;-0.306328;-0.116673
1317;-0.756521;-0.293982;-0.083567
1318;-0.790863;-0.207528;-0.050112
1319;-0.736154;-0.131288;-0.081984
1320;-0.704077;0.019701;-0.167218
1321;-0.584068;-0.123287;-0.239088
1322;-0.548531;-0.198342;-0.099902
1323;-0.482210;-0.033233;-0.053803
1324;-0.461469;0.207338;-0.102867
1325;-0.407422;0.448056;-0.203656
1326;-0.205081;0.515526;-0.259776
1327;0.068732;0.533322;-0.237762
1328;0.346187;0.477676;-0.086003
1329;0.529359;0.415397;0.027754
1330;0.573505;0.391652;0.013947
1331;0.579438;0.419921;-0.024200
1332;0.558575;0.587805;-0.008459
1333;0.589311;0.680361;-0.066077
1334;0.495567;0.773014;-0.066657
1335;0.419042;0.773199;-0.055765
1336;0.488957;0.544845;-0.189295
1337;0.288857;0.313831;-0.188882
1338;0.070494;0.211719;-0.078331
1339;0.032565;0.182379;0.022016
1340;-0.042225;0.336901;0.076112
1341;-0.095703;0.415047;-0.051891
1342;-0.232227;0.293515;-0.223699
1343;-0.336546;0.163724;-0.271864
1344;-0.412158;0.007699;-0.245810
1345;-0.624841;-0.210723;-0.131371
1346;-0.750048;-0.284340;0.037084
1347;-0.780908;-0.273357;0.080384
1348;-0.910933;-0.210927;-0.020815
1349;-1.078761;-0.053609;-0.101258
1350;-0.891743;-0.023010;-0.117945
1351;-0.689051;-0.139932;-0.015848
1352;-0.656498;-0.027644;0.105957
1353;-0.510093;0.154114;0.079372
1354;-0.351628;0.422961;-0.022236
1355;-0.215456;0.632464;-0.162878
1356;0.014772;0.587505;-0.304738
1357;0.170416;0.489386;-0.320661
1358;0.326496;0.422827;-0.250417
1359;0.451904;0.384528;-0.160129
1360;0.535622;0.406971;-0.078191
1361;0.519790;0.565720;0.050843
1362;0.550831;0.746823;0.027785
1363;0.616592;0.704749;-0.056186
1364;0.481301;0.729314;-0.073278
1365;0.476134;0.586879;-0.136828
1366;0.441491;0.337722;-0.205994
1367;0.200316;0.261315;-0.155759
1368;0.084919;0.181272;-0.101493
1369;-0.013043;0.347157;0.028336
1370;-0.035884;0.428941;-0.015234
1371;-0.131143;0.279083;-0.160337
1372;-0.281872;0.105384;-0.214488
1373;-0.437278;-0.040389;-0.177385
1374;-0.546572;-0.157326;-0.049254
1375;-0.589016;-0.276212;0.046034
1376;-0.725911;-0.257010;0.005747
1377;-0.766382;-0.269257;-0.022636
1378;-0.795326;-0.136015;-0.049565
1379;-0.840791;0.021375;-0.087827
1380;-0.774484;-0.166385;-0.112158
1381;-0.614504;-0.281191;-0.028854
1382;-0.516998;-0.076449;0.037168
1383;-0.401454;0.165342;-0.004148
1384;-0.281035;0.474792;-0.138977
1385;-0.079723;0.526147;-0.241372
1386;0.085186;0.437462;-0.258699
1387;0.204717;0.327558;-0.218130
1388;0.295620;0.296134;-0.139696
1389;0.396412;0.327500;-0.098983
1390;0.516502;0.370043;-0.086552
1391;0.528185;0.558177;-0.056765
1392;0.623207;0.629615;-0.093134
1393;0.597973;0.749274;-0.062187
1394;0.469917;0.721012;-0.037867
1395;0.472106;0.525685;-0.140614
1396;0.281583;0.335610;-0.213237
1397;0.018716;0.232264;-0.131612
1398;0.005429;0.105934;0.012324
1399;-0.026254;0.187062;0.124834
1400;-0.046508;0.306512;0.004261
1401;-0.093181;0.218784;-0.198099
1402;-0.233918;0.038014;-0.256769
1403;-0.336994;-0.121474;-0.140598
1404;-0.418581;-0.192607;0.001513
1405;-0.525094;-0.260435;0.070510
1406;-0.670867;-0.259829;0.035952
1407;-0.804258;-0.204563;-0.062147
1408;-0.900037;-0.016142;-0.115014
1409;-0.766709;0.029557;-0.197130
1410;-0.559230;-0.256317;-0.202452
1411;-0.470593;-0.274092;-0.079339
1412;-0.325210;-0.130739;-0.005632
1413;-0.272967;0.181992;0.015776
1414;-0.138996;0.517902;-0.116122
1415;0.007911;0.530535;-0.224492
1416;0.064902;0.399965;-0.226329
1417;0.183383;0.279297;-0.107883
1418;0.373475;0.258398;0.025797
1419;0.480402;0.267110;0.068338
1420;0.514036;0.391434;0.128261
1421;0.546930;0.534897;0.128316
1422;0.570755;0.590522;0.060340
1423;0.484757;0.699716;0.099513
1424;0.433658;0.730300;0.030606
1425;0.472881;0.373191;-0.164866
1426;0.140401;0.243223;-0.146902
1427;-0.013942;0.097594;-0.065035
1428;-0.036751;0.121568;0.117426
1429;0.061139;0.156814;0.139719
1430;0.024040;0.207300;-0.061477
1431;-0.083448;0.128335;-0.219508
1432;-0.205535;0.009479;-0.223720
1433;-0.301935;-0.086509;-0.111840
1434;-0.447493;-0.190946;0.022147
1435;-0.617487;-0.288896;0.104137
1436;-0.752314;-0.274931;0.121561
1437;-0.834341;-0.177463;-0.021843
1438;-0.951446;0.090795;-0.191825
1439;-0.715383;-0.010924;-0.312523
1440;-0.451734;-0.270341;-0.207478
1441;-0.414108;-0.146589;-0.038388
1442;-0.298691;0.088906;0.040614
1443;-0.204939;0.449254;-0.014394
1444;0.050255;0.590812;-0.142995
1445;0.251304;0.451516;-0.244178
1446;0.323286;0.383523;-0.181494
1447;0.407549;0.235666;-0.096445
1448;0.454772;0.195694;-0.023399
1449;0.517646;0.216501;0.013856
1450;0.514835;0.320689;0.071364
1451;0.441738;0.442983;0.096445
1452;0.378880;0.464472;0.066732
1453;0.186278;0.704498;0.079280
1454;0.258220;0.601310;-0.065621
1455;0.310579;0.169586;-0.230103
1456;0.049564;0.034295;-0.159822
1457;-0.024010;-0.064825;0.012161
1458;-0.062964;0.010766;0.239212
1459;-0.074312;0.144163;0.187396
1460;-0.062482;0.161400;-0.102120
1461;-0.058470;0.028558;-0.296553
1462;-0.093657;-0.114505;-0.320047
1463;-0.155982;-0.182899;-0.174567
1464;-0.226346;-0.242862;-0.040372
1465;-0.374992;-0.276765;0.026137
1466;-0.500827;-0.206922;-0.074138
1467;-0.593752;-0.098778;-0.180742
1468;-0.765986;0.177763;-0.242305
1469;-0.620519;0.036858;-0.328508
1470;-0.425033;-0.228863;-0.191552
1471;-0.309559;-0.222866;-0.010761
1472;-0.169335;-0.051894;0.098794
1473;-0.059365;0.185032;0.020693
1474;0.022619;0.319891;-0.171084
1475;0.093936;0.297041;-0.248057
1476;0.155242;0.256643;-0.160393
1477;0.252191;0.220872;-0.051001
1478;0.322970;0.208037;0.009827
1479;0.404191;0.259928;0.057506
1480;0.472128;0.354164;0.084851
1481;0.456434;0.499466;0.073206
1482;0.457271;0.539160;0.030816
1483;0.397038;0.611212;0.101502
1484;0.440549;0.498795;-0.016687
1485;0.350930;0.221025;-0.159964
1486;0.120263;0.190381;-0.045024
1487;0.057486;0.092387;0.032463
1488;-0.065919;0.172235;0.056506
1489;-0.053581;0.130243;-0.042301
1490;-0.088386;0.053628;-0.160330
1491;-0.154939;-0.070600;-0.146276
1492;-0.200823;-0.162317;-0.069190
1493;-0.300008;-0.202077;-0.035584
1494;-0.393933;-0.274251;-0.004749
1495;-0.457046;-0.263467;-0.007952
1496;-0.532552;-0.175930;-0.095600
1497;-0.582527;-0.089658;-0.198082
1498;-0.724319;0.130458;-0.276808
1499;-0.587885;-0.019499;-0.327415
1500;-0.413178;-0.189418;-0.142777
1501;-0.361494;-0.063098;0.000074
1502;-0.182688;0.075746;0.012114
1503;-0.117858;0.325738;-0.083595
1504;0.035499;0.326250;-0.167927
1505;0.154205;0.357161;-0.154789
1506;0.172042;0.236044;-0.095610
1507;0.250578;0.151522;-0.038492
1508;0.317837;0.165904;-0.014847
1509;0.440893;0.183550;0.013962
1510;0.513758;0.358121;0.064915
1511;0.522057;0.543671;0.057086
1512;0.490659;0.616491;0.000625
1513;0.403616;0.721266;0.063888
1514;0.439806;0.735040;0.029924
1515;0.497759;0.439863;-0.174653
1516;0.201910;0.286126;-0.192757
1517;-0.011923;0.141851;-0.060433
1518;-0.114602;0.193951;0.112401
1519;-0.121953;0.208870;0.059865
1520;-0.176058;0.133939;-0.166300
1521;-0.244145;-0.022411;-0.268660
1522;-0.320504;-0.157629;-0.222275
1523;-0.408218;-0.239586;-0.131827
1524;-0.492080;-0.298338;-0.059618
1525;-0.529775;-0.306590;-0.108701
1526;-0.583218;-0.252098;-0.202742
1527;-0.591124;-0.203774;-0.274915
1528;-0.664927;-0.060219;-0.274505
1529;-0.691329;0.099723;-0.319800
1530;-0.609177;-0.068149;-0.317938
1531;-0.534923;-0.098003;-0.123299
1532;-0.311121;0.010295;-0.066780
1533;-0.090885;0.291238;-0.026748
1534;0.085050;0.502621;-0.073887
1535;0.152031;0.588058;-0.163950
1536;0.236657;0.501976;-0.151662
1537;0.335172;0.291729;-0.042653
1538;0.331351;0.201202;0.052643
1539;0.386705;0.162630;0.106634
1540;0.418954;0.222037;0.107700
1541;0.436741;0.449776;0.101392
1542;0.532062;0.670806;0.055179
1543;0.611570;0.622022;-0.004664
1544;0.463856;0.644736;-0.005247
1545;0.403280;0.575559;-0.092158
1546;0.284647;0.324715;-0.203745
1547;-0.013314;0.150884;-0.104449
1548;-0.143429;-0.012795;0.044932
1549;-0.225899;0.037520;0.148840
1550;-0.207793;0.090343;0.002281
1551;-0.195412;0.049542;-0.182280
1552;-0.196354;-0.032933;-0.270377
1553;-0.215799;-0.141730;-0.256462
1554;-0.290102;-0.243550;-0.130247
1555;-0.378764;-0.307781;-0.006057
1556;-0.472420;-0.301427;0.062423
1557;-0.534088;-0.160094;-0.020216
1558;-0.580993;-0.023643;-0.197802
1559;-0.652160;0.113726;-0.370657
1560;-0.485269;-0.012626;-0.400582
1561;-0.363339;-0.214559;-0.190385
1562;-0.407345;-0.078155;-0.008435
1563;-0.268135;0.043494;0.001690
1564;-0.175852;0.353880;-0.025211
1565;0.052728;0.481333;-0.168665
1566;0.237166;0.451700;-0.257141
1567;0.317679;0.298738;-0.204607
1568;0.385799;0.174074;-0.053058
1569;0.416190;0.132625;0.056177
1570;0.441307;0.110180;0.125509
1571;0.413229;0.254884;0.172252
1572;0.373544;0.500289;0.127383
1573;0.429665;0.572265;-0.025510
1574;0.375639;0.686647;-0.061655
1575;0.417449;0.588808;-0.096789
1576;0.419583;0.218662;-0.148845
1577;0.142792;0.079826;-0.069731
1578;0.005740;0.042178;0.051585
1579;-0.072818;0.118479;0.120723
1580;-0.125589;0.177009;-0.019039
1581;-0.071497;0.135193;-0.220548
1582;-0.072989;-0.035790;-0.274796
1583;-0.140770;-0.187990;-0.155344
1584;-0.245482;-0.232198;-0.006696
1585;-0.314999;-0.203661;0.093226
1586;-0.372260;-0.146915;0.002227
1587;-0.380543;-0.135446;-0.162274
1588;-0.416484;-0.109006;-0.244593
1589;-0.536273;0.067880;-0.164869
1590;-0.566599;0.140332;-0.186115
1591;-0.498939;-0.131230;-0.261218
1592;-0.380553;-0.324627;-0.121060
1593;-0.275813;-0.221311;-0.013259
1594;-0.230560;-0.018555;0.017662
1595;-0.196823;0.238124;-0.125479
1596;-0.102709;0.296854;-0.246036
1597;0.008967;0.353466;-0.229032
1598;0.136673;0.247451;-0.175061
1599;0.242121;0.229805;-0.079700
1600;0.404929;0.249304;-0.025720
1601;0.513869;0.349420;0.015087
1602;0.553780;0.467160;0.023884
1603;0.578113;0.554449;0.056121
1604;0.502840;0.555507;0.121795
1605;0.452987;0.534632;0.148116
1606;0.465600;0.398654;-0.034281
1607;0.229322;0.217891;-0.149467
1608;0.069094;0.074586;-0.132660
1609;-0.031369;0.068008;-0.025853
1610;-0.084231;0.119207;0.069818
1611;-0.079200;0.114658;0.016579
1612;-0.107441;0.034420;-0.122164
1613;-0.127565;-0.068700;-0.147489
1614;-0.206098;-0.160691;-0.073144
1615;-0.297933;-0.224766;0.029594
1616;-0.376000;-0.274850;0.101057
1617;-0.433258;-0.239059;0.069206
1618;-0.490212;-0.132062;-0.065164
1619;-0.547511;-0.046315;-0.167512
1620;-0.556468;0.098961;-0.209223
1621;-0.432671;-0.020767;-0.257151
1622;-0.321627;-0.256871;-0.164151
1623;-0.340663;-0.134374;-0.028797
1624;-0.218920;0.035256;-0.053881
1625;-0.132156;0.278559;-0.119292
1626;0.011605;0.380650;-0.196611
1627;0.094945;0.320192;-0.198969
1628;0.160814;0.254587;-0.120692
1629;0.258394;0.188487;-0.031574
1630;0.356685;0.224297;0.026582
1631;0.424160;0.271902;0.007739
1632;0.469529;0.297403;-0.015875
1633;0.507931;0.251817;-0.040288
1634;0.437763;0.238817;-0.037632
1635;0.329538;0.328074;0.073436
1636;0.323639;0.378319;0.058547
1637;0.216140;0.374252;0.009254
1638;0.119344;0.273617;-0.017043
1639;0.003439;0.162251;-0.014435
1640;-0.091460;0.028189;-0.013015
1641;-0.122602;-0.087734;-0.057876
1642;-0.181066;-0.091378;-0.045535
1643;-0.220214;-0.041370;-0.032133
1644;-0.211731;-0.060625;-0.038425
1645;-0.194836;-0.098373;-0.053790
1646;-0.198127;-0.109187;-0.023752
1647;-0.172432;-0.086236;0.029160
1648;-0.113553;-0.064629;0.020709
1649;-0.062153;-0.094748;-0.020912
1650;-0.045411;-0.106707;-0.024108
1651;-0.036178;-0.134266;0.012340
1652;-0.128425;0.014623;0.066784
1653;-0.098787;0.043419;0.004376
1654;-0.062034;-0.055897;-0.026906
1655;-0.043243;-0.080089;-0.015382
1656;0.011736;0.004874;0.011086
1657;0.074591;0.081178;-0.021826
1658;0.120836;0.092517;-0.067307
1659;0.124565;0.053259;-0.105696
1660;0.121052;0.026725;-0.059881
1661;0.125437;0.049182;0.007560
1662;0.081088;0.044355;0.002117
1663;0.068083;0.041988;0.023297
1664;0.041752;0.043577;-0.010861
1665;0.022007;0.030646;-0.055385
1666;-0.003396;0.001448;-0.023108
1667;-0.002551;-0.020405;0.002374
1668;-0.040137;-0.005742;0.001178
1669;-0.024655;-0.012400;0.027514
1670;0.005457;0.011195;0.000625
1671;0.012796;-0.002782;-0.045501
1672;0.029791;0.021274;-0.025202
1673;0.027425;0.015665;0.001217
1674;0.008092;0.009426;0.019357
1675;0.027136;-0.004473;0.029206
1676;0.028527;-0.005231;0.005093
1677;0.025442;0.005060;-0.002844
1678;0.024343;0.023314;-0.011491
1679;0.013940;0.004510;-0.005219
1680;-0.001320;0.009696;-0.016945
1681;0.019390;0.009615;-0.011862
1682;0.010495;0.004179;-0.006003
1683;0.005890;-0.002199;-0.020402
1684;0.031824;0.003066;0.008220
1685;0.021188;-0.008692;0.011797
1686;0.002140;-0.001504;-0.020434
1687;0.005120;0.003200;-0.021777
1688;-0.011412;-0.001858;-0.025804
1689;0.009573;0.003729;-0.035455
1690;0.012940;-0.000519;-0.019066
1691;0.002910;-0.010245;-0.009353
1692;0.004979;-0.006856;0.008154
1693;0.017678;0.005969;-0.006422
1694;0.014164;-0.006540;-0.008874
1695;0.008050;0.002876;-0.008518
1696;0.012153;0.001187;-0.000367
1697;0.025381;-0.000959;0.012511
1698;-0.001202;0.001239;0.009235
1699;0.026692;0.003551;0.004497
1700;0.008691;-0.002264;-0.005303
1701;-0.000142;-0.000412;-0.023391
1702;0.015507;-0.007388;-0.021505
1703;0.017486;-0.009400;0.000374
1704;0.005233;0.002839;-0.010035
1705;-0.007450;-0.004535;0.001746
1706;-0.000944;-0.000629;0.010120
1707;0.000093;-0.008075;0.013474
1708;-0.007597;-0.001323;-0.000753
1709;0.011852;-0.011186;0.003852
1710;-0.000760;0.002837;0.010577
1711;0.004973;-0.004727;-0.044257
1712;0.018866;-0.007703;0.010104