index;x;y;z
0;-0.025828;-0.010156;0.021760
1;-0.016714;-0.001706;-0.031288
2;0.038930;0.008091;-0.007104
3;0.032560;0.003403;-0.000733
4;0.017814;0.007870;-0.029059
5;0.007805;-0.016768;0.022160
6;-0.010355;-0.010513;0.030880
7;-0.001479;0.007788;-0.018935
8;0.009343;-0.006904;-0.001574
9;0.018425;0.018654;0.002656
10;-0.001075;0.010522;0.001497
11;0.007512;-0.001445;0.027367
12;0.004392;-0.003143;0.012376
13;-0.009144;-0.000445;-0.001792
14;0.000349;0.001784;0.009030
15;0.003968;0.000324;-0.002802
16;0.009554;-0.015592;0.024215
17;0.003716;-0.012636;-0.009386
18;-0.007208;-0.007477;-0.009536
19;-0.012559;-0.019738;-0.000891
20;0.001006;-0.020688;-0.011100
21;0.003483;0.001189;-0.019142
22;-0.003594;-0.016553;-0.001286
23;-0.013479;-0.007841;0.010201
24;-0.008147;-0.004935;0.003375
25;-0.003230;0.001071;-0.026959
26;0.005600;-0.001952;0.003137
27;0.010147;0.006760;0.011253
28;0.000724;-0.016051;0.017443
29;0.007153;-0.007209;-0.001860
30;-0.005848;-0.008426;-0.000364
31;0.000364;0.004263;0.004231
32;0.008685;0.005519;-0.002642
33;0.013921;-0.004030;0.011086
34;0.009628;0.000717;0.011167
35;0.003360;0.000350;0.007152
36;-0.009105;-0.004643;0.000373
37;-0.001630;-0.002920;-0.011980
38;-0.004036;-0.006311;-0.003952
39;0.003468;-0.003795;-0.007697
40;0.007548;-0.012259;-0.011246
41;0.005616;-0.010990;-0.006454
42;-0.000698;-0.004004;-0.022791
43;0.000662;-0.000073;-0.001755
44;0.002164;-0.001356;0.009755
45;-0.003576;-0.005830;0.002171
46;0.001237;-0.007140;0.009503
47;0.002893;0.000158;0.010853
48;0.001312;0.000340;0.005745
49;0.005658;0.006342;0.015382
50;0.011792;-0.000297;0.004589
51;0.006774;0.003897;0.016389
52;0.012564;-0.004309;0.013124
53;0.004001;-0.006230;-0.002941
54;0.002594;-0.002663;-0.002390
55;0.000286;-0.000272;-0.002362
56;0.008285;-0.002347;0.005233
57;0.001709;-0.007468;0.005905
58;-0.006001;-0.006668;-0.011668
59;-0.002701;-0.012753;0.006159
60;-0.007824;-0.014192;0.006834
61;-0.009696;-0.003857;-0.007783
62;0.001331;-0.004224;-0.002670
63;-0.004645;-0.001665;-0.012287
64;-0.011243;0.007133;-0.001975
65;-0.004560;-0.003708;-0.001137
66;0.000835;-0.004125;0.008174
67;0.013691;0.002820;0.000513
68;0.005431;-0.005419;0.004477
69;0.025079;-0.006515;0.020729
70;0.037325;-0.004831;0.026424
71;0.018153;0.002464;0.010121
72;0.007860;-0.003260;0.035121
73;0.001313;0.000744;0.006292
74;0.006045;0.011661;-0.004124
75;0.026111;0.002507;0.010934
76;0.027878;0.002217;0.005188
77;0.039226;0.004709;0.015813
78;0.021423;0.002874;0.021580
79;0.016900;0.011450;0.006739
80;0.038987;-0.001701;-0.009538
81;0.038110;-0.018245;0.011164
82;0.013749;-0.024614;0.006840
83;-0.032311;-0.033839;-0.007433
84;-0.056093;-0.049744;-0.009525
85;-0.081331;-0.039245;-0.005935
86;-0.085644;-0.058213;-0.028231
87;-0.106074;-0.087180;-0.027269
88;-0.134631;-0.096991;-0.002706
89;-0.153183;-0.089554;-0.016282
90;-0.207947;-0.062420;-0.036793
91;-0.214001;-0.074863;-0.083410
92;-0.174533;-0.086007;-0.102999
93;-0.193503;-0.059390;-0.109120
94;-0.225235;-0.052308;-0.084746
95;-0.267613;-0.045288;-0.113647
96;-0.310701;0.033359;-0.140403
97;-0.276998;0.155430;-0.163777
98;-0.115292;0.197058;-0.130502
99;0.012684;0.222231;-0.037943
100;0.144532;0.279517;0.034236
101;0.268525;0.311977;0.064460
102;0.380928;0.289624;0.080406
103;0.467521;0.239733;0.061759
104;0.469262;0.186716;0.083761
105;0.474875;0.181628;0.135415
106;0.476734;0.227972;0.147385
107;0.430908;0.280135;0.129478
108;0.373403;0.353720;0.106058
109;0.266462;0.495205;0.089501
110;0.204056;0.579399;-0.002683
111;0.149006;0.481263;-0.128091
112;0.084162;0.383303;-0.243820
113;-0.000931;0.190323;-0.346686
114;-0.167411;0.030998;-0.312213
115;-0.262486;0.052777;-0.209480
116;-0.289662;0.119316;-0.166263
117;-0.406919;0.108361;-0.165833
118;-0.528297;0.001883;-0.236179
119;-0.608167;-0.141398;-0.217790
120;-0.627425;-0.221616;-0.134207
121;-0.609590;-0.232292;-0.059156
122;-0.507315;-0.242282;-0.041601
123;-0.462708;-0.240866;-0.059118
124;-0.423482;-0.193275;-0.079271
125;-0.386980;-0.116967;-0.131346
126;-0.342533;-0.070989;-0.150041
127;-0.314691;0.044784;-0.124652
128;-0.276541;0.126332;-0.170642
129;-0.321895;0.149534;-0.248667
130;-0.275090;-0.009355;-0.338779
131;-0.282958;0.162196;-0.271502
132;-0.147623;0.380611;-0.173025
133;0.004612;0.707302;-0.092447
134;0.428951;0.650614;-0.061709
135;0.551529;0.383276;-0.001103
136;0.415847;0.146929;0.015705
137;0.466684;0.136783;0.088096
138;0.545746;0.169960;0.136271
139;0.636703;0.234894;0.081063
140;0.638305;0.291674;0.091180
141;0.559977;0.359301;0.104661
142;0.442592;0.402972;0.090909
143;0.388385;0.524672;0.064050
144;0.248838;0.616842;-0.060255
145;0.105967;0.429499;-0.197531
146;-0.085294;0.177831;-0.237222
147;-0.291066;0.062067;-0.149607
148;-0.328069;0.059038;-0.061977
149;-0.336019;0.107280;0.010489
150;-0.394329;0.056579;-0.118729
151;-0.415746;-0.072464;-0.185379
152;-0.450950;-0.153229;-0.115991
153;-0.481380;-0.204917;-0.045718
154;-0.513781;-0.237863;-0.002889
155;-0.522793;-0.217287;-0.010140
156;-0.485800;-0.145958;-0.087599
157;-0.410149;-0.172382;-0.160340
158;-0.374803;-0.185372;-0.138602
159;-0.366466;-0.093401;-0.043506
160;-0.369829;0.088131;-0.033166
161;-0.301049;0.149733;-0.154884
162;-0.261856;0.225100;-0.316100
163;-0.198623;0.119795;-0.220431
164;-0.078866;0.189095;-0.008285
165;-0.069346;0.334167;-0.035046
166;0.050980;0.479636;-0.136925
167;0.252203;0.484915;-0.181322
168;0.321449;0.304670;-0.176958
169;0.466465;0.248653;-0.086880
170;0.583510;0.197697;-0.032560
171;0.625187;0.184717;0.015455
172;0.650875;0.186598;0.027741
173;0.617758;0.218595;0.060591
174;0.473799;0.263536;0.094284
175;0.335952;0.297730;0.079270
176;0.200428;0.342575;0.040919
177;0.086822;0.467317;-0.038674
178;0.000735;0.488452;-0.140157
179;-0.091599;0.405233;-0.177678
180;-0.191301;0.098599;-0.211315
181;-0.303489;-0.070328;-0.176083
182;-0.367633;-0.099741;-0.135222
183;-0.367449;-0.021859;-0.077114
184;-0.276617;0.008715;-0.085794
185;-0.264885;-0.066888;-0.144377
186;-0.331172;-0.159414;-0.149012
187;-0.376850;-0.242286;-0.011914
188;-0.418187;-0.253110;0.096792
189;-0.425310;-0.192258;0.095738
190;-0.339083;-0.184968;-0.013361
191;-0.317670;-0.169725;-0.049784
192;-0.344232;-0.179203;-0.076190
193;-0.381791;-0.028448;-0.002434
194;-0.352504;0.144800;-0.005635
195;-0.326954;0.132753;-0.152102
196;-0.338264;-0.010480;-0.256071
197;-0.197270;-0.019348;-0.129800
198;-0.147565;0.271070;-0.089758
199;0.015633;0.402377;-0.119056
200;0.210090;0.509360;-0.113317
201;0.310757;0.418649;-0.140251
202;0.399542;0.263036;-0.094911
203;0.471793;0.196822;0.027075
204;0.508472;0.133782;0.084730
205;0.538951;0.164165;0.137741
206;0.574391;0.188388;0.162129
207;0.440007;0.256998;0.157132
208;0.341493;0.310343;0.128443
209;0.253162;0.420026;0.118623
210;0.240420;0.558105;0.030458
211;0.224164;0.534414;-0.155035
212;0.110056;0.267159;-0.262303
213;-0.068864;-0.005331;-0.192492
214;-0.244069;-0.084868;-0.046712
215;-0.290192;-0.040148;0.044334
216;-0.337089;0.118026;0.018137
217;-0.359823;0.151723;-0.169691
218;-0.322776;0.022909;-0.285752
219;-0.346980;-0.174779;-0.236836
220;-0.398576;-0.272350;-0.080998
221;-0.446150;-0.322400;0.039319
222;-0.479455;-0.310021;0.058326
223;-0.478427;-0.245055;-0.043654
224;-0.477354;-0.206753;-0.160555
225;-0.470600;-0.126860;-0.174155
226;-0.516106;0.102934;-0.144776
227;-0.464572;0.191112;-0.199204
228;-0.253917;0.061643;-0.268041
229;-0.091112;0.042847;-0.260949
230;-0.103033;0.103765;-0.147034
231;-0.023566;0.177166;-0.021504
232;0.046632;0.393072;-0.012595
233;0.111715;0.452156;-0.093437
234;0.231988;0.374490;-0.108530
235;0.283112;0.240331;-0.096418
236;0.330804;0.196751;-0.003266
237;0.454045;0.236366;0.083379
238;0.515799;0.288851;0.048759
239;0.500287;0.336451;-0.010484
240;0.506769;0.381776;0.035799
241;0.425728;0.408235;0.069075
242;0.360402;0.406112;0.017448
243;0.335415;0.491245;-0.007716
244;0.362733;0.388976;-0.098823
245;0.221593;0.211362;-0.150164
246;0.033960;0.153517;-0.149190
247;-0.098548;0.166124;-0.090540
248;-0.226016;0.281170;-0.021209
249;-0.247157;0.245705;-0.061614
250;-0.296711;0.098432;-0.129203
251;-0.348314;-0.028873;-0.152461
252;-0.433092;-0.118475;-0.150229
253;-0.527215;-0.165728;-0.080596
254;-0.584881;-0.248369;-0.072380
255;-0.655791;-0.319659;-0.061115
256;-0.729378;-0.323798;-0.056048
257;-0.729302;-0.326723;-0.063537
258;-0.708877;-0.172068;-0.031330
259;-0.691714;0.062933;-0.112339
260;-0.638379;0.147815;-0.217934
261;-0.566659;-0.025156;-0.236070
262;-0.476676;0.010336;-0.096086
263;-0.369201;0.324877;-0.032355
264;-0.193918;0.671924;-0.055475
265;-0.065812;0.830557;-0.121887
266;0.156255;0.631820;-0.213026
267;0.264903;0.515049;-0.165355
268;0.403298;0.391803;-0.076149
269;0.565395;0.513303;0.017278
270;0.741078;0.448336;0.085828
271;0.786957;0.410657;0.092405
272;0.732071;0.415576;0.116930
273;0.672834;0.492215;0.142438
274;0.551815;0.610656;0.125286
275;0.423136;0.717219;0.077668
276;0.376230;0.635458;-0.052737
277;0.130801;0.508212;-0.149210
278;-0.190017;0.343133;-0.132810
279;-0.290877;0.228268;-0.059054
280;-0.267200;0.239303;-0.013648
281;-0.277987;0.215721;-0.079729
282;-0.344621;0.142116;-0.183984
283;-0.429477;0.019058;-0.151209
284;-0.529532;-0.086181;-0.068939
285;-0.676537;-0.158846;-0.010997
286;-0.795499;-0.329542;0.018031
287;-0.870016;-0.329941;0.005092
288;-0.909318;-0.278302;-0.019830
289;-0.964439;-0.085738;0.037345
290;-0.940272;0.065359;-0.002042
291;-0.787725;-0.135401;-0.125566
292;-0.653745;-0.084841;-0.089237
293;-0.462686;0.142713;-0.028010
294;-0.361980;0.535783;-0.045143
295;-0.190933;0.750233;-0.151624
296;-0.054667;0.729313;-0.246885
297;0.123253;0.559698;-0.255583
298;0.328021;0.500306;-0.171808
299;0.543591;0.512166;-0.103395
300;0.710834;0.521242;0.010296
301;0.745773;0.500862;0.015704
302;0.758192;0.530666;-0.002492
303;0.759973;0.545163;-0.066937
304;0.628895;0.640644;-0.075582
305;0.556562;0.732784;-0.094479
306;0.508233;0.652580;-0.169245
307;0.303084;0.443196;-0.226305
308;-0.002369;0.348662;-0.168585
309;-0.118028;0.260844;-0.059586
310;-0.221215;0.369471;0.065076
311;-0.304902;0.420438;0.004537
312;-0.425057;0.293644;-0.118399
313;-0.534915;0.099685;-0.172560
314;-0.686584;-0.057727;-0.123104
315;-0.814747;-0.200446;-0.082133
316;-0.952799;-0.277519;-0.070051
317;-0.959282;-0.284503;0.043311
318;-0.838940;-0.182130;0.083032
319;-0.901463;-0.039472;0.030981
320;-0.943721;0.075488;-0.053703
321;-0.806937;-0.087898;-0.124117
322;-0.594580;-0.150567;-0.016724
323;-0.432857;0.049544;0.048133
324;-0.300338;0.347979;-0.020956
325;-0.226992;0.659102;-0.138050
326;-0.064378;0.730781;-0.237438
327;0.121026;0.632914;-0.244338
328;0.266106;0.509790;-0.140474
329;0.445262;0.434792;-0.091227
330;0.642514;0.452871;-0.040312
331;0.792405;0.435639;-0.036143
332;0.853028;0.501524;-0.007958
333;0.813119;0.607699;0.014475
334;0.663243;0.665714;0.011483
335;0.504052;0.782770;-0.007622
336;0.453479;0.605333;-0.204121
337;0.175325;0.463184;-0.316147
338;0.014607;0.244693;-0.235288
339;-0.080676;0.208022;-0.033319
340;-0.123920;0.226583;0.109992
341;-0.190050;0.290685;0.108946
342;-0.316299;0.206938;-0.109478
343;-0.509743;0.117431;-0.230444
344;-0.693420;-0.009293;-0.221002
345;-0.899713;-0.213995;-0.132060
346;-0.972388;-0.270473;-0.034620
347;-0.836935;-0.176549;0.023005
348;-0.767361;-0.119397;-0.016190
349;-0.804684;-0.024903;-0.088917
350;-0.767302;-0.119309;-0.146797
351;-0.707889;-0.268170;-0.131621
352;-0.605702;-0.060759;-0.015159
353;-0.528664;0.240495;-0.011261
354;-0.422670;0.587494;-0.189178
355;-0.288894;0.705904;-0.341129
356;-0.055462;0.605582;-0.304826
357;0.236393;0.516479;-0.235283
358;0.514149;0.512649;-0.158830
359;0.665886;0.471158;-0.087673
360;0.706005;0.511072;-0.082573
361;0.754156;0.645134;-0.076455
362;0.788686;0.715748;-0.090825
363;0.740182;0.698449;-0.117358
364;0.594473;0.782879;-0.108424
365;0.502701;0.600634;-0.246738
366;0.255384;0.323664;-0.239126
367;-0.032166;0.218440;-0.034847
368;-0.089526;0.147449;0.087881
369;-0.124141;0.297679;0.116597
370;-0.172845;0.358885;-0.008241
371;-0.285100;0.277708;-0.162449
372;-0.446471;0.105896;-0.240023
373;-0.668596;-0.040455;-0.122981
374;-0.942654;-0.227655;-0.011738
375;-1.082341;-0.355983;-0.095594
376;-0.949831;-0.230556;-0.083491
377;-0.929419;-0.126660;-0.070341
378;-1.025308;0.072975;0.049029
379;-0.968043;0.060833;0.025210
380;-0.744668;-0.058583;-0.063019
381;-0.491225;0.036265;-0.095918
382;-0.297783;0.286932;-0.126841
383;-0.150701;0.605115;-0.142028
384;-0.013968;0.631772;-0.224115
385;0.109694;0.620382;-0.316697
386;0.221151;0.546004;-0.305415
387;0.463034;0.485691;-0.247428
388;0.611205;0.440350;-0.194540
389;0.689990;0.383091;-0.189000
390;0.686652;0.467780;-0.127388
391;0.655281;0.613386;-0.116838
392;0.592730;0.790671;-0.130255
393;0.541061;0.811021;-0.122945
394;0.450971;0.632255;-0.232565
395;0.255387;0.304084;-0.236848
396;0.006708;0.201354;-0.065742
397;-0.053802;0.221358;0.029140
398;-0.154176;0.376902;0.079049
399;-0.227075;0.396998;0.049290
400;-0.412143;0.256187;-0.098860
401;-0.577153;0.062165;-0.150050
402;-0.694648;-0.098105;-0.053818
403;-0.821743;-0.222589;0.063817
404;-0.926540;-0.295510;0.099799
405;-0.882931;-0.273864;0.072982
406;-0.880473;-0.222754;0.014711
407;-0.995678;0.006661;0.007754
408;-0.991712;-0.027317;-0.090644
409;-0.794733;-0.201263;-0.075738
410;-0.603166;-0.046531;0.128071
411;-0.503812;0.272331;0.112383
412;-0.406092;0.600385;0.007053
413;-0.217464;0.863151;-0.095573
414;0.080117;0.753829;-0.168908
415;0.266595;0.627982;-0.168521
416;0.534928;0.570218;-0.183927
417;0.838619;0.496162;-0.112036
418;0.781853;0.431737;-0.077943
419;0.720302;0.536549;-0.102591
420;0.670702;0.656994;-0.135286
421;0.623300;0.683918;-0.176592
422;0.507749;0.793714;-0.123064
423;0.527531;0.564884;-0.181561
424;0.275833;0.452329;-0.189443
425;-0.014200;0.338845;-0.175388
426;-0.162013;0.309348;-0.005177
427;-0.221556;0.365774;0.140589
428;-0.221526;0.281648;0.051894
429;-0.317657;0.133287;-0.125172
430;-0.432991;0.010484;-0.107369
431;-0.565711;-0.072686;-0.087311
432;-0.741188;-0.187518;-0.091845
433;-0.902020;-0.295300;-0.084093
434;-0.995925;-0.328659;-0.081270
435;-0.980147;-0.244042;-0.074378
436;-0.976231;-0.029836;-0.078794
437;-1.019843;0.021834;-0.141166
438;-0.857711;-0.072396;-0.155777
439;-0.577270;0.023272;-0.040872
440;-0.407673;0.251305;-0.072343
441;-0.327400;0.544727;-0.165229
442;-0.242972;0.769832;-0.189187
443;0.004475;0.888898;-0.182538
444;0.378174;0.725234;-0.144814
445;0.674128;0.497076;-0.070978
446;0.740080;0.410158;-0.049096
447;0.788226;0.379331;-0.046981
448;0.728000;0.491543;-0.018369
449;0.637575;0.697562;-0.016363
450;0.617344;0.690137;-0.031578
451;0.479592;0.787885;0.047397
452;0.492422;0.676538;-0.046078
453;0.350940;0.337894;-0.199844
454;0.052824;0.176664;-0.138623
455;-0.030508;0.141107;-0.046338
456;-0.090383;0.284700;0.057789
457;-0.190396;0.366676;-0.014115
458;-0.307889;0.294811;-0.206347
459;-0.455732;0.131235;-0.295944
460;-0.644240;-0.064357;-0.210220
461;-0.857885;-0.246560;-0.143650
462;-0.910343;-0.332690;-0.151617
463;-0.780701;-0.313333;-0.058866
464;-0.680270;-0.247522;-0.062727
465;-0.739436;-0.123225;-0.212061
466;-0.768740;0.104026;-0.315068
467;-0.853250;0.014345;-0.411618
468;-0.772684;-0.107110;-0.342487
469;-0.523918;0.111615;-0.189799
470;-0.370523;0.383521;-0.151868
471;-0.250140;0.675286;-0.262498
472;0.014029;0.725099;-0.240621
473;0.315636;0.665708;-0.101007
474;0.438636;0.544905;0.005295
475;0.588254;0.447793;0.067136
476;0.679426;0.431062;0.065568
477;0.699656;0.478533;0.102825
478;0.689659;0.648276;0.137899
479;0.651546;0.764262;0.083502
480;0.549068;0.805556;0.112995
481;0.502911;0.793612;0.070778
482;0.452813;0.557469;-0.110555
483;0.196203;0.296535;-0.181998
484;0.021841;0.191913;-0.112732
485;-0.011477;0.231193;-0.011138
486;-0.237531;0.419012;-0.016134
487;-0.426263;0.458634;-0.146339
488;-0.520945;0.241916;-0.344761
489;-0.578376;-0.021036;-0.338490
490;-0.687123;-0.188630;-0.149915
491;-0.792266;-0.290629;-0.071677
492;-0.812734;-0.324919;-0.096612
493;-0.834936;-0.253137;-0.128470
494;-0.879420;-0.139061;-0.223385
495;-0.927375;0.103212;-0.251169
496;-0.890988;-0.004983;-0.301960
497;-0.717276;-0.121272;-0.238144
498;-0.573542;0.021862;-0.105248
499;-0.422087;0.236742;-0.079799
500;-0.393163;0.656490;-0.089030
501;-0.219896;0.867787;-0.205316
502;0.010483;0.777878;-0.296311
503;0.208879;0.670647;-0.229694
504;0.567495;0.685023;-0.167271
505;0.732647;0.571885;-0.130471
506;0.740661;0.560507;-0.138047
507;0.782186;0.621856;-0.075210
508;0.845033;0.648124;-0.074417
509;0.802791;0.696624;-0.003221
510;0.571405;0.705321;0.050787
511;0.391846;0.657428;-0.017552
512;0.164102;0.517365;-0.122254
513;-0.078017;0.442499;-0.136783
514;-0.159236;0.360207;-0.058782
515;-0.196783;0.327017;0.059373
516;-0.280582;0.312202;0.056614
517;-0.434607;0.237954;-0.103994
518;-0.598280;0.066428;-0.156614
519;-0.715416;-0.064802;-0.131651
520;-0.807328;-0.216150;-0.072969
521;-0.895338;-0.336876;-0.013507
522;-0.868812;-0.348589;0.040200
523;-0.923684;-0.299301;0.063537
524;-1.026933;-0.087759;-0.012168
525;-0.979695;0.048906;-0.178775
526;-0.772825;-0.047371;-0.248445
527;-0.675866;0.140272;-0.077249
528;-0.511925;0.367333;-0.039564
529;-0.304693;0.654153;0.002185
530;-0.088308;0.828310;-0.117792
531;0.178684;0.743680;-0.242710
532;0.507416;0.539642;-0.175162
533;0.553821;0.481038;-0.053164
534;0.650819;0.447960;0.008511
535;0.725457;0.465299;0.024621
536;0.639003;0.557999;-0.000504
537;0.689490;0.694795;-0.033327
538;0.677282;0.731785;-0.097180
539;0.533003;0.777065;-0.078472
540;0.445424;0.738886;-0.074379
541;0.343224;0.418552;-0.178504
542;-0.029982;0.328103;-0.088571
543;-0.157600;0.201996;0.033272
544;-0.244494;0.248793;0.096767
545;-0.404653;0.259455;0.039251
546;-0.459106;0.189193;-0.117234
547;-0.520799;0.072347;-0.256922
548;-0.606317;-0.078855;-0.291486
549;-0.652628;-0.227751;-0.188319
550;-0.701639;-0.369479;-0.011495
551;-0.728600;-0.402984;0.075204
552;-0.760895;-0.288150;0.063044
553;-0.789129;-0.105349;-0.127341
554;-0.833973;0.118952;-0.249723
555;-0.707155;0.008660;-0.266364
556;-0.601369;-0.048192;-0.097678
557;-0.495373;0.108677;0.000322
558;-0.416306;0.391874;-0.020326
559;-0.276604;0.589285;-0.119987
560;-0.058783;0.612138;-0.201165
561;0.228800;0.633506;-0.214668
562;0.532485;0.611012;-0.125199
563;0.711140;0.522370;-0.015471
564;0.697949;0.425975;-0.003689
565;0.725684;0.454915;0.009323
566;0.656160;0.596400;0.065778
567;0.642972;0.655119;0.005274
568;0.473611;0.770271;-0.007156
569;0.388992;0.692934;-0.044480
570;0.345263;0.406281;-0.133075
571;0.057878;0.251810;-0.101893
572;-0.087166;0.114857;-0.083776
573;-0.118934;0.124013;0.016251
574;-0.198734;0.161948;0.068403
575;-0.304178;0.202850;-0.053636
576;-0.370279;0.101215;-0.154569
577;-0.429693;-0.039503;-0.182624
578;-0.463990;-0.179256;-0.090975
579;-0.535662;-0.275014;0.020179
580;-0.655189;-0.278610;0.086327
581;-0.739295;-0.223808;0.031797
582;-0.891064;-0.079388;-0.033039
583;-0.948362;-0.010342;-0.145232
584;-0.794585;-0.187860;-0.197640
585;-0.625136;-0.172706;-0.061752
586;-0.446713;-0.007594;0.054908
587;-0.416123;0.344044;-0.011577
588;-0.224801;0.572285;-0.147713
589;-0.014600;0.632809;-0.230847
590;0.164043;0.485642;-0.247708
591;0.396555;0.475398;-0.141337
592;0.610357;0.370895;-0.055950
593;0.672575;0.297612;-0.014727
594;0.735951;0.392592;0.084094
595;0.711843;0.515009;0.090747
596;0.611314;0.592886;0.012809
597;0.472073;0.710116;0.011532
598;0.420066;0.746099;-0.089489
599;0.362002;0.523792;-0.269457
600;0.120050;0.234993;-0.273103
601;-0.045854;0.140762;-0.122182
602;-0.106768;0.114207;0.022658
603;-0.197592;0.223266;0.066531
604;-0.253583;0.260461;-0.027230
605;-0.314989;0.102255;-0.122815
606;-0.463036;-0.076211;-0.093461
607;-0.593430;-0.190107;0.026096
608;-0.663789;-0.277707;0.108308
609;-0.763857;-0.310918;0.112546
610;-0.825249;-0.249294;0.032398
611;-0.848523;-0.137890;-0.020453
612;-0.956031;0.106907;-0.053116
613;-0.882799;0.006435;-0.152778
614;-0.641251;-0.115048;-0.052872
615;-0.500143;0.057064;0.041779
616;-0.342411;0.334359;-0.079167
617;-0.168976;0.602674;-0.201961
618;0.055178;0.564880;-0.232474
619;0.360512;0.613764;-0.228541
620;0.474451;0.427720;-0.157217
621;0.510099;0.346544;-0.048923
622;0.586926;0.353909;0.030964
623;0.665331;0.399392;0.092091
624;0.606940;0.552065;0.107039
625;0.601169;0.607096;0.055578
626;0.498989;0.673044;0.102762
627;0.434159;0.737252;0.077352
628;0.454628;0.407785;-0.187526
629;0.122084;0.360760;-0.122140
630;-0.034623;0.232938;-0.043710
631;-0.114992;0.223281;0.071291
632;-0.203675;0.146916;0.102817
633;-0.279580;0.051248;-0.039786
634;-0.360738;0.003121;-0.154811
635;-0.458774;-0.052856;-0.210160
636;-0.569806;-0.138200;-0.155346
637;-0.666324;-0.255673;-0.037206
638;-0.737252;-0.288893;0.040859
639;-0.787254;-0.243370;0.040346
640;-0.906811;-0.060627;0.038539
641;-0.928731;0.077639;-0.045024
642;-0.739618;-0.085299;-0.138323
643;-0.534634;-0.153739;-0.052966
644;-0.370093;0.022740;-0.030268
645;-0.277748;0.242281;-0.121344
646;-0.264087;0.508381;-0.163661
647;-0.101867;0.524555;-0.173165
648;0.050695;0.518234;-0.157962
649;0.296481;0.534679;-0.151953
650;0.596160;0.466965;-0.102117
651;0.647255;0.394972;-0.079349
652;0.633657;0.402756;-0.065127
653;0.624073;0.542621;-0.011610
654;0.606995;0.638133;-0.045325
655;0.484309;0.719441;-0.039975
656;0.455528;0.743226;-0.022383
657;0.480418;0.520443;-0.131851
658;0.208477;0.387780;-0.163470
659;0.027597;0.219487;-0.134724
660;-0.056513;0.227370;0.004437
661;-0.180795;0.274535;0.071776
662;-0.300799;0.258895;-0.009386
663;-0.410978;0.150539;-0.133232
664;-0.566286;-0.002705;-0.155848
665;-0.652771;-0.172229;-0.097415
666;-0.746141;-0.317666;0.006017
667;-0.858650;-0.400764;0.056645
668;-0.884190;-0.344060;0.066958
669;-0.858884;-0.164032;0.029006
670;-0.896741;0.139076;-0.076612
671;-0.768672;0.118847;-0.184571
672;-0.539199;-0.051688;-0.120620
673;-0.408168;0.050225;-0.052823
674;-0.258028;0.255463;-0.121727
675;-0.138330;0.496544;-0.166280
676;-0.048288;0.641151;-0.191245
677;0.122137;0.652585;-0.185668
678;0.346513;0.496842;-0.153241
679;0.515371;0.385001;-0.062938
680;0.653427;0.296995;-0.026424
681;0.721692;0.349781;0.030467
682;0.637241;0.550302;0.105751
683;0.599871;0.703082;-0.001223
684;0.545447;0.707160;-0.129871
685;0.404360;0.647054;-0.190871
686;0.310191;0.411895;-0.235500
687;0.100897;0.222653;-0.168815
688;-0.073312;0.095338;-0.032783
689;-0.176186;0.046400;0.025766
690;-0.274677;0.130767;0.044410
691;-0.236941;0.188748;-0.051674
692;-0.213930;0.067668;-0.178562
693;-0.290226;-0.099560;-0.187194
694;-0.380159;-0.220421;-0.058211
695;-0.477199;-0.318324;0.078662
696;-0.599791;-0.362667;0.134405
697;-0.703490;-0.321293;0.093460
698;-0.747648;-0.243017;0.010750
699;-0.792293;0.001347;-0.028042
700;-0.783810;0.246091;-0.084063
701;-0.554273;0.043153;-0.135627
702;-0.371735;-0.134625;-0.032720
703;-0.297175;0.001133;-0.023453
704;-0.247893;0.301857;-0.022483
705;-0.142338;0.640450;-0.097688
706;0.046853;0.649464;-0.216732
707;0.198378;0.401908;-0.251671
708;0.344297;0.272836;-0.128400
709;0.553043;0.246505;-0.010249
710;0.674707;0.293093;0.071460
711;0.593974;0.372462;0.093348
712;0.539356;0.514532;0.057610
713;0.566510;0.653774;-0.054063
714;0.513230;0.761701;-0.072336
715;0.339411;0.803902;-0.055305
716;0.252953;0.601419;-0.049634
717;0.216326;0.277640;-0.082596
718;-0.125148;0.102804;-0.134708
719;-0.376765;-0.038588;-0.080260
720;-0.463429;0.042058;0.034111
721;-0.458949;0.186008;-0.024851
722;-0.382012;0.067070;-0.159629
723;-0.303714;-0.152212;-0.166813
724;-0.294026;-0.324490;-0.064193
725;-0.351379;-0.435362;0.041610
726;-0.469023;-0.469669;0.105777
727;-0.628367;-0.345004;0.052092
728;-0.774820;-0.188631;-0.054557
729;-0.934512;0.075946;-0.046109
730;-0.921382;0.210946;-0.108548
731;-0.669231;-0.083024;-0.061187
732;-0.441122;-0.140826;0.056732
733;-0.334262;0.084068;0.020929
734;-0.283805;0.406577;-0.069717
735;-0.102664;0.647501;-0.149663
736;0.188650;0.678431;-0.237537
737;0.384465;0.473132;-0.254730
738;0.430443;0.293500;-0.248274
739;0.535501;0.233227;-0.154115
740;0.603860;0.258677;-0.073174
741;0.601500;0.410685;-0.051649
742;0.560718;0.630079;-0.059168
743;0.503840;0.699073;-0.117183
744;0.398386;0.847303;-0.084669
745;0.515477;0.712542;-0.195479
746;0.346908;0.327062;-0.317226
747;-0.058264;0.162077;-0.118128
748;-0.128130;0.028245;0.014535
749;-0.159231;0.084456;0.081277
750;-0.256768;0.186599;0.036197
751;-0.340925;0.180395;-0.140189
752;-0.367137;0.009614;-0.232386
753;-0.440125;-0.183378;-0.157634
754;-0.513682;-0.290125;-0.000918
755;-0.612337;-0.390155;0.105973
756;-0.729817;-0.297594;0.104825
757;-0.717099;-0.146012;-0.001602
758;-0.831488;0.099604;-0.045141
759;-0.916185;0.170658;-0.108643
760;-0.711878;-0.200383;-0.108364
761;-0.424386;-0.249202;0.002580
762;-0.303320;-0.045597;0.035866
763;-0.292246;0.303282;-0.018281
764;-0.262400;0.765787;-0.138286
765;0.131263;0.784543;-0.290561
766;0.422230;0.527211;-0.308077
767;0.481213;0.314034;-0.221710
768;0.517065;0.172977;-0.102087
769;0.591856;0.211614;-0.008577
770;0.618863;0.356170;0.072716
771;0.600360;0.549604;0.080938
772;0.548718;0.624340;-0.060265
773;0.425984;0.740904;-0.113141
774;0.380995;0.698561;-0.120467
775;0.341306;0.350982;-0.265696
776;0.018522;0.173671;-0.227730
777;-0.134815;0.066812;-0.081225
778;-0.152393;0.065751;0.063851
779;-0.232961;0.083581;0.140780
780;-0.307808;0.088945;0.044568
781;-0.312322;0.017369;-0.074911
782;-0.341014;-0.092967;-0.103886
783;-0.358677;-0.230323;0.007751
784;-0.430817;-0.332893;0.106098
785;-0.568993;-0.361828;0.170738
786;-0.721739;-0.237965;0.079906
787;-0.776356;-0.124950;-0.068214
788;-0.755338;0.121879;-0.115823
789;-0.650652;0.075256;-0.138824
790;-0.576611;-0.252194;-0.030210
791;-0.469184;-0.133176;0.079284
792;-0.317836;0.085744;0.048220
793;-0.351941;0.491068;-0.045442
794;-0.237171;0.799648;-0.214858
795;0.178693;0.604783;-0.302144
796;0.417189;0.368127;-0.163757
797;0.522264;0.253106;0.021687
798;0.619193;0.277707;0.141097
799;0.675322;0.372584;0.109182
800;0.669166;0.566957;0.122481
801;0.678327;0.638007;0.095404
802;0.500401;0.765775;0.100642
803;0.403647;0.793321;-0.044523
804;0.404129;0.473717;-0.298694
805;0.076702;0.195555;-0.310153
806;-0.136580;0.043790;-0.104633
807;-0.081585;0.002729;0.082768
808;-0.061197;0.156530;0.116963
809;-0.144900;0.203058;-0.076998
810;-0.312505;0.138848;-0.260990
811;-0.367986;-0.028978;-0.315468
812;-0.448129;-0.160171;-0.218137
813;-0.588824;-0.293665;-0.055977
814;-0.728077;-0.370133;0.098161
815;-0.788275;-0.266200;0.144344
816;-0.872809;-0.141885;0.037752
817;-0.909402;0.153117;0.004937
818;-0.840268;0.176790;-0.041399
819;-0.578562;-0.184004;0.003430
820;-0.400001;-0.152751;0.090025
821;-0.316033;0.096274;0.047922
822;-0.312584;0.452180;-0.059852
823;-0.265994;0.724926;-0.198131
824;-0.002567;0.656963;-0.302120
825;0.252215;0.492329;-0.314144
826;0.474338;0.378226;-0.293657
827;0.646710;0.369886;-0.253509
828;0.730584;0.400624;-0.236273
829;0.780172;0.547599;-0.164996
830;0.797127;0.720174;-0.128483
831;0.684567;0.760691;-0.155576
832;0.407788;0.839840;-0.135523
833;0.279787;0.636991;-0.239323
834;0.038739;0.354596;-0.297965
835;-0.189112;0.165015;-0.147030
836;-0.163719;0.091363;0.063130
837;-0.142249;0.121737;0.185970
838;-0.279549;0.169736;0.133874
839;-0.430337;0.125121;-0.067296
840;-0.484188;-0.004999;-0.208505
841;-0.535187;-0.157242;-0.166855
842;-0.597674;-0.306059;-0.029549
843;-0.689798;-0.385114;0.098002
844;-0.731637;-0.311428;0.115662
845;-0.815311;-0.162943;-0.019141
846;-0.973384;0.040423;-0.096925
847;-0.904103;-0.031990;-0.125416
848;-0.663351;-0.066557;0.004036
849;-0.419880;0.161249;0.064728
850;-0.267372;0.379006;-0.020249
851;-0.189902;0.677180;-0.169790
852;0.068107;0.761307;-0.317681
853;0.300536;0.550036;-0.410791
854;0.541333;0.363634;-0.422308
855;0.671661;0.204961;-0.316455
856;0.697936;0.149083;-0.126035
857;0.636006;0.257954;0.060487
858;0.558337;0.528171;0.152008
859;0.583953;0.558610;-0.021388
860;0.375634;0.690752;-0.120304
861;0.273454;0.605347;-0.188287
862;0.145043;0.251354;-0.220267
863;-0.088644;0.013497;-0.074785
864;-0.143025;-0.121270;0.091318
865;-0.105048;-0.091172;0.169427
866;-0.161255;0.046508;0.083422
867;-0.226797;0.095254;-0.133908
868;-0.202516;0.077505;-0.255567
869;-0.158808;-0.074111;-0.241041
870;-0.212924;-0.228601;-0.111194
871;-0.290587;-0.311580;0.020560
872;-0.404585;-0.334038;0.102632
873;-0.493010;-0.206446;0.105908
874;-0.552561;-0.061126;-0.011829
875;-0.618445;0.113955;-0.058121
876;-0.549807;0.167834;-0.061786
877;-0.400117;-0.084314;-0.010101
878;-0.319259;-0.149699;0.065427
879;-0.215131;-0.141974;0.014151
880;-0.231233;0.045959;-0.007146
881;-0.211299;0.311853;-0.063517
882;-0.104526;0.417204;-0.137481
883;0.054575;0.360222;-0.193732
884;0.235581;0.273140;-0.156953
885;0.410246;0.256446;-0.101399
886;0.524086;0.298248;-0.052398
887;0.526776;0.445623;-0.001503
888;0.536599;0.635739;-0.019633
889;0.680708;0.629445;-0.048404
890;0.561097;0.679614;0.002352
891;0.455025;0.595864;-0.030539
892;0.362523;0.347639;-0.141030
893;0.064310;0.171039;-0.162349
894;-0.112312;-0.007849;-0.165683
895;-0.196063;0.019974;0.024449
896;-0.175310;0.133729;0.148229
897;-0.222555;0.193760;0.011613
898;-0.303370;0.070853;-0.164835
899;-0.356901;-0.107905;-0.227076
900;-0.388481;-0.208323;-0.121111
901;-0.435399;-0.319201;0.039678
902;-0.561779;-0.300251;0.102280
903;-0.677901;-0.252554;0.032000
904;-0.775165;-0.169816;-0.043921
905;-0.803867;0.074484;-0.069587
906;-0.718446;0.114688;-0.084145
907;-0.557766;-0.100596;-0.043500
908;-0.391981;-0.102324;0.057319
909;-0.266299;0.076476;0.028799
910;-0.213547;0.325278;-0.059285
911;-0.095066;0.608727;-0.169086
912;0.136051;0.626147;-0.270129
913;0.291393;0.403992;-0.207425
914;0.454514;0.282080;-0.123728
915;0.608165;0.235247;-0.061099
916;0.641557;0.288384;-0.013920
917;0.683182;0.420952;0.043729
918;0.714150;0.572891;0.056558
919;0.681295;0.685912;0.026144
920;0.406210;0.883123;0.009121
921;0.191499;0.680608;-0.209236
922;-0.084707;0.307928;-0.290385
923;-0.273284;0.002206;-0.167512
924;-0.229196;-0.122097;-0.008680
925;-0.119496;-0.070818;0.113679
926;-0.104312;0.009498;0.105614
927;-0.221934;0.059026;-0.042554
928;-0.317730;-0.018335;-0.151024
929;-0.364503;-0.124963;-0.169056
930;-0.395661;-0.248348;-0.066328
931;-0.469898;-0.345690;0.073841
932;-0.607029;-0.253794;0.124253
933;-0.675630;-0.144766;-0.061654
934;-0.727007;-0.036344;-0.165878
935;-0.700339;0.128689;-0.127117
936;-0.610123;-0.115617;-0.034644
937;-0.503449;-0.178707;0.078658
938;-0.369090;-0.014580;-0.032234
939;-0.330133;0.340816;-0.133044
940;-0.119040;0.646067;-0.255023
941;0.073299;0.707537;-0.265693
942;0.239951;0.543417;-0.224994
943;0.497426;0.357896;-0.106571
944;0.627715;0.297122;-0.027256
945;0.734698;0.271211;-0.062475
946;0.787312;0.372532;0.013601
947;0.665879;0.549257;0.056405
948;0.649478;0.636596;0.012244
949;0.373739;0.758959;0.027385
950;0.217716;0.650518;-0.123921
951;0.026326;0.239563;-0.217196
952;-0.333027;-0.021323;0.001093
953;-0.304567;-0.164076;0.164052
954;-0.173586;-0.104881;0.248164
955;-0.158043;0.008081;0.098575
956;-0.258974;0.072332;-0.150491
957;-0.293483;-0.052617;-0.218209
958;-0.344815;-0.207973;-0.116461
959;-0.408427;-0.347416;0.043804
960;-0.412062;-0.380575;0.185542
961;-0.413153;-0.246057;0.170755
962;-0.496132;-0.067649;-0.021910
963;-0.604171;0.171332;-0.147773
964;-0.624023;0.317012;-0.200419
965;-0.388233;-0.112681;-0.202296
966;-0.278815;-0.230631;-0.042851
967;-0.232280;-0.048036;-0.081670
968;-0.247023;0.205108;-0.180405
969;-0.249863;0.458271;-0.184802
970;-0.072344;0.467609;-0.164041
971;0.153087;0.348273;-0.075831
972;0.399839;0.274822;0.002127
973;0.506017;0.281779;-0.017519
974;0.622978;0.305779;-0.059883
975;0.657575;0.417344;-0.045241
976;0.692403;0.599231;0.013744
977;0.690966;0.653792;0.032988
978;0.456408;0.809813;0.018083
979;0.387926;0.562557;-0.199776
980;0.109356;0.276016;-0.237860
981;-0.213739;0.192825;-0.056970
982;-0.185614;0.068887;0.055053
983;-0.170079;0.127298;0.047422
984;-0.171539;0.075030;-0.080466
985;-0.295664;0.032456;-0.135696
986;-0.385898;-0.035880;-0.130902
987;-0.463236;-0.127991;-0.077284
988;-0.489694;-0.225313;-0.004197
989;-0.531626;-0.319430;0.027498
990;-0.601887;-0.359244;0.046922
991;-0.669874;-0.223428;-0.012898
992;-0.768651;-0.020034;-0.092918
993;-0.788013;0.145964;-0.184146
994;-0.547584;-0.030877;-0.130937
995;-0.471100;-0.069722;-0.008788
996;-0.355443;0.042200;-0.036911
997;-0.311936;0.319713;-0.102067
998;-0.241826;0.547567;-0.131436
999;-0.073610;0.556918;-0.140319
1000;0.140863;0.424839;-0.111030
1001;0.393770;0.383526;-0.086808
1002;0.702061;0.366697;-0.044160
1003;0.725624;0.356099;-0.041478
1004;0.640816;0.561851;-0.002452
1005;0.639631;0.797852;-0.000219
1006;0.629738;0.787981;-0.068432
1007;0.477918;0.741147;-0.140384
1008;0.410946;0.408878;-0.276833
1009;0.105953;0.183020;-0.197144
1010;-0.023570;0.185039;0.021061
1011;0.079838;0.240975;0.049520
1012;-0.092072;0.278755;0.000365
1013;-0.269089;0.210213;-0.113408
1014;-0.344605;0.075144;-0.171210
1015;-0.449711;-0.072795;-0.123620
1016;-0.521313;-0.203572;-0.030827
1017;-0.514728;-0.313909;0.020614
1018;-0.557301;-0.323775;0.014573
1019;-0.609105;-0.251242;-0.034537
1020;-0.683226;-0.137614;-0.157963
1021;-0.780778;0.037871;-0.199542
1022;-0.749142;0.088682;-0.184524
1023;-0.568309;-0.154905;-0.105464
1024;-0.443783;-0.183877;-0.030117
1025;-0.330009;-0.091644;-0.089549
1026;-0.363854;0.228251;-0.110005
1027;-0.350933;0.522905;-0.142989
1028;-0.140001;0.434805;-0.110436
1029;0.030599;0.394924;-0.075029
1030;0.258280;0.385940;-0.050453
1031;0.553176;0.408298;-0.061567
1032;0.747593;0.426224;-0.016539
1033;0.695587;0.502659;0.059657
1034;0.712859;0.714551;0.167405
1035;0.622075;0.739180;0.129590
1036;0.452293;0.852296;0.080176
1037;0.488840;0.702872;-0.135346
1038;0.351032;0.418561;-0.264415
1039;0.095940;0.241764;-0.081449
1040;0.090543;0.222004;0.083329
1041;0.038064;0.353213;0.121087
1042;-0.163528;0.387364;0.032891
1043;-0.432801;0.332834;-0.093345
1044;-0.592248;0.088641;-0.133519
1045;-0.725420;-0.196055;-0.157822
1046;-0.838616;-0.428796;-0.027935
1047;-0.797149;-0.485556;0.103296
1048;-0.689463;-0.333384;0.129786
1049;-0.703632;-0.201844;-0.023210
1050;-0.773966;0.012989;-0.160043
1051;-0.765148;0.169881;-0.224181
1052;-0.643677;-0.108791;-0.195716
1053;-0.583363;-0.174283;-0.029395
1054;-0.458961;0.046984;-0.019232
1055;-0.347775;0.426608;-0.070689
1056;-0.222174;0.787451;-0.093870
1057;0.030147;0.794710;-0.124024
1058;0.326841;0.557326;-0.066884
1059;0.569683;0.425661;0.054293
1060;0.684804;0.371269;0.052951
1061;0.714047;0.383129;-0.011554
1062;0.679650;0.444248;-0.026002
1063;0.632063;0.676506;0.000708
1064;0.614194;0.708082;-0.066419
1065;0.350607;0.970789;-0.003346
1066;0.336400;0.921364;-0.129971
1067;0.276244;0.463538;-0.319362
1068;-0.152076;0.202673;-0.166124
1069;-0.234114;-0.012988;-0.038848
1070;-0.211644;0.113444;0.127318
1071;-0.259372;0.217529;0.166509
1072;-0.409352;0.148216;0.017238
1073;-0.479773;-0.009618;-0.108611
1074;-0.536578;-0.172543;-0.105217
1075;-0.622328;-0.326860;0.019567
1076;-0.699160;-0.443849;0.107946
1077;-0.777526;-0.449706;0.107379
1078;-0.804690;-0.284558;0.046017
1079;-0.887798;-0.022045;-0.022639
1080;-0.946978;0.343996;-0.086514
1081;-0.716477;0.039227;-0.186612
1082;-0.562567;-0.029441;-0.075720
1083;-0.360187;0.177593;-0.029948
1084;-0.189394;0.525620;-0.082294
1085;0.059398;0.644359;-0.137402
1086;0.152322;0.666848;-0.130965
1087;0.385664;0.659752;-0.093517
1088;0.606732;0.534888;0.029121
1089;0.582797;0.342511;-0.016337
1090;0.657777;0.320955;-0.073948
1091;0.718680;0.333787;-0.085218
1092;0.671965;0.450274;-0.083938
1093;0.513865;0.608575;-0.132004
1094;0.322837;0.758109;-0.089884
1095;0.350488;0.662862;-0.163702
1096;0.227439;0.344996;-0.226713
1097;-0.058417;0.202924;-0.088512
1098;-0.149019;0.215371;-0.056287
1099;-0.167665;0.280173;-0.060961
1100;-0.198433;0.212447;-0.098874
1101;-0.239928;0.035622;-0.088574
1102;-0.332150;-0.125477;0.000919
1103;-0.398993;-0.216626;0.073408
1104;-0.525463;-0.207675;0.105347
1105;-0.676605;-0.180390;0.054348
1106;-0.796938;-0.206098;0.014206
1107;-0.845429;-0.147287;-0.005366
1108;-0.822887;0.018104;-0.000282
1109;-0.865381;0.055689;0.009025
1110;-0.846009;-0.172626;0.053053
1111;-0.594520;-0.183401;0.139715
1112;-0.395778;0.016095;0.062976
1113;-0.301766;0.300525;-0.099877
1114;-0.247856;0.683492;-0.192290
1115;-0.019113;0.693902;-0.279170
1116;0.211424;0.511140;-0.212291
1117;0.440157;0.387783;-0.080229
1118;0.614909;0.400813;0.028587
1119;0.664888;0.409083;0.046953
1120;0.673429;0.598038;0.058630
1121;0.701383;0.750406;-0.012444
1122;0.776343;0.741028;-0.082211
1123;0.547729;0.795199;-0.089531
1124;0.427499;0.675655;-0.186885
1125;0.251683;0.351332;-0.271972
1126;-0.045549;0.162982;-0.096296
1127;-0.085679;0.059905;0.115793
1128;-0.186268;0.121366;0.198688
1129;-0.324915;0.190257;0.056215
1130;-0.336646;0.132057;-0.149039
1131;-0.358147;-0.003084;-0.237348
1132;-0.413471;-0.151635;-0.176643
1133;-0.467492;-0.307918;-0.016589
1134;-0.543938;-0.412180;0.059567
1135;-0.687344;-0.274481;0.007891
1136;-0.808913;-0.174532;-0.063674
1137;-0.957228;0.109713;-0.068254
1138;-0.814687;0.060337;-0.111057
1139;-0.563468;-0.188439;-0.055105
1140;-0.413999;-0.095741;0.000106
1141;-0.342009;0.157697;-0.007766
1142;-0.278419;0.426362;-0.121819
1143;-0.166982;0.569410;-0.192036
1144;0.008822;0.591631;-0.166780
1145;0.377572;0.594856;-0.165274
1146;0.681817;0.507699;-0.072477
1147;0.730099;0.459951;-0.072130
1148;0.766796;0.425114;-0.020265
1149;0.565601;0.572891;0.059080
1150;0.620535;0.763983;0.049687
1151;0.518889;0.817070;0.040030
1152;0.359950;0.709482;-0.037452
1153;0.256397;0.434358;-0.165086
1154;-0.030508;0.290045;-0.092657
1155;-0.212348;0.148825;-0.078703
1156;-0.248394;0.094950;-0.018990
1157;-0.241987;0.056449;0.016777
1158;-0.302988;0.007249;0.043246
1159;-0.400542;-0.034549;0.031376
1160;-0.416489;-0.084839;0.014352
1161;-0.426156;-0.185894;0.003814
1162;-0.471385;-0.344869;0.015992
1163;-0.535286;-0.428131;0.007862
1164;-0.685625;-0.343210;-0.019100
1165;-0.847780;-0.124742;-0.050471
1166;-0.936310;0.141545;-0.190081
1167;-0.810848;0.008597;-0.224886
1168;-0.581217;-0.072988;-0.056503
1169;-0.405264;0.081317;-0.033338
1170;-0.322623;0.349495;-0.146915
1171;-0.209256;0.551607;-0.232565
1172;-0.007630;0.595445;-0.247571
1173;0.257486;0.581897;-0.196716
1174;0.487663;0.454114;-0.099426
1175;0.633313;0.440363;-0.033814
1176;0.697547;0.384777;-0.118550
1177;0.792278;0.448479;-0.130632
1178;0.730647;0.682112;-0.079200
1179;0.716788;0.817601;-0.048830
1180;0.454133;0.850963;-0.083922
1181;0.169030;0.703977;-0.256890
1182;-0.037451;0.239232;-0.285790
1183;-0.309551;-0.003102;-0.027152
1184;-0.291624;-0.124870;0.137660
1185;-0.249901;-0.007453;0.177200
1186;-0.261107;0.058225;0.017246
1187;-0.274118;0.050429;-0.152756
1188;-0.271523;-0.015910;-0.195033
1189;-0.304346;-0.164662;-0.160867
1190;-0.425787;-0.319863;-0.077870
1191;-0.592468;-0.456247;-0.028234
1192;-0.761500;-0.390473;-0.039937
1193;-0.780842;-0.137126;-0.113156
1194;-0.844969;0.310032;-0.214322
1195;-0.704605;0.189500;-0.409855
1196;-0.495488;-0.130990;-0.256354
1197;-0.436692;0.000283;-0.055939
1198;-0.304225;0.188284;-0.012983
1199;-0.177926;0.579113;-0.094030
1200;0.115203;0.601628;-0.205402
1201;0.277073;0.550283;-0.103246
1202;0.512138;0.529591;0.022595
1203;0.639277;0.401832;0.069120
1204;0.627128;0.426309;0.024436
1205;0.639079;0.525490;-0.007160
1206;0.624993;0.559673;0.021228
1207;0.549241;0.577220;0.090043
1208;0.442450;0.750149;0.080142
1209;0.384484;0.624753;-0.076907
1210;0.125106;0.396626;-0.132865
1211;-0.137247;0.275745;-0.050125
1212;-0.114065;0.192377;0.002988
1213;-0.076401;0.131372;-0.056581
1214;-0.118774;-0.011770;-0.121768
1215;-0.221248;-0.124407;-0.089738
1216;-0.354642;-0.167102;-0.099061
1217;-0.476304;-0.159059;-0.118359
1218;-0.546843;-0.148785;-0.117638
1219;-0.571242;-0.237483;-0.138250
1220;-0.626416;-0.245782;-0.096097
1221;-0.581861;-0.191886;-0.156128
1222;-0.602478;-0.082522;-0.225604
1223;-0.625842;-0.008768;-0.235800
1224;-0.627425;-0.145128;-0.170641
1225;-0.564830;-0.112843;-0.082045
1226;-0.400236;0.001885;-0.093020
1227;-0.410425;0.272222;-0.152624
1228;-0.326775;0.470101;-0.161609
1229;-0.061428;0.537116;-0.129022
1230;0.250615;0.442822;-0.018110
1231;0.397290;0.410762;0.019561
1232;0.569621;0.398916;0.035552
1233;0.616731;0.392425;-0.017842
1234;0.648289;0.606474;0.011367
1235;0.645513;0.804471;0.005727
1236;0.600343;0.930957;0.069148
1237;0.563448;0.899825;-0.018236
1238;0.470281;0.587878;-0.227107
1239;0.162181;0.256187;-0.178741
1240;-0.086627;0.058809;0.000136
1241;-0.061633;0.039231;0.087759
1242;-0.087915;0.193139;0.062493
1243;-0.223477;0.285822;-0.035607
1244;-0.362215;0.169558;-0.124304
1245;-0.493066;-0.055542;-0.169868
1246;-0.589841;-0.258370;-0.088864
1247;-0.714819;-0.448330;0.040629
1248;-0.762565;-0.474014;0.111109
1249;-0.613448;-0.322487;0.117782
1250;-0.611131;-0.131369;-0.043803
1251;-0.820106;0.186147;-0.167778
1252;-0.838526;0.079979;-0.291128
1253;-0.650515;-0.219060;-0.187256
1254;-0.442839;-0.074015;-0.039064
1255;-0.342622;0.283620;-0.048335
1256;-0.255049;0.600491;-0.167942
1257;-0.025664;0.753848;-0.227742
1258;0.281533;0.588581;-0.125112
1259;0.526820;0.405501;0.063752
1260;0.600000;0.328925;0.153819
1261;0.609628;0.338376;0.150264
1262;0.646859;0.407275;0.096879
1263;0.643885;0.679236;0.111263
1264;0.617551;0.783375;0.017596
1265;0.373768;0.960726;-0.000112
1266;0.275925;0.803907;-0.184327
1267;0.248855;0.248336;-0.364289
1268;-0.058781;0.059083;-0.173298
1269;-0.086927;-0.062553;-0.006329
1270;-0.083507;0.009764;0.063134
1271;-0.148934;0.116950;0.012823
1272;-0.286366;0.132839;-0.126271
1273;-0.365178;0.023887;-0.194896
1274;-0.415051;-0.109874;-0.178593
1275;-0.469248;-0.237566;-0.037914
1276;-0.533864;-0.344165;0.096775
1277;-0.677365;-0.367784;0.114019
1278;-0.765431;-0.280393;-0.000108
1279;-0.829498;-0.083548;-0.062335
1280;-0.928056;0.160824;-0.076864
1281;-0.783939;0.051561;-0.092951
1282;-0.490821;-0.105906;0.008800
1283;-0.312362;-0.028483;0.004765
1284;-0.197339;0.184780;-0.043470
1285;-0.162708;0.490164;-0.109106
1286;0.016357;0.565149;-0.184100
1287;0.282395;0.588144;-0.128350
1288;0.481627;0.475677;-0.049353
1289;0.506066;0.368610;-0.071031
1290;0.581988;0.338546;-0.114405
1291;0.685661;0.362531;-0.118785
1292;0.675108;0.539299;-0.051076
1293;0.562141;0.640005;-0.069901
1294;0.373724;0.761832;-0.004792
1295;0.413381;0.668163;-0.133731
1296;0.297073;0.388345;-0.251202
1297;0.009849;0.376731;-0.180754
1298;0.001496;0.190000;-0.128593
1299;-0.103779;0.217729;-0.006684
1300;-0.182663;0.131336;-0.000344
1301;-0.273270;0.013065;-0.043989
1302;-0.395180;-0.082672;-0.032967
1303;-0.493255;-0.132187;0.024532
1304;-0.557030;-0.184031;0.067415
1305;-0.639857;-0.245205;0.084013
1306;-0.716940;-0.230474;0.077698
1307;-0.734871;-0.152420;0.022804
1308;-0.802394;0.020202;-0.034513
1309;-0.799285;0.040844;-0.050624
1310;-0.633288;-0.242013;-0.004413
1311;-0.496451;-0.261828;0.113141
1312;-0.406605;-0.035282;0.083967
1313;-0.388756;0.296883;0.016505
1314;-0.259888;0.627297;-0.116538
1315;-0.002951;0.667516;-0.204117
1316;0.235115;0.503142;-0.156276
1317;0.387491;0.392107;-0.054513
1318;0.509617;0.400770;-0.015406
1319;0.661749;0.429051;-0.020509
1320;0.698910;0.544682;-0.019020
1321;0.657001;0.719247;-0.053010
1322;0.715825;0.698166;-0.098014
1323;0.570924;0.850131;-0.071649
1324;0.471949;0.728745;-0.160045
1325;0.275045;0.423362;-0.281862
1326;-0.092396;0.281696;-0.183906
1327;-0.202531;0.102859;-0.046594
1328;-0.218151;0.141527;0.122385
1329;-0.230422;0.126797;0.113265
1330;-0.352650;0.058199;-0.007284
1331;-0.442962;-0.032207;-0.020729
1332;-0.441660;-0.077941;-0.031895
1333;-0.470723;-0.201703;-0.004308
1334;-0.556348;-0.321164;0.031586
1335;-0.638445;-0.353009;0.038260
1336;-0.793823;-0.242162;0.001646
1337;-0.963653;-0.057172;-0.035493
1338;-0.926625;0.147563;-0.172025
1339;-0.589222;-0.086065;-0.233772
1340;-0.473139;-0.114563;-0.074154
1341;-0.392376;0.059737;-0.060835
1342;-0.284308;0.339693;-0.131894
1343;-0.063955;0.605181;-0.202299
1344;0.164083;0.585162;-0.250176
1345;0.259623;0.539533;-0.131516
1346;0.441735;0.489713;-0.035730
1347;0.582146;0.333994;0.039379
1348;0.592337;0.308587;0.060380
1349;0.616400;0.462605;0.118857
1350;0.601433;0.714125;0.124243
1351;0.604486;0.764777;0.037922
1352;0.492805;0.747555;-0.002806
1353;0.389320;0.547974;-0.148801
1354;0.183529;0.281092;-0.209558
1355;-0.078915;0.123917;-0.105899
1356;-0.174971;0.068777;0.032228
1357;-0.194159;0.103057;0.128923
1358;-0.247439;0.101422;0.068208
1359;-0.355257;0.016621;-0.093213
1360;-0.362095;-0.101104;-0.124671
1361;-0.351298;-0.225098;-0.045309
1362;-0.382442;-0.349772;0.030946
1363;-0.434965;-0.384260;0.096486
1364;-0.516664;-0.305863;0.038147
1365;-0.643384;-0.165323;-0.099157
1366;-0.838927;0.100549;-0.211690
1367;-0.799299;0.044405;-0.390172
1368;-0.638701;-0.112978;-0.302325
1369;-0.443593;0.003110;-0.131592
1370;-0.315591;0.235206;-0.109824
1371;-0.153514;0.350843;-0.103185
1372;-0.045903;0.435469;-0.097455
1373;0.142949;0.393134;-0.068534
1374;0.364770;0.376708;0.063184
1375;0.476917;0.284569;0.138375
1376;0.512202;0.292295;0.116866
1377;0.509761;0.403438;0.119571
1378;0.440571;0.680572;0.090830
1379;0.460682;0.751040;-0.058244
1380;0.496905;0.862992;-0.111664
1381;0.605366;0.658838;-0.268063
1382;0.476388;0.352418;-0.285572
1383;0.228501;0.245423;-0.067176
1384;0.163789;0.200268;0.068597
1385;0.073740;0.286800;0.111231
1386;-0.075330;0.314370;0.005344
1387;-0.235011;0.234310;-0.120361
1388;-0.423154;0.129737;-0.097601
1389;-0.544364;0.014952;-0.110317
1390;-0.669358;-0.203531;-0.054207
1391;-0.816251;-0.373201;-0.013008
1392;-0.958461;-0.393086;0.000092
1393;-0.912568;-0.306067;-0.014505
1394;-0.841728;-0.120546;-0.091251
1395;-0.699881;0.023204;-0.181283
1396;-0.597922;-0.094817;-0.146232
1397;-0.579649;-0.039869;-0.058993
1398;-0.409540;0.118523;-0.067811
1399;-0.172360;0.286746;-0.056380
1400;-0.008219;0.467537;-0.083483
1401;0.088675;0.476229;-0.092229
1402;0.178046;0.474811;-0.084688
1403;0.350632;0.332591;0.007730
1404;0.458425;0.270557;0.054066
1405;0.518632;0.299161;0.043104
1406;0.488277;0.489858;0.075942
1407;0.488384;0.648574;-0.004899
1408;0.522386;0.733079;-0.035575
1409;0.470304;0.716531;-0.023325
1410;0.501621;0.523569;-0.128308
1411;0.367304;0.244972;-0.179158
1412;0.188217;0.191240;-0.032130
1413;0.207892;0.160414;0.073674
1414;0.095399;0.260736;0.093536
1415;-0.059643;0.239269;-0.028488
1416;-0.190387;0.204427;-0.160053
1417;-0.328924;0.076815;-0.149159
1418;-0.469066;-0.069294;-0.059255
1419;-0.563205;-0.232815;0.044060
1420;-0.649825;-0.335624;0.106695
1421;-0.767916;-0.293964;0.046539
1422;-0.832483;-0.251583;-0.071832
1423;-0.843988;-0.119236;-0.180450
1424;-0.780490;0.002502;-0.260526
1425;-0.705448;-0.196566;-0.190984
1426;-0.617454;-0.181833;-0.011252
1427;-0.426344;-0.052158;-0.003737
1428;-0.428074;0.272523;-0.089797
1429;-0.408315;0.602411;-0.167267
1430;-0.185433;0.707734;-0.193037
1431;0.196394;0.666671;-0.112609
1432;0.483975;0.546937;-0.010933
1433;0.652348;0.473821;-0.019897
1434;0.718783;0.409924;-0.022062
1435;0.695369;0.525907;0.052149
1436;0.633941;0.709986;0.011911
1437;0.549236;0.838375;-0.004797
1438;0.523963;0.795576;-0.055407
1439;0.472858;0.579297;-0.189573
1440;0.287841;0.279863;-0.215560
1441;0.062627;0.192431;-0.040737
1442;0.007344;0.145547;0.108788
1443;-0.117916;0.195282;0.165069
1444;-0.234754;0.275459;0.036209
1445;-0.340011;0.223162;-0.173518
1446;-0.465597;0.025494;-0.212238
1447;-0.549814;-0.168013;-0.111525
1448;-0.610986;-0.325541;0.043603
1449;-0.698205;-0.441343;0.107511
1450;-0.768858;-0.342542;0.052835
1451;-0.788905;-0.190852;-0.105684
1452;-0.837080;0.011661;-0.179703
1453;-0.840555;0.111879;-0.222696
1454;-0.665112;-0.121509;-0.179019
1455;-0.539454;-0.056005;-0.035590
1456;-0.447987;0.196621;-0.065931
1457;-0.265377;0.463818;-0.089544
1458;-0.105625;0.677755;-0.170044
1459;0.211612;0.721813;-0.138834
1460;0.487298;0.600033;-0.045735
1461;0.571287;0.467329;-0.017203
1462;0.633070;0.363802;0.037835
1463;0.651663;0.359497;0.081094
1464;0.550157;0.526249;0.074876
1465;0.562066;0.764408;0.078902
1466;0.500403;0.729214;0.004957
1467;0.435726;0.776742;-0.018557
1468;0.398615;0.627462;-0.156894
1469;0.215804;0.243702;-0.238855
1470;-0.102977;0.053507;-0.081325
1471;-0.175377;0.002707;0.065592
1472;-0.204702;0.122836;0.191397
1473;-0.264900;0.147765;0.047015
1474;-0.417243;0.058738;-0.164284
1475;-0.482890;-0.046742;-0.201899
1476;-0.484679;-0.207291;-0.129735
1477;-0.475944;-0.358305;-0.005539
1478;-0.500455;-0.419706;0.111344
1479;-0.508307;-0.342076;0.086187
1480;-0.653694;-0.167625;-0.056089
1481;-0.847623;0.148380;-0.131109
1482;-0.909949;0.227325;-0.257253
1483;-0.668087;-0.115963;-0.268491
1484;-0.389919;-0.217932;-0.068250
1485;-0.282664;0.018073;-0.022182
1486;-0.197529;0.274583;-0.057780
1487;-0.163619;0.587774;-0.119105
1488;-0.002152;0.719733;-0.192843
1489;0.329548;0.631515;-0.157517
1490;0.523764;0.432199;-0.078647
1491;0.597381;0.362819;-0.071910
1492;0.697713;0.351257;-0.039961
1493;0.694591;0.454943;-0.002244
1494;0.617872;0.685579;0.070475
1495;0.541155;0.746007;0.035133
1496;0.366667;0.918694;0.023197
1497;0.333486;0.674786;-0.208814
1498;0.155106;0.259776;-0.271150
1499;-0.086101;0.024548;-0.130264
1500;-0.183613;-0.027368;0.053958
1501;-0.163114;0.005391;0.198026
1502;-0.211051;0.103370;0.091121
1503;-0.371239;0.141834;-0.155854
1504;-0.428773;-0.029775;-0.272029
1505;-0.436003;-0.224621;-0.251298
1506;-0.468978;-0.382257;-0.142039
1507;-0.595419;-0.478851;-0.014064
1508;-0.675344;-0.353535;-0.024502
1509;-0.754531;-0.158787;-0.178143
1510;-0.861448;0.154416;-0.210763
1511;-0.735673;0.101069;-0.292158
1512;-0.528207;-0.090853;-0.139423
1513;-0.371312;-0.022714;-0.022837
1514;-0.215501;0.224778;0.021776
1515;-0.161401;0.520476;-0.082710
1516;-0.027443;0.668933;-0.172257
1517;0.241044;0.445330;-0.164169
1518;0.380529;0.343345;-0.009428
1519;0.587628;0.229833;0.094213
1520;0.625320;0.249305;0.133493
1521;0.667037;0.423523;0.184936
1522;0.591131;0.665443;0.208059
1523;0.519593;0.754196;0.087970
1524;0.396307;0.878580;0.029708
1525;0.395363;0.660399;-0.123232
1526;0.288145;0.231368;-0.229599
1527;-0.004618;0.087062;-0.090583
1528;-0.056742;-0.005938;0.044739
1529;-0.058490;0.077367;0.135199
1530;-0.097467;0.167872;0.012307
1531;-0.246618;0.151690;-0.160782
1532;-0.326547;-0.011593;-0.236970
1533;-0.396802;-0.203211;-0.155020
1534;-0.459188;-0.337595;-0.009907
1535;-0.540441;-0.433194;0.060951
1536;-0.676883;-0.406377;0.012648
1537;-0.743382;-0.276768;-0.080921
1538;-0.818533;0.020860;-0.123939
1539;-0.843122;0.222981;-0.162134
1540;-0.621250;0.001803;-0.189251
1541;-0.393238;-0.098174;-0.057954
1542;-0.284967;0.068510;-0.048278
1543;-0.234500;0.314468;-0.044481
1544;-0.193031;0.626052;-0.085700
1545;0.052057;0.607872;-0.128322
1546;0.392908;0.500539;-0.078242
1547;0.589529;0.320330;0.002504
1548;0.619029;0.324193;0.029131
1549;0.746868;0.358432;0.013792
1550;0.695474;0.513152;0.048765
1551;0.611020;0.727100;0.000289
1552;0.504652;0.781045;-0.053751
1553;0.327427;0.886681;-0.098576
1554;0.269024;0.562774;-0.326040
1555;0.040226;0.130736;-0.357201
1556;-0.190309;-0.044558;-0.047931
1557;-0.124003;-0.090405;0.152648
1558;-0.194959;0.076047;0.191190
1559;-0.366921;0.164431;-0.005192
1560;-0.416427;0.056058;-0.204971
1561;-0.395905;-0.163090;-0.180768
1562;-0.350990;-0.304954;-0.051263
1563;-0.376343;-0.390832;0.064707
1564;-0.427338;-0.382739;0.105828
1565;-0.476439;-0.281123;0.055834
1566;-0.502122;-0.134860;-0.015730
1567;-0.571951;0.171369;-0.039212
1568;-0.488707;0.307707;-0.125162
1569;-0.257681;-0.029040;-0.129936
1570;-0.149315;-0.055485;0.076951
1571;0.052973;0.038597;0.096395
1572;0.137763;0.146778;-0.019540
1573;0.152944;0.193748;-0.148043
1574;0.171738;0.200781;-0.144174
1575;0.228881;0.165563;0.021317
1576;0.172574;0.080452;0.101882
1577;0.257418;0.103781;0.093221
1578;0.320854;0.144578;0.041945
1579;0.337330;0.211537;0.014146
1580;0.289677;0.341519;0.000293
1581;0.248108;0.397759;0.026384
1582;0.214288;0.492780;-0.013286
1583;0.374438;0.192901;-0.225891
1584;0.223112;0.015574;-0.180985
1585;0.143525;-0.024521;-0.015132
1586;0.068853;-0.007534;0.195568
1587;-0.019792;-0.020589;0.208857
1588;-0.096863;-0.048642;0.005297
1589;-0.156286;-0.093705;-0.126925
1590;-0.154194;-0.118360;-0.120741
1591;-0.173323;-0.189901;-0.051422
1592;-0.234805;-0.256079;-0.023765
1593;-0.300101;-0.267266;-0.024177
1594;-0.374733;-0.133590;-0.038793
1595;-0.422898;-0.026627;-0.113950
1596;-0.474271;0.234297;-0.115893
1597;-0.367178;0.098151;-0.219295
1598;-0.266833;-0.136494;-0.120131
1599;-0.162635;-0.168368;0.021831
1600;-0.010958;-0.066785;0.060377
1601;0.064816;0.051288;-0.022594
1602;0.032809;0.158373;-0.113293
1603;0.127683;0.156066;-0.094112
1604;0.157198;0.143159;0.006173
1605;0.205601;0.128186;0.042948
1606;0.294318;0.127441;0.044905
1607;0.293015;0.123672;0.047490
1608;0.304577;0.190527;0.126604
1609;0.246609;0.293214;0.081306
1610;0.122914;0.354029;0.101512
1611;0.135363;0.408632;0.022822
1612;0.204126;0.234520;-0.180997
1613;0.099956;-0.146360;-0.133299
1614;-0.023900;-0.157570;0.145432
1615;0.009165;-0.129079;0.237107
1616;-0.052324;-0.054734;0.181307
1617;-0.043495;0.008441;0.033518
1618;-0.029648;0.037425;-0.094124
1619;-0.047327;-0.051528;-0.139695
1620;-0.065115;-0.111176;-0.009537
1621;-0.043103;-0.138019;0.058882
1622;-0.052177;-0.124754;0.020284
1623;-0.026659;-0.102738;-0.021581
1624;0.005576;-0.083592;-0.041217
1625;-0.049560;-0.050962;-0.041317
1626;-0.053285;0.066704;0.067361
1627;0.003206;0.154981;-0.021090
1628;0.012182;0.107524;-0.160386
1629;-0.039098;-0.044731;-0.147470
1630;-0.061199;-0.145424;-0.007706
1631;-0.055558;-0.104658;0.052828
1632;-0.044098;0.007445;0.070081
1633;0.003526;0.071707;0.061986
1634;0.032500;0.124514;-0.019543
1635;0.112702;0.087570;-0.043642
1636;0.165697;0.075865;0.039759
1637;0.179812;0.058271;0.118824
1638;0.133767;0.047735;0.085924
1639;0.138321;0.069347;0.041713
1640;0.089995;0.047661;0.009566
1641;0.021300;0.091169;-0.035144
1642;0.038161;0.103233;0.027301
1643;0.071903;0.032409;-0.018593
1644;0.038723;-0.027035;-0.016634
1645;0.032254;-0.040912;0.047801
1646;-0.030427;-0.045231;0.057362
1647;-0.077637;-0.025213;0.057589
1648;-0.067186;-0.022060;0.030755
1649;-0.036366;0.003248;-0.005301
1650;-0.023279;0.003926;-0.016289
1651;-0.000464;-0.016454;-0.014042
1652;0.006308;-0.015475;0.001353
1653;-0.025958;-0.020793;0.039485
1654;-0.012382;0.003466;0.038443
1655;-0.007135;0.009450;-0.000704
1656;-0.001617;-0.002577;0.013400
1657;0.006822;-0.009220;0.010481
1658;0.003991;-0.013680;0.000083
1659;0.027580;-0.010798;0.012440
1660;0.020205;-0.003271;0.012019
1661;-0.001268;-0.005506;0.005423
1662;-0.010253;0.000912;-0.015684
1663;0.006980;0.002487;-0.003945
1664;0.015697;0.006390;0.022823
1665;0.052387;0.008435;0.034391
1666;0.055753;0.019887;0.027971
1667;0.031833;0.017429;0.012349
1668;0.039258;0.004598;0.008855
1669;0.028424;0.009226;0.020513
1670;0.017345;0.017455;-0.001235
1671;0.035233;0.003215;0.004034
1672;0.022079;-0.001522;0.029654
1673;0.016250;0.007060;0.014113
1674;0.026025;0.003881;-0.008923
1675;0.008717;-0.005624;0.008311
1676;-0.006116;0.011062;-0.008023
1677;0.006675;0.002871;-0.013573
1678;0.014826;-0.003202;0.005908
1679;0.018086;-0.001329;-0.004438
1680;-0.018706;0.010917;-0.009804
1681;0.006537;0.005811;0.004845
1682;-0.000786;-0.008682;0.006886
1683;-0.012224;-0.009950;0.021698
1684;0.007057;-0.007483;0.014037
1685;0.003593;-0.003652;0.000248
1686;0.007584;0.001439;-0.004789
1687;0.004420;-0.003111;-0.005065
1688;0.003569;-0.003269;0.021201
1689;0.012734;0.001481;-0.016772
1690;0.018209;-0.000461;0.010963
1691;0.009454;0.008676;0.009003
1692;0.028160;0.000018;-0.001637
1693;0.000985;0.001162;0.000150
1694;-0.010265;0.014513;0.002024
1695;0.018828;-0.009995;0.022287
1696;0.013557;-0.020708;0.034540
1697;-0.008461;0.001260;0.002189
