index;x;y;z
0;-0.035224;-0.001457;-0.047287
1;-0.016167;-0.008413;0.027322
2;0.009434;-0.009834;0.040966
3;0.007522;0.005327;0.014416
4;-0.008742;-0.007283;0.006211
5;-0.014832;-0.008110;0.022246
6;-0.007801;-0.016140;0.009714
7;0.002044;-0.008697;0.014971
8;0.009544;-0.005473;-0.007097
9;0.005494;-0.016202;0.008541
10;0.025735;-0.008767;-0.009464
11;0.004208;0.000165;0.011374
12;0.024196;-0.001057;-0.002473
13;0.016010;0.002633;-0.004062
14;0.012652;-0.001125;-0.008996
15;0.020378;-0.002859;-0.013458
16;-0.009399;-0.002425;-0.000374
17;-0.008525;-0.002273;0.011530
18;-0.003749;-0.007637;-0.002681
19;-0.007420;-0.007220;0.007782
20;-0.008677;-0.010121;0.002134
21;0.001286;-0.007354;0.006970
22;-0.009821;-0.006490;0.004042
23;-0.001069;-0.003829;0.002895
24;-0.015001;-0.008063;-0.006594
25;-0.006382;-0.004414;-0.000652
26;-0.003751;-0.007544;0.000297
27;0.003063;-0.005101;0.013275
28;0.005741;0.000872;-0.022554
29;0.010070;-0.001813;-0.011220
30;-0.004786;-0.009744;0.015956
31;0.002316;-0.008037;0.009192
32;0.006691;-0.002438;-0.005489
33;0.008683;-0.000819;-0.009194
34;0.001576;-0.002637;-0.004966
35;-0.000602;-0.006808;0.013840
36;0.007206;-0.011916;-0.008777
37;-0.009073;-0.013638;0.000776
38;-0.013204;0.002210;-0.021183
39;-0.007401;-0.019698;0.000908
40;-0.003464;-0.018525;0.001134
41;-0.004685;0.012205;-0.008060
42;0.001844;-0.010138;0.009725
43;-0.001920;0.011870;0.015044
44;0.010524;-0.009734;-0.011976
45;0.002369;-0.010434;0.017720
46;-0.002072;-0.013195;0.000504
47;0.009746;-0.007372;-0.004915
48;-0.003517;-0.003390;-0.023676
49;0.005520;-0.005318;-0.013759
50;-0.003141;-0.005688;-0.002913
51;0.005508;0.001529;-0.015389
52;-0.000591;-0.008934;0.001633
53;0.010205;-0.001692;0.009661
54;-0.001384;-0.012193;0.016426
55;0.005219;-0.002023;0.009188
56;0.003333;0.000837;-0.008982
57;0.029165;0.007648;0.012722
58;0.010625;0.006197;0.006760
59;0.000465;-0.013754;0.005565
60;0.011812;0.002359;0.019674
61;-0.000325;-0.003062;0.004346
62;-0.003608;-0.002187;-0.000927
63;0.003586;-0.003809;-0.004523
64;0.002261;-0.007848;0.001332
65;0.000888;-0.000697;0.007323
66;-0.006883;-0.008701;-0.006874
67;-0.001572;-0.013422;0.013912
68;-0.012749;-0.004427;-0.003097
69;0.005165;-0.001457;-0.005307
70;-0.000234;-0.007994;-0.008234
71;-0.012013;-0.010635;-0.003366
72;-0.004078;-0.014788;0.009849
73;0.005017;-0.009376;0.006858
74;-0.009030;0.001375;-0.015913
75;0.016191;0.005317;-0.004023
76;0.001534;-0.000660;-0.013856
77;0.008605;-0.001106;0.005479
78;0.002929;-0.005227;0.011603
79;0.019067;-0.001470;0.015098
80;0.015045;-0.000693;0.009643
81;0.007964;0.003276;0.015619
82;0.007683;0.002774;-0.002491
83;0.003106;-0.001332;0.003804
84;-0.003199;-0.021122;0.027860
85;-0.020707;-0.008090;0.002880
86;-0.021869;-0.003396;0.014613
87;0.001356;-0.002121;0.004050
88;-0.011242;-0.001099;-0.011073
89;0.005398;0.005322;0.002242
90;-0.007029;-0.011430;0.002161
91;-0.013702;-0.023849;0.019970
92;-0.002969;-0.001471;0.009013
93;-0.002613;-0.011465;-0.021081
94;-0.000794;-0.010706;-0.023033
95;-0.010683;-0.029495;-0.032151
96;-0.011762;-0.047497;-0.013972
97;-0.008573;-0.069725;-0.004199
98;-0.038238;-0.077850;-0.017588
99;-0.053619;-0.093532;-0.030638
100;-0.090090;-0.070567;-0.038355
101;-0.139546;-0.071240;-0.040094
102;-0.165210;-0.023555;-0.037477
103;-0.125073;0.041566;-0.066369
104;-0.139573;0.006739;-0.128101
105;-0.170660;-0.050618;-0.061391
106;-0.177171;0.029399;0.010711
107;-0.135689;0.100259;0.070181
108;-0.101791;0.155140;0.061383
109;0.023549;0.122625;-0.049169
110;0.129589;0.083919;-0.052958
111;0.218021;0.043105;-0.001781
112;0.251456;0.048309;0.032216
113;0.270769;0.186706;0.058090
114;0.395399;0.159585;0.025218
115;0.405870;0.248102;0.163540
116;0.455283;0.436720;0.199798
117;0.469017;0.528049;0.132095
118;0.430768;0.419182;-0.056943
119;0.284502;0.283066;-0.167387
120;0.152923;0.314390;-0.051255
121;0.156190;0.335001;-0.084071
122;-0.034647;0.258002;-0.130768
123;-0.147265;0.146973;-0.157958
124;-0.273870;0.075646;-0.123080
125;-0.403432;-0.068285;-0.131729
126;-0.488670;-0.152418;-0.136886
127;-0.566964;-0.236626;-0.137020
128;-0.636450;-0.236325;-0.149632
129;-0.622893;-0.268402;-0.136486
130;-0.544013;-0.285110;-0.127810
131;-0.527814;-0.266316;-0.091889
132;-0.555899;-0.164051;-0.023646
133;-0.612702;-0.051296;-0.097998
134;-0.523013;-0.140223;-0.193564
135;-0.490980;-0.118185;-0.155608
136;-0.351027;0.058410;-0.079405
137;-0.346539;0.413907;-0.106503
138;-0.203887;0.587947;-0.187015
139;-0.125755;0.583106;-0.276043
140;0.036228;0.389716;-0.276041
141;0.105687;0.380304;-0.162070
142;0.230707;0.447530;-0.034637
143;0.448510;0.616795;0.016801
144;0.573849;0.514607;-0.012520
145;0.625792;0.510888;-0.048204
146;0.693097;0.434024;-0.027574
147;0.705108;0.407002;0.064619
148;0.639184;0.542549;0.162492
149;0.587596;0.687850;0.160995
150;0.382182;0.641585;0.007484
151;0.172033;0.473384;-0.051702
152;-0.006327;0.404088;-0.024645
153;-0.094583;0.391054;-0.023710
154;-0.150892;0.385315;-0.083162
155;-0.245501;0.310258;-0.136038
156;-0.360754;0.195354;-0.166790
157;-0.544799;0.080616;-0.193036
158;-0.699234;-0.023365;-0.229541
159;-0.794397;-0.115489;-0.194825
160;-0.812645;-0.191516;-0.140456
161;-0.726338;-0.252529;-0.062349
162;-0.637412;-0.312821;0.027821
163;-0.595805;-0.321289;0.056385
164;-0.593706;-0.292794;-0.022539
165;-0.607537;-0.142840;-0.129598
166;-0.698545;-0.006139;-0.239772
167;-0.726586;0.109121;-0.336820
168;-0.682313;0.188397;-0.389027
169;-0.484801;0.301848;-0.320038
170;-0.314099;0.625225;-0.208099
171;0.044530;0.839025;-0.179869
172;0.351708;0.869650;-0.132930
173;0.428113;0.618085;-0.147013
174;0.618913;0.480738;-0.082193
175;0.685759;0.379342;0.060558
176;0.714779;0.268353;0.164446
177;0.685994;0.228176;0.248492
178;0.642672;0.246183;0.294755
179;0.627301;0.329377;0.340828
180;0.523635;0.391506;0.270110
181;0.420883;0.539129;0.232253
182;0.308985;0.732268;0.075404
183;0.190656;0.783092;-0.098894
184;-0.021349;0.463895;-0.186247
185;-0.191024;0.248967;-0.119041
186;-0.281054;0.225553;-0.044416
187;-0.438441;0.187162;-0.034679
188;-0.575976;0.109431;-0.105553
189;-0.620022;-0.000360;-0.175420
190;-0.709380;-0.127082;-0.183216
191;-0.826545;-0.278269;-0.182169
192;-0.861151;-0.360506;-0.106412
193;-0.799344;-0.331617;-0.072928
194;-0.689302;-0.178234;-0.140310
195;-0.541889;-0.134097;-0.221171
196;-0.476241;-0.089794;-0.242717
197;-0.450287;0.053434;-0.176236
198;-0.485995;0.197367;-0.131565
199;-0.499355;0.307161;-0.198198
200;-0.456670;0.326630;-0.360689
201;-0.305866;0.414273;-0.184856
202;-0.079219;0.701140;-0.042148
203;0.140099;0.838362;-0.005690
204;0.375544;0.846080;0.046698
205;0.632196;0.650385;-0.010630
206;0.719088;0.552602;0.045710
207;0.721904;0.526577;0.094374
208;0.730327;0.534237;0.136928
209;0.693526;0.478995;0.170787
210;0.523163;0.402274;0.154645
211;0.435264;0.410257;0.175357
212;0.328976;0.444363;0.139826
213;0.163807;0.550236;0.039969
214;0.013206;0.679318;-0.013323
215;-0.084176;0.639708;-0.088956
216;-0.231359;0.469002;-0.164394
217;-0.317658;0.189791;-0.221872
218;-0.454333;0.092397;-0.193951
219;-0.469183;0.028082;-0.177073
220;-0.474820;0.010904;-0.157290
221;-0.537003;-0.056563;-0.189873
222;-0.560309;-0.196460;-0.193301
223;-0.608135;-0.292677;-0.165938
224;-0.680104;-0.344587;-0.169351
225;-0.622487;-0.346125;-0.083979
226;-0.593245;-0.304774;-0.106919
227;-0.552723;-0.251473;-0.187806
228;-0.491801;-0.232743;-0.194110
229;-0.486012;-0.118476;-0.144184
230;-0.515278;0.134620;-0.144193
231;-0.490549;0.212851;-0.229949
232;-0.341862;0.234783;-0.197438
233;-0.224108;0.310869;-0.148351
234;-0.078029;0.488963;-0.036227
235;0.004345;0.610355;-0.084715
236;0.118848;0.611605;-0.166937
237;0.334830;0.598439;-0.160376
238;0.406254;0.421133;-0.103658
239;0.444075;0.363293;0.023392
240;0.543635;0.373806;0.075321
241;0.669112;0.356417;0.151862
242;0.686237;0.351990;0.147555
243;0.597907;0.310040;0.149567
244;0.460292;0.420459;0.249967
245;0.334086;0.444437;0.240152
246;0.211854;0.549024;0.229359
247;0.217263;0.579148;0.064556
248;0.162779;0.513446;-0.057084
249;0.023336;0.342400;-0.142847
250;-0.106981;0.324666;-0.114608
251;-0.212561;0.306690;-0.170269
252;-0.374472;0.232618;-0.204429
253;-0.471828;0.078479;-0.195042
254;-0.549197;-0.096683;-0.174175
255;-0.640444;-0.195399;-0.179414
256;-0.646047;-0.267347;-0.132472
257;-0.669778;-0.290599;-0.149087
258;-0.703551;-0.316857;-0.202540
259;-0.647356;-0.315313;-0.174007
260;-0.571164;-0.282416;-0.143181
261;-0.579134;-0.198205;-0.151800
262;-0.520624;-0.067381;-0.155113
263;-0.564333;0.122337;-0.199813
264;-0.560520;0.199488;-0.278356
265;-0.408920;0.217036;-0.251615
266;-0.254439;0.386958;-0.082834
267;-0.042919;0.510046;-0.075468
268;0.077107;0.675679;-0.065766
269;0.147693;0.600824;-0.098765
270;0.274715;0.519713;-0.032310
271;0.486273;0.486632;0.059684
272;0.525132;0.385129;0.035856
273;0.613234;0.427004;0.054646
274;0.750732;0.445552;0.098107
275;0.708437;0.461428;0.095580
276;0.602499;0.496780;0.078834
277;0.512752;0.524701;0.060003
278;0.283675;0.639847;0.122476
279;0.283059;0.641407;0.036457
280;0.165458;0.653366;-0.093275
281;-0.088658;0.421306;-0.228279
282;-0.333752;0.308450;-0.204058
283;-0.384973;0.207297;-0.173601
284;-0.408723;0.177854;-0.183264
285;-0.432840;0.077942;-0.200761
286;-0.511013;-0.096258;-0.211024
287;-0.626067;-0.212169;-0.157568
288;-0.628763;-0.274480;-0.096873
289;-0.600254;-0.291396;-0.073365
290;-0.527919;-0.318474;-0.150479
291;-0.536287;-0.290443;-0.192398
292;-0.659836;-0.222219;-0.216108
293;-0.762309;-0.133979;-0.184362
294;-0.800721;0.065590;-0.146799
295;-0.701683;0.040746;-0.243814
296;-0.646625;-0.002766;-0.344995
297;-0.438267;0.124228;-0.222992
298;-0.322829;0.415377;-0.181159
299;-0.113351;0.748305;-0.213210
300;-0.050687;0.958991;-0.193568
301;0.245150;0.717869;-0.297283
302;0.389225;0.573390;-0.191023
303;0.507255;0.434632;-0.065232
304;0.571229;0.378831;0.013026
305;0.709177;0.397616;0.104907
306;0.700815;0.488763;0.121035
307;0.659245;0.523599;0.106804
308;0.624603;0.585031;0.088409
309;0.491442;0.733367;0.101096
310;0.456027;0.723696;0.001902
311;0.344931;0.555461;-0.172056
312;0.059370;0.493403;-0.148499
313;-0.102189;0.430045;-0.041013
314;-0.270133;0.439475;0.016966
315;-0.322544;0.322957;-0.069677
316;-0.402730;0.173604;-0.165936
317;-0.509136;-0.013369;-0.192030
318;-0.578909;-0.101741;-0.118591
319;-0.620724;-0.151607;-0.067103
320;-0.647658;-0.247702;-0.121884
321;-0.680151;-0.274169;-0.133135
322;-0.715934;-0.216935;-0.155021
323;-0.748041;-0.248442;-0.141044
324;-0.746748;-0.134422;-0.073165
325;-0.703527;-0.054572;-0.184709
326;-0.615770;-0.135988;-0.285001
327;-0.646669;-0.037107;-0.217390
328;-0.531926;0.079014;-0.070284
329;-0.441083;0.342644;-0.028488
330;-0.305568;0.553662;-0.124423
331;-0.091010;0.664093;-0.222452
332;0.124929;0.516764;-0.201809
333;0.253762;0.453966;-0.125233
334;0.405291;0.549405;-0.057599
335;0.669159;0.539888;-0.007796
336;0.756584;0.605417;-0.016333
337;0.724873;0.569023;0.032219
338;0.583006;0.570356;0.032877
339;0.533499;0.611476;0.031007
340;0.481534;0.656071;0.052256
341;0.354256;0.551147;-0.022081
342;0.203117;0.386329;-0.083570
343;0.029417;0.410933;-0.066561
344;-0.064348;0.351440;-0.034913
345;-0.150136;0.332311;-0.040326
346;-0.138610;0.186589;-0.058956
347;-0.233630;0.066002;-0.058084
348;-0.386532;-0.046196;-0.100268
349;-0.544284;-0.047222;-0.060836
350;-0.557947;-0.129881;-0.079434
351;-0.654035;-0.169231;-0.112745
352;-0.726207;-0.229779;-0.071639
353;-0.729036;-0.242407;-0.028078
354;-0.830759;-0.117115;-0.032366
355;-0.824717;-0.121861;-0.164990
356;-0.764753;-0.278128;-0.281746
357;-0.626891;-0.210029;-0.163985
358;-0.419556;-0.057965;-0.006729
359;-0.397096;0.255509;-0.028102
360;-0.334480;0.355340;-0.133776
361;-0.348094;0.444941;-0.167161
362;-0.026937;0.470314;-0.210658
363;0.160994;0.544281;-0.126984
364;0.331384;0.626061;-0.049324
365;0.446047;0.612164;-0.049325
366;0.605561;0.549212;-0.031034
367;0.729245;0.614514;0.044083
368;0.700098;0.598589;0.005979
369;0.606604;0.798904;0.064048
370;0.557697;0.731821;0.056095
371;0.408917;0.536970;-0.074631
372;0.162017;0.414703;-0.116253
373;0.003146;0.337783;-0.037700
374;0.001170;0.267008;0.056321
375;-0.010674;0.228645;0.020107
376;-0.101439;0.114641;-0.064985
377;-0.247774;0.051060;-0.080832
378;-0.403069;-0.031316;-0.090041
379;-0.537255;-0.051492;-0.094323
380;-0.620979;-0.149201;-0.099344
381;-0.687778;-0.266516;-0.108013
382;-0.804690;-0.255671;-0.091053
383;-0.875401;-0.222716;-0.076863
384;-0.881454;-0.028972;-0.059523
385;-0.751376;-0.070983;-0.187926
386;-0.621127;-0.288340;-0.223655
387;-0.525566;-0.141149;-0.010914
388;-0.359867;0.048932;-0.006305
389;-0.412165;0.453945;-0.100228
390;-0.233603;0.583290;-0.245660
391;0.020626;0.481264;-0.299449
392;0.260135;0.432876;-0.108908
393;0.462746;0.463415;-0.012552
394;0.486225;0.476577;0.013163
395;0.556424;0.499459;0.127803
396;0.567621;0.569600;0.149671
397;0.583383;0.595288;0.088495
398;0.635003;0.612002;0.074086
399;0.532092;0.764089;0.161151
400;0.582667;0.651780;0.120687
401;0.437895;0.471597;0.001111
402;0.201274;0.525736;0.029253
403;0.052356;0.474832;0.009184
404;-0.195591;0.472083;0.019471
405;-0.295749;0.323769;-0.069426
406;-0.365247;0.172085;-0.139330
407;-0.526094;0.027830;-0.149332
408;-0.677456;-0.146674;-0.146431
409;-0.777905;-0.192201;-0.128744
410;-0.835123;-0.251599;-0.150052
411;-0.867220;-0.277334;-0.117993
412;-0.793290;-0.232955;-0.086148
413;-0.757057;-0.183599;-0.107210
414;-0.804332;0.006890;-0.087265
415;-0.789947;0.006040;-0.146488
416;-0.643956;-0.176348;-0.146589
417;-0.605953;0.044380;-0.066910
418;-0.428449;0.283089;-0.041336
419;-0.290900;0.658398;-0.044177
420;-0.058068;0.663910;-0.168269
421;0.055832;0.592022;-0.240376
422;0.210765;0.531506;-0.092313
423;0.379193;0.563926;-0.008410
424;0.563602;0.609199;0.003209
425;0.747038;0.603222;-0.001926
426;0.754962;0.606478;0.027816
427;0.745713;0.639138;0.096666
428;0.647889;0.609971;0.066473
429;0.468015;0.799148;0.211877
430;0.385955;0.721979;0.173335
431;0.285146;0.500562;0.048183
432;-0.022092;0.462022;0.033413
433;-0.181849;0.336678;0.048204
434;-0.292434;0.332128;0.070307
435;-0.273400;0.169560;-0.017978
436;-0.293667;0.035312;-0.114491
437;-0.365411;-0.056677;-0.133718
438;-0.486263;-0.128157;-0.091770
439;-0.586695;-0.146484;-0.081548
440;-0.669175;-0.206519;-0.115183
441;-0.766944;-0.276675;-0.165421
442;-0.833291;-0.259370;-0.161169
443;-0.808608;-0.215152;-0.123469
444;-0.839203;0.004610;-0.134917
445;-0.793380;-0.039582;-0.252997
446;-0.687467;-0.122905;-0.250649
447;-0.496588;-0.003158;-0.162128
448;-0.335523;0.224354;-0.164461
449;-0.152229;0.473356;-0.137830
450;0.021934;0.578544;-0.137381
451;0.139085;0.515822;-0.131042
452;0.216563;0.446293;-0.087331
453;0.390710;0.364396;-0.015834
454;0.489789;0.451996;0.045603
455;0.542648;0.429979;0.051833
456;0.497672;0.514013;0.116823
457;0.532068;0.583737;0.140953
458;0.554212;0.564814;0.127022
459;0.483895;0.687182;0.174218
460;0.574546;0.652594;0.115656
461;0.411324;0.392868;-0.038770
462;0.048335;0.382262;-0.054790
463;-0.009208;0.298582;-0.002964
464;-0.039829;0.284180;0.051606
465;-0.120690;0.180146;-0.050432
466;-0.206155;0.056026;-0.152550
467;-0.317120;-0.032023;-0.129628
468;-0.452939;-0.101688;-0.066466
469;-0.625631;-0.156857;0.043055
470;-0.708322;-0.247193;0.105985
471;-0.807176;-0.263769;0.050184
472;-0.797247;-0.238546;-0.049534
473;-0.790779;-0.079727;-0.044298
474;-0.841758;0.040088;-0.101938
475;-0.741466;-0.140074;-0.175741
476;-0.485155;-0.266400;-0.146729
477;-0.409390;-0.081291;-0.074460
478;-0.342166;0.157546;-0.097128
479;-0.254175;0.466249;-0.113810
480;-0.124124;0.573697;-0.134288
481;0.079156;0.509240;-0.150759
482;0.255671;0.438542;-0.097453
483;0.417598;0.406229;-0.011610
484;0.572111;0.398983;0.000044
485;0.588282;0.468288;0.016880
486;0.508851;0.590853;0.106238
487;0.539374;0.558697;0.079903
488;0.443177;0.635233;0.083907
489;0.439651;0.684912;0.011055
490;0.490826;0.527490;-0.081229
491;0.320116;0.430257;-0.037797
492;0.163129;0.358905;-0.012213
493;0.011814;0.366005;0.032683
494;-0.084645;0.310362;0.004083
495;-0.157185;0.153912;-0.082969
496;-0.271528;0.011575;-0.096529
497;-0.379913;-0.080029;-0.071750
498;-0.533414;-0.063559;-0.092890
499;-0.713782;-0.124901;-0.111823
500;-0.850319;-0.220033;-0.074805
501;-0.822758;-0.294235;0.012604
502;-0.786888;-0.269416;0.092561
503;-0.844696;-0.092981;0.102467
504;-0.811804;-0.099171;-0.095813
505;-0.676211;-0.187132;-0.138745
506;-0.551328;0.006315;-0.035910
507;-0.366167;0.176081;-0.083519
508;-0.263798;0.401856;-0.135670
509;-0.086799;0.457815;-0.246106
510;0.065298;0.507590;-0.243958
511;0.258297;0.400084;-0.094662
512;0.437254;0.407179;0.028249
513;0.552278;0.403733;0.134207
514;0.568698;0.360292;0.141647
515;0.571763;0.457606;0.101035
516;0.528189;0.584191;0.091530
517;0.502221;0.555189;0.035417
518;0.397668;0.707320;0.125890
519;0.446957;0.581646;0.045285
520;0.325053;0.345042;-0.052709
521;0.078433;0.347044;-0.007046
522;-0.019641;0.302677;0.002926
523;-0.101330;0.294468;0.021402
524;-0.075719;0.164127;-0.073557
525;-0.109472;0.037090;-0.124583
526;-0.209689;-0.042477;-0.126152
527;-0.293987;-0.098487;-0.087049
528;-0.391211;-0.090071;-0.042568
529;-0.587114;-0.096460;-0.007752
530;-0.751002;-0.160535;0.046765
531;-0.823771;-0.231692;0.030612
532;-0.892191;-0.194387;-0.046521
533;-0.873601;-0.079029;-0.149972
534;-0.734140;-0.217611;-0.268034
535;-0.624540;-0.195751;-0.198835
536;-0.453966;-0.047570;-0.066621
537;-0.379954;0.192134;-0.051480
538;-0.304781;0.385292;-0.161284
539;-0.180654;0.452616;-0.332776
540;0.099734;0.358796;-0.205891
541;0.275876;0.372458;0.002365
542;0.383661;0.336695;0.069685
543;0.447300;0.466868;0.087418
544;0.574765;0.487830;0.069274
545;0.581292;0.593641;0.089318
546;0.605866;0.577686;-0.019062
547;0.519633;0.730952;0.031508
548;0.511603;0.600007;0.001442
549;0.498056;0.437368;-0.014268
550;0.274903;0.385723;-0.019132
551;0.119502;0.327329;-0.014676
552;0.070759;0.335246;0.013391
553;0.012572;0.234522;-0.042827
554;-0.072484;0.147592;-0.132923
555;-0.195700;0.068439;-0.129049
556;-0.339103;-0.025013;-0.072756
557;-0.488468;-0.074200;-0.048163
558;-0.573606;-0.101711;-0.052929
559;-0.792807;-0.171415;-0.014486
560;-0.942892;-0.310393;0.093599
561;-0.924893;-0.275001;0.146420
562;-0.868753;-0.139027;0.123103
563;-0.885288;-0.125255;-0.006837
564;-0.751376;-0.156697;-0.069936
565;-0.595052;-0.038859;-0.007105
566;-0.465557;0.200148;-0.067252
567;-0.359733;0.396075;-0.126965
568;-0.163640;0.533295;-0.164914
569;0.018879;0.499434;-0.213585
570;0.192878;0.460849;-0.207702
571;0.348695;0.528786;-0.078952
572;0.502531;0.553263;-0.003074
573;0.614566;0.588773;0.012636
574;0.687753;0.648343;0.083995
575;0.664340;0.677304;0.094869
576;0.624540;0.666483;0.045417
577;0.524536;0.758863;0.060456
578;0.448584;0.646586;-0.052799
579;0.240158;0.467255;-0.184689
580;0.037295;0.349647;-0.089265
581;-0.001423;0.253419;0.082466
582;-0.079322;0.193791;0.105983
583;-0.146848;0.124642;-0.066548
584;-0.235892;0.066784;-0.192537
585;-0.396946;0.001183;-0.231246
586;-0.597311;-0.059951;-0.169119
587;-0.763732;-0.170009;-0.094471
588;-0.869780;-0.272160;-0.064635
589;-0.719711;-0.228323;0.063909
590;-0.630220;-0.198496;0.083558
591;-0.739939;0.003143;-0.032829
592;-0.770000;-0.069251;-0.191278
593;-0.749871;-0.322201;-0.309390
594;-0.584425;-0.208166;-0.229832
595;-0.380290;0.025537;-0.161120
596;-0.279979;0.241234;-0.203981
597;-0.211641;0.403582;-0.220054
598;-0.043752;0.412587;-0.186839
599;0.114080;0.398185;-0.174492
600;0.232709;0.387460;-0.066620
601;0.340894;0.455318;-0.015226
602;0.519832;0.504113;-0.020409
603;0.576416;0.591198;-0.029999
604;0.627936;0.725778;-0.017147
605;0.626560;0.756561;-0.054882
606;0.604829;0.762706;0.013359
607;0.591998;0.622371;-0.055015
608;0.386395;0.473471;-0.148236
609;0.133758;0.431095;-0.093157
610;0.046712;0.301368;0.021016
611;-0.009084;0.216817;0.079843
612;-0.114917;0.148362;-0.055967
613;-0.289528;0.091838;-0.155463
614;-0.442460;0.008511;-0.112247
615;-0.631911;-0.043831;-0.011659
616;-0.734426;-0.137699;0.010220
617;-0.827517;-0.265029;-0.058355
618;-0.869883;-0.308569;-0.139504
619;-0.872361;-0.285721;-0.167507
620;-0.902156;-0.093942;-0.142347
621;-0.945901;-0.128884;-0.253186
622;-0.849431;-0.189441;-0.194980
623;-0.680348;0.044486;-0.076125
624;-0.522471;0.277408;-0.131140
625;-0.403111;0.626374;-0.220523
626;-0.125962;0.680241;-0.225714
627;0.112959;0.562072;-0.203183
628;0.240097;0.492268;-0.134318
629;0.490527;0.560258;-0.116494
630;0.675155;0.623804;-0.101959
631;0.773987;0.672353;-0.102953
632;0.789524;0.702526;0.011747
633;0.752915;0.677225;0.043938
634;0.654919;0.769649;0.114416
635;0.465889;0.766378;0.138631
636;0.307186;0.560211;0.014891
637;0.101960;0.360952;-0.063705
638;-0.096785;0.323211;0.018366
639;-0.171877;0.263495;0.063980
640;-0.217736;0.236385;0.017215
641;-0.226038;0.110350;-0.130533
642;-0.327090;-0.014893;-0.171618
643;-0.427291;-0.138159;-0.128213
644;-0.533225;-0.158158;-0.049476
645;-0.628733;-0.207763;-0.010472
646;-0.704912;-0.257062;-0.015844
647;-0.755452;-0.254027;-0.001286
648;-0.780026;-0.237463;0.057685
649;-0.918389;-0.065544;0.078012
650;-0.904416;-0.000080;-0.050685
651;-0.742032;-0.126341;-0.158428
652;-0.527631;-0.078028;-0.081508
653;-0.370383;0.137903;-0.133753
654;-0.243008;0.438464;-0.172528
655;-0.104259;0.550438;-0.235530
656;0.029207;0.487170;-0.232484
657;0.170697;0.465034;-0.079802
658;0.380305;0.477666;0.046964
659;0.512066;0.479936;0.114295
660;0.626910;0.483650;0.142402
661;0.675681;0.567099;0.149376
662;0.696616;0.596928;0.101223
663;0.750694;0.625445;0.118351
664;0.516498;0.772850;0.176468
665;0.408632;0.647773;0.047956
666;0.155309;0.529832;-0.027786
667;-0.001821;0.490905;-0.035598
668;-0.080563;0.396754;-0.016272
669;-0.146157;0.281930;-0.029140
670;-0.149145;0.127853;-0.124887
671;-0.223802;0.014971;-0.189221
672;-0.317249;-0.075883;-0.108338
673;-0.433240;-0.130236;-0.017901
674;-0.540097;-0.049962;0.080710
675;-0.629978;-0.095427;0.034003
676;-0.768386;-0.184100;-0.000730
677;-0.850137;-0.233847;0.071316
678;-0.969608;-0.098732;0.187468
679;-1.033834;-0.119882;0.105095
680;-0.778099;-0.271249;0.034727
681;-0.579044;-0.202397;0.023936
682;-0.450451;-0.010941;-0.026944
683;-0.379357;0.338478;-0.119960
684;-0.304093;0.543971;-0.254099
685;-0.208187;0.564254;-0.335264
686;0.078542;0.547464;-0.353632
687;0.282267;0.550906;-0.223277
688;0.401886;0.581530;-0.090477
689;0.576272;0.610156;-0.012470
690;0.672084;0.585099;0.032920
691;0.740008;0.678608;0.137987
692;0.668856;0.630059;0.097337
693;0.479733;0.712532;0.138809
694;0.443022;0.620295;0.105793
695;0.361175;0.396558;0.012377
696;0.101227;0.379916;0.035969
697;0.058257;0.296004;0.042909
698;-0.033485;0.352519;0.047220
699;-0.075915;0.259026;-0.071947
700;-0.145375;0.086354;-0.171353
701;-0.278826;-0.049237;-0.154361
702;-0.387650;-0.102438;-0.066833
703;-0.525360;-0.095462;-0.067338
704;-0.615365;-0.161919;-0.111885
705;-0.677379;-0.188745;-0.088705
706;-0.689708;-0.205220;-0.027926
707;-0.764791;-0.216517;0.008242
708;-0.823149;-0.085161;-0.062534
709;-0.735455;-0.120999;-0.208403
710;-0.610025;-0.187526;-0.200363
711;-0.497682;-0.086919;-0.112034
712;-0.354800;0.054933;-0.084235
713;-0.312542;0.294894;-0.120170
714;-0.160298;0.389833;-0.165749
715;-0.034628;0.367126;-0.166593
716;0.085805;0.294570;-0.093638
717;0.244173;0.394246;-0.023294
718;0.432442;0.441161;0.007086
719;0.496474;0.469525;-0.019322
720;0.550349;0.515697;0.000822
721;0.636302;0.614580;0.030088
722;0.641409;0.645776;0.016599
723;0.488644;0.825664;0.082507
724;0.420078;0.733199;-0.003635
725;0.357179;0.404396;-0.091696
726;0.132071;0.290023;-0.000191
727;0.016111;0.212013;0.054977
728;-0.019160;0.252290;0.076083
729;-0.050341;0.255823;-0.067421
730;-0.096228;0.115184;-0.207037
731;-0.213027;0.000021;-0.188559
732;-0.361182;-0.058974;-0.056052
733;-0.504655;-0.090062;0.016448
734;-0.632461;-0.169800;0.011314
735;-0.748854;-0.220974;0.003824
736;-0.808902;-0.246358;0.018587
737;-0.810480;-0.246107;0.043444
738;-0.760669;-0.111451;0.019455
739;-0.705198;-0.014547;-0.091032
740;-0.629240;-0.214472;-0.216412
741;-0.557024;-0.172632;-0.074353
742;-0.406348;-0.029473;-0.044774
743;-0.452037;0.262330;-0.052267
744;-0.360744;0.472660;-0.150134
745;-0.042767;0.451419;-0.250550
746;0.270184;0.365815;-0.232945
747;0.402711;0.408553;-0.158655
748;0.487342;0.490932;-0.074715
749;0.559831;0.504411;0.010878
750;0.626302;0.585036;0.103619
751;0.608650;0.649717;0.138555
752;0.553507;0.618411;0.099496
753;0.499903;0.715590;0.219443
754;0.481851;0.594951;0.145995
755;0.292439;0.406961;-0.014261
756;0.088936;0.344433;-0.035440
757;0.052954;0.295397;0.050155
758;0.016096;0.250874;0.084759
759;-0.054573;0.149634;-0.051496
760;-0.183040;0.012486;-0.146728
761;-0.357609;-0.063781;-0.117156
762;-0.446144;-0.179407;-0.105054
763;-0.532719;-0.163871;-0.088188
764;-0.629585;-0.162689;-0.057967
765;-0.694210;-0.191807;-0.050924
766;-0.745592;-0.208887;-0.062049
767;-0.776248;-0.120165;-0.014042
768;-0.790650;-0.046236;-0.048535
769;-0.676162;-0.257115;-0.168405
770;-0.583038;-0.220646;-0.069343
771;-0.442353;-0.008177;-0.001438
772;-0.321463;0.289795;-0.119114
773;-0.223857;0.483510;-0.223060
774;0.042181;0.397781;-0.236952
775;0.108705;0.311291;-0.143736
776;0.227621;0.256444;-0.068975
777;0.354738;0.397188;0.016597
778;0.514663;0.443787;0.028304
779;0.570179;0.479007;0.026981
780;0.540972;0.585512;0.039076
781;0.634709;0.607499;0.036270
782;0.566706;0.706577;0.114214
783;0.516473;0.669905;0.057791
784;0.446395;0.356196;-0.117694
785;0.159594;0.319870;-0.058293
786;0.027348;0.226054;0.066298
787;-0.034935;0.231215;0.164598
788;-0.072596;0.286943;0.092453
789;-0.147444;0.250928;-0.118316
790;-0.272553;0.084043;-0.190334
791;-0.417062;-0.055978;-0.133536
792;-0.513701;-0.209670;-0.060900
793;-0.622445;-0.270541;0.071352
794;-0.664806;-0.264504;0.133571
795;-0.653885;-0.242561;0.057940
796;-0.725436;-0.188757;-0.094033
797;-0.736686;-0.049457;-0.134588
798;-0.661335;0.010443;-0.173028
799;-0.658455;-0.171697;-0.225633
800;-0.638535;-0.098094;-0.133505
801;-0.456995;0.103940;-0.066623
802;-0.339669;0.329335;-0.102569
803;-0.110299;0.597113;-0.150773
804;0.166762;0.459989;-0.210766
805;0.328118;0.350720;-0.084578
806;0.413596;0.292519;0.025580
807;0.462434;0.282629;0.041697
808;0.639812;0.405602;0.119968
809;0.585316;0.447575;0.162916
810;0.495047;0.541129;0.148452
811;0.503274;0.579286;0.087215
812;0.355781;0.799706;0.161906
813;0.421287;0.654833;0.066746
814;0.344506;0.336965;-0.012510
815;0.088904;0.230245;0.095739
816;0.014629;0.142990;0.149897
817;-0.044880;0.234842;0.147403
818;-0.045437;0.231390;-0.034738
819;-0.107837;0.073902;-0.214915
820;-0.237765;-0.104143;-0.174171
821;-0.345570;-0.194536;-0.020688
822;-0.432902;-0.178943;0.058618
823;-0.544151;-0.144257;-0.079757
824;-0.652303;-0.174698;-0.254585
825;-0.678519;-0.204467;-0.304197
826;-0.581793;-0.175189;-0.168286
827;-0.681351;0.000743;-0.121135
828;-0.775324;-0.020607;-0.215117
829;-0.689246;-0.228004;-0.233543
830;-0.508612;-0.059932;-0.094568
831;-0.356857;0.100530;-0.076290
832;-0.268268;0.419286;-0.126714
833;0.038185;0.482645;-0.132284
834;0.278303;0.379439;-0.228380
835;0.340600;0.275281;-0.154848
836;0.429098;0.289398;0.008068
837;0.474441;0.297323;0.053330
838;0.521639;0.438541;0.131343
839;0.549380;0.493945;0.120144
840;0.525231;0.584576;0.048330
841;0.520564;0.576364;0.019961
842;0.451515;0.697647;0.123227
843;0.388998;0.619560;0.003354
844;0.281110;0.328242;-0.090636
845;0.000950;0.219916;-0.036187
846;-0.139930;0.113614;0.015837
847;-0.167002;0.119454;0.057107
848;-0.130501;0.101139;-0.100592
849;-0.198582;-0.026576;-0.172003
850;-0.266139;-0.104447;-0.127823
851;-0.331131;-0.160994;-0.067526
852;-0.430929;-0.158871;-0.016601
853;-0.520967;-0.217421;0.064096
854;-0.606046;-0.302790;0.120430
855;-0.670573;-0.291630;0.152863
856;-0.690567;-0.258575;0.134720
857;-0.757854;0.014701;0.093424
858;-0.722211;0.001070;-0.051522
859;-0.570540;-0.143063;-0.121414
860;-0.428183;-0.022774;-0.090934
861;-0.284137;0.212673;-0.078260
862;-0.169509;0.421385;-0.117111
863;-0.093984;0.406219;-0.283681
864;0.071173;0.322505;-0.273478
865;0.233963;0.374645;-0.165660
866;0.358158;0.401705;-0.115463
867;0.474613;0.469536;-0.103792
868;0.582988;0.476028;-0.078846
869;0.616790;0.493723;-0.080299
870;0.664854;0.503606;-0.106792
871;0.567606;0.657528;-0.064201
872;0.581036;0.625428;-0.074203
873;0.403259;0.552062;-0.128883
874;0.250209;0.291304;-0.073372
875;0.091069;0.295038;0.065811
876;0.071765;0.320598;0.075607
877;-0.000346;0.340457;-0.053874
878;-0.174999;0.200679;-0.175916
879;-0.293879;0.018448;-0.120432
880;-0.425747;-0.070861;-0.000967
881;-0.550964;-0.184116;0.075602
882;-0.589910;-0.259263;0.125043
883;-0.663715;-0.240244;0.017438
884;-0.748479;-0.230344;-0.101541
885;-0.680775;-0.200922;-0.032063
886;-0.646320;-0.157289;-0.014201
887;-0.707883;-0.025506;-0.052374
888;-0.701301;-0.154446;-0.133098
889;-0.607568;-0.274899;-0.107953
890;-0.460853;-0.088579;-0.046828
891;-0.459846;0.246326;-0.129163
892;-0.374054;0.427683;-0.196527
893;-0.211510;0.385478;-0.255241
894;-0.050428;0.283590;-0.232457
895;0.102000;0.318249;-0.119090
896;0.268101;0.406247;-0.033872
897;0.365443;0.483968;-0.073304
898;0.452404;0.569132;-0.145595
899;0.638661;0.654715;-0.101965
900;0.728285;0.600500;-0.094245
901;0.620430;0.741498;-0.034984
902;0.713525;0.702391;-0.034609
903;0.611243;0.527902;-0.131761
904;0.349463;0.432494;-0.055755
905;0.253973;0.385076;0.074473
906;0.162949;0.392094;0.128562
907;0.067213;0.322834;-0.000948
908;-0.072084;0.226580;-0.132031
909;-0.244313;0.160971;-0.132304
910;-0.477642;0.129526;-0.087911
911;-0.720788;0.050327;-0.109867
912;-0.853697;-0.126538;-0.110800
913;-0.856932;-0.194426;-0.015820
914;-0.707953;-0.192786;0.074071
915;-0.754518;-0.176350;0.035250
916;-0.928148;-0.034511;-0.067594
917;-0.978938;-0.210099;-0.157331
918;-0.870547;-0.377236;-0.079352
919;-0.648236;-0.192842;0.053056
920;-0.477202;0.061893;0.025380
921;-0.470662;0.348092;-0.173765
922;-0.384476;0.490570;-0.339475
923;-0.170958;0.511826;-0.344411
924;0.032969;0.536081;-0.232457
925;0.258903;0.576364;-0.148203
926;0.486605;0.600782;-0.107095
927;0.579561;0.600759;-0.148267
928;0.746125;0.742017;-0.105852
929;0.816048;0.708639;-0.110034
930;0.684507;0.786373;-0.089003
931;0.685360;0.757624;-0.048465
932;0.572716;0.657426;-0.140306
933;0.317238;0.424374;-0.255676
934;0.029253;0.378843;-0.109859
935;-0.035952;0.274408;0.060475
936;-0.092298;0.256996;0.101917
937;-0.158317;0.160956;0.021016
938;-0.250395;0.033405;-0.031868
939;-0.410789;-0.056957;-0.042812
940;-0.572626;-0.092427;0.000855
941;-0.724730;-0.159124;-0.008496
942;-0.853585;-0.243419;-0.082138
943;-0.809143;-0.217475;-0.064174
944;-0.715114;-0.162859;-0.020974
945;-0.706471;-0.179428;-0.061578
946;-0.741697;-0.073556;-0.046286
947;-0.705162;-0.230124;-0.038460
948;-0.698296;-0.194081;0.000160
949;-0.553248;0.034193;0.051248
950;-0.490610;0.310100;0.011147
951;-0.364388;0.576737;-0.118169
952;-0.091948;0.531166;-0.229499
953;0.124906;0.445674;-0.164581
954;0.295769;0.475406;-0.102398
955;0.483848;0.506200;-0.127172
956;0.612575;0.534955;-0.177156
957;0.726106;0.643325;-0.160736
958;0.798988;0.664178;-0.166795
959;0.816916;0.663778;-0.183963
960;0.629276;0.736973;-0.109852
961;0.543032;0.660442;-0.109114
962;0.353256;0.622548;-0.180778
963;0.102092;0.536812;-0.151592
964;0.002962;0.461478;0.009095
965;-0.033290;0.399442;0.072923
966;-0.119476;0.262907;-0.063375
967;-0.336652;0.100181;-0.068962
968;-0.470250;-0.019934;0.017481
969;-0.585404;-0.064099;0.059955
970;-0.706468;-0.078858;0.049285
971;-0.780010;-0.164508;0.060561
972;-0.835153;-0.214196;0.084417
973;-0.927482;-0.161480;0.083686
974;-0.981721;-0.085508;0.032309
975;-0.866296;-0.266891;-0.104472
976;-0.820226;-0.393468;-0.034563
977;-0.837799;-0.076739;0.120065
978;-0.693363;0.228556;0.106519
979;-0.501480;0.557351;-0.222425
980;-0.252739;0.619407;-0.416252
981;-0.004573;0.542618;-0.247420
982;0.184507;0.537958;-0.029125
983;0.384603;0.547535;0.061169
984;0.510758;0.621427;0.076935
985;0.627393;0.648176;0.046013
986;0.699040;0.666406;0.031633
987;0.747751;0.624376;-0.038354
988;0.733292;0.583175;-0.100253
989;0.590870;0.677149;-0.063524
990;0.532047;0.611109;-0.126283
991;0.372728;0.452852;-0.203988
992;0.177102;0.382468;-0.050408
993;0.036904;0.428301;0.081999
994;0.010492;0.433334;0.056145
995;-0.082524;0.313770;-0.087027
996;-0.220157;0.100678;-0.135813
997;-0.355918;-0.015875;-0.000155
998;-0.501139;-0.014090;0.170156
999;-0.603158;0.018503;0.132986
1000;-0.753532;-0.104598;0.003172
1001;-0.920417;-0.180642;-0.083827
1002;-0.902016;-0.167659;0.012038
1003;-0.872711;-0.059724;0.101139
1004;-0.887534;0.049914;-0.011519
1005;-0.828470;-0.202217;-0.146587
1006;-0.686272;-0.209085;-0.042202
1007;-0.499982;-0.022962;0.053766
1008;-0.405653;0.267199;0.022924
1009;-0.358879;0.500022;-0.131908
1010;-0.168300;0.563354;-0.281428
1011;0.118310;0.475423;-0.278858
1012;0.326256;0.544190;-0.189860
1013;0.532149;0.508987;-0.054621
1014;0.643350;0.511436;-0.008691
1015;0.724583;0.493001;0.001491
1016;0.681145;0.571985;0.047852
1017;0.650655;0.605774;-0.033400
1018;0.488009;0.719794;-0.052078
1019;0.577213;0.656702;-0.102719
1020;0.457900;0.506871;-0.224358
1021;0.128763;0.457171;-0.155082
1022;0.031299;0.350752;-0.053842
1023;0.034847;0.330301;0.019694
1024;0.018156;0.200015;-0.032697
1025;-0.098842;0.109752;-0.058672
1026;-0.272770;0.065469;-0.020232
1027;-0.417336;0.013958;0.014245
1028;-0.618347;0.013200;0.050388
1029;-0.774415;-0.079999;0.054061
1030;-0.952427;-0.166227;0.013130
1031;-1.021269;-0.192867;0.047420
1032;-0.888526;-0.169631;0.137710
1033;-0.824488;-0.071377;0.116801
1034;-0.787184;-0.246769;-0.000995
1035;-0.721546;-0.307450;0.048030
1036;-0.662092;-0.074145;0.255536
1037;-0.439413;0.247818;0.113388
1038;-0.365294;0.592502;-0.180636
1039;-0.143648;0.556156;-0.353137
1040;0.070253;0.566357;-0.316830
1041;0.270027;0.488370;-0.228198
1042;0.379041;0.503070;-0.139345
1043;0.499214;0.482382;-0.102755
1044;0.617670;0.531337;-0.086875
1045;0.662698;0.608861;-0.079593
1046;0.685411;0.631689;-0.132061
1047;0.603973;0.761228;-0.111082
1048;0.646146;0.737533;-0.127347
1049;0.450784;0.522362;-0.200801
1050;0.148509;0.388333;-0.070452
1051;0.016678;0.321947;0.069144
1052;0.004584;0.279700;0.119453
1053;-0.010130;0.205746;0.051090
1054;-0.125180;0.132368;-0.061055
1055;-0.244291;0.026667;-0.024047
1056;-0.389423;-0.040233;0.040840
1057;-0.585541;-0.055890;0.102109
1058;-0.708424;-0.078377;0.112740
1059;-0.804129;-0.134995;0.057258
1060;-0.862214;-0.124583;-0.015842
1061;-0.826842;-0.133483;-0.041265
1062;-0.753583;-0.083927;-0.025631
1063;-0.715897;-0.274779;-0.027143
1064;-0.724839;-0.250834;0.093443
1065;-0.622480;-0.016888;0.145395
1066;-0.542069;0.266123;-0.089082
1067;-0.447961;0.490173;-0.345986
1068;-0.145985;0.463343;-0.372812
1069;0.087953;0.477352;-0.194371
1070;0.174835;0.447863;-0.133925
1071;0.442891;0.596012;-0.014705
1072;0.620093;0.555517;0.056919
1073;0.634338;0.567007;0.069981
1074;0.714283;0.636407;0.088199
1075;0.752025;0.580808;-0.021442
1076;0.632296;0.747363;-0.020475
1077;0.646500;0.676596;-0.127357
1078;0.449249;0.545856;-0.229140
1079;0.169225;0.442904;-0.179673
1080;-0.008941;0.355427;-0.028969
1081;-0.102451;0.305877;0.073060
1082;-0.077415;0.232491;0.007559
1083;-0.179610;0.124171;-0.123456
1084;-0.325428;-0.010750;-0.131672
1085;-0.438555;-0.098163;-0.082455
1086;-0.593965;-0.115841;-0.068924
1087;-0.763893;-0.128787;-0.010588
1088;-0.828220;-0.207500;0.093286
1089;-0.800929;-0.209151;0.158689
1090;-0.784583;-0.204784;0.156256
1091;-0.866451;-0.008035;0.122903
1092;-0.859990;-0.019310;-0.026247
1093;-0.686419;-0.226006;-0.076179
1094;-0.481239;-0.040013;0.060932
1095;-0.279487;0.161282;0.041272
1096;-0.269808;0.453192;-0.129318
1097;-0.079299;0.478139;-0.285225
1098;0.064818;0.426181;-0.297741
1099;0.332557;0.369398;-0.203166
1100;0.405600;0.331231;-0.178035
1101;0.475583;0.412220;-0.125729
1102;0.576812;0.434481;-0.106478
1103;0.603181;0.524084;-0.046874
1104;0.665040;0.593200;-0.035238
1105;0.661320;0.644999;-0.048078
1106;0.489929;0.746255;-0.010171
1107;0.488338;0.678609;-0.062755
1108;0.298965;0.362799;-0.100774
1109;0.084642;0.250483;-0.007711
1110;0.002516;0.264086;0.068746
1111;-0.066680;0.328407;0.046989
1112;-0.192605;0.200767;-0.075380
1113;-0.347586;0.018402;-0.082005
1114;-0.468434;-0.081028;-0.004526
1115;-0.588983;-0.140749;0.082636
1116;-0.731484;-0.179308;0.119764
1117;-0.818765;-0.263129;0.110198
1118;-0.834398;-0.246839;0.098789
1119;-0.736873;-0.205221;0.104072
1120;-0.776680;0.015491;0.083198
1121;-0.743877;-0.113434;-0.084235
1122;-0.718368;-0.268467;-0.148704
1123;-0.592593;-0.069138;0.002549
1124;-0.480030;0.166503;0.023891
1125;-0.436584;0.441958;-0.075269
1126;-0.270434;0.531735;-0.201464
1127;-0.066472;0.470507;-0.224581
1128;0.120947;0.486637;-0.150103
1129;0.354205;0.457160;-0.114999
1130;0.549106;0.546497;-0.073345
1131;0.658862;0.544169;-0.029323
1132;0.704689;0.618270;0.021923
1133;0.705389;0.679983;-0.008730
1134;0.675387;0.720736;-0.066755
1135;0.633393;0.785287;-0.055655
1136;0.543741;0.611367;-0.188536
1137;0.307443;0.414913;-0.233050
1138;0.027929;0.340903;-0.056273
1139;-0.027807;0.272677;0.089196
1140;-0.055684;0.297170;0.101843
1141;-0.146939;0.240225;-0.055613
1142;-0.276321;0.093957;-0.114966
1143;-0.392519;-0.016916;-0.045345
1144;-0.530892;-0.122497;0.082531
1145;-0.682206;-0.133099;0.206316
1146;-0.827744;-0.219140;0.148825
1147;-0.972485;-0.268469;0.034093
1148;-0.913896;-0.175815;0.058786
1149;-0.880901;0.115565;0.106553
1150;-0.776826;0.107177;-0.078556
1151;-0.653541;-0.227656;-0.193256
1152;-0.504964;-0.167445;-0.026723
1153;-0.316917;0.023265;0.038419
1154;-0.261243;0.347434;-0.019162
1155;-0.168771;0.534514;-0.212716
1156;0.014223;0.492221;-0.304724
1157;0.188131;0.378705;-0.223376
1158;0.333733;0.355187;-0.129800
1159;0.481305;0.374167;-0.061268
1160;0.567905;0.424481;-0.032072
1161;0.656098;0.557948;-0.002411
1162;0.690169;0.609025;-0.054029
1163;0.666316;0.641121;-0.125107
1164;0.531940;0.759531;-0.106919
1165;0.563919;0.562782;-0.218768
1166;0.334912;0.336127;-0.273636
1167;0.081022;0.322395;-0.070917
1168;0.010161;0.292897;0.107398
1169;-0.082923;0.288892;0.107187
1170;-0.137789;0.107092;-0.011595
1171;-0.211070;-0.017265;0.005376
1172;-0.305155;-0.032425;0.034608
1173;-0.427471;-0.036664;0.100960
1174;-0.519823;-0.049837;0.121702
1175;-0.588572;-0.147649;0.073375
1176;-0.695669;-0.204558;0.084534
1177;-0.766683;-0.206838;0.114363
1178;-0.812611;-0.000645;0.097780
1179;-0.708661;-0.069456;-0.100588
1180;-0.651736;-0.320427;-0.208636
1181;-0.578154;-0.227200;-0.060249
1182;-0.410607;-0.032481;-0.017015
1183;-0.477689;0.287176;-0.110453
1184;-0.433163;0.354395;-0.316678
1185;-0.257449;0.292405;-0.336012
1186;0.013639;0.287314;-0.145046
1187;0.279777;0.357482;-0.004210
1188;0.380632;0.403247;-0.008508
1189;0.516010;0.499696;-0.079351
1190;0.613558;0.564948;-0.108801
1191;0.670053;0.626030;-0.149948
1192;0.645794;0.748181;-0.148095
1193;0.699847;0.764094;-0.140737
1194;0.679540;0.617929;-0.179895
1195;0.363514;0.439854;-0.106247
1196;0.105536;0.421685;0.024426
1197;0.099276;0.360275;0.053615
1198;0.112998;0.326655;-0.040445
1199;-0.000521;0.176453;-0.165686
1200;-0.168468;0.062579;-0.058788
1201;-0.292250;0.013662;0.060272
1202;-0.494963;-0.004666;0.141477
1203;-0.658070;-0.036077;0.187419
1204;-0.792455;-0.112712;0.112653
1205;-1.037313;-0.221559;0.059245
1206;-0.929260;-0.241298;0.197041
1207;-0.840966;-0.007862;0.320111
1208;-0.866068;-0.032674;0.164539
1209;-0.750118;-0.274077;0.025536
1210;-0.635511;-0.139541;0.030048
1211;-0.475445;0.127168;-0.005369
1212;-0.362369;0.404032;-0.111090
1213;-0.244798;0.560261;-0.243576
1214;0.010793;0.513119;-0.257536
1215;0.247764;0.462279;-0.177490
1216;0.395535;0.442491;-0.105755
1217;0.552868;0.428512;-0.065307
1218;0.704038;0.487772;-0.034078
1219;0.740025;0.532576;-0.026443
1220;0.700727;0.623804;-0.063467
1221;0.615928;0.709575;-0.100054
1222;0.485597;0.763856;-0.100279
1223;0.420257;0.527274;-0.202335
1224;0.121435;0.350768;-0.099287
1225;-0.043979;0.240345;0.049691
1226;-0.042351;0.192280;0.103541
1227;-0.037090;0.228309;0.004180
1228;-0.020106;0.096726;-0.133395
1229;-0.140142;-0.040282;-0.083486
1230;-0.226772;-0.139553;-0.003789
1231;-0.325473;-0.155249;0.070711
1232;-0.494837;-0.091886;0.189887
1233;-0.589997;-0.104342;0.174619
1234;-0.710506;-0.082083;0.131725
1235;-0.774747;-0.058616;0.104687
1236;-0.830609;0.049342;0.122090
1237;-0.758657;-0.104036;0.063011
1238;-0.670821;-0.313899;0.062783
1239;-0.599563;-0.173832;0.221441
1240;-0.496744;0.067028;0.185911
1241;-0.473601;0.345234;-0.021962
1242;-0.290278;0.440305;-0.246872
1243;-0.127575;0.322159;-0.384631
1244;0.065147;0.275518;-0.293026
1245;0.212656;0.358982;-0.153085
1246;0.384912;0.424984;-0.088009
1247;0.463317;0.476849;-0.068410
1248;0.597431;0.554475;-0.030362
1249;0.729244;0.579828;-0.065832
1250;0.806029;0.589042;-0.105480
1251;0.724846;0.728946;0.017085
1252;0.613124;0.657772;-0.006655
1253;0.440917;0.529310;-0.102540
1254;0.205600;0.439826;-0.044369
1255;0.104066;0.363643;0.010684
1256;0.027105;0.382364;0.023768
1257;-0.030440;0.343417;-0.067557
1258;-0.138222;0.226656;-0.123878
1259;-0.321919;0.096698;-0.096637
1260;-0.459076;0.012763;-0.062599
1261;-0.602829;-0.003960;-0.014738
1262;-0.714230;-0.075532;-0.038166
1263;-0.857693;-0.150222;-0.073270
1264;-0.945280;-0.186442;0.040985
1265;-0.908671;-0.195722;0.144489
1266;-0.904916;-0.004592;0.127766
1267;-0.813960;-0.093315;-0.044335
1268;-0.679463;-0.230209;-0.068670
1269;-0.597428;-0.073232;0.066042
1270;-0.421154;0.126442;0.077317
1271;-0.319504;0.390848;-0.103392
1272;-0.109701;0.440889;-0.238135
1273;-0.001993;0.438646;-0.286617
1274;0.119365;0.403944;-0.200290
1275;0.250750;0.405114;-0.071450
1276;0.399556;0.437076;-0.004776
1277;0.479199;0.515592;0.002744
1278;0.557741;0.608866;-0.027401
1279;0.682845;0.603045;-0.095527
1280;0.678599;0.644669;-0.077231
1281;0.763046;0.675844;-0.010851
1282;0.678069;0.521816;-0.132763
1283;0.410847;0.451942;-0.035775
1284;0.169919;0.432013;0.066105
1285;0.122627;0.318613;0.054329
1286;0.085244;0.324833;-0.027759
1287;0.037388;0.282799;-0.215765
1288;-0.071498;0.166169;-0.288816
1289;-0.273631;0.061462;-0.156330
1290;-0.502934;0.050646;-0.004716
1291;-0.676467;0.036794;0.073510
1292;-0.877553;-0.107187;0.008615
1293;-1.127387;-0.188354;-0.052796
1294;-0.933552;-0.189707;0.139528
1295;-0.849633;0.069656;0.278036
1296;-0.900403;0.078422;0.151164
1297;-0.777218;-0.293192;-0.045669
1298;-0.575926;-0.292097;0.079783
1299;-0.449973;-0.034352;0.144087
1300;-0.405696;0.250860;0.019099
1301;-0.291245;0.498367;-0.141366
1302;-0.149874;0.565299;-0.276560
1303;-0.048627;0.459363;-0.299831
1304;0.166350;0.460990;-0.228525
1305;0.494075;0.558484;-0.205055
1306;0.677772;0.553075;-0.207987
1307;0.742221;0.601041;-0.171980
1308;0.742493;0.637818;-0.056348
1309;0.757174;0.618646;0.002493
1310;0.588776;0.787284;0.041315
1311;0.624127;0.698553;0.035802
1312;0.410585;0.455310;-0.090304
1313;0.099096;0.343727;-0.044496
1314;-0.002533;0.262839;0.011629
1315;-0.073643;0.276632;0.048057
1316;-0.095315;0.233580;-0.046032
1317;-0.198562;0.117159;-0.094061
1318;-0.358980;-0.005066;-0.027601
1319;-0.498065;-0.084178;0.077075
1320;-0.642697;-0.105121;0.156921
1321;-0.750607;-0.128260;0.198265
1322;-0.816173;-0.121390;0.176159
1323;-0.871765;-0.113568;0.108050
1324;-0.934137;-0.132211;0.126842
1325;-0.842284;0.029110;0.197639
1326;-0.696392;-0.092861;0.078361
1327;-0.661960;-0.240197;0.078893
1328;-0.532370;-0.044292;0.126603
1329;-0.414776;0.284660;0.006117
1330;-0.306426;0.570253;-0.122395
1331;-0.103176;0.600281;-0.221919
1332;0.107880;0.521712;-0.257580
1333;0.375919;0.539484;-0.166393
1334;0.587158;0.484837;-0.093278
1335;0.651375;0.470644;0.005836
1336;0.701777;0.482199;0.081858
1337;0.711331;0.570254;0.126042
1338;0.732980;0.638443;0.085649
1339;0.631022;0.691721;0.027186
1340;0.528442;0.687938;-0.026399
1341;0.319668;0.532511;-0.066007
1342;0.047497;0.375030;-0.049703
1343;-0.116592;0.220308;0.007899
1344;-0.140566;0.151342;0.004855
1345;-0.115614;0.156913;-0.041516
1346;-0.151175;0.088007;-0.078755
1347;-0.252519;-0.062126;-0.053118
1348;-0.333078;-0.116097;0.015873
1349;-0.415058;-0.108600;0.067952
1350;-0.494970;-0.172520;0.074639
1351;-0.622495;-0.195988;0.089850
1352;-0.720952;-0.147121;0.180637
1353;-0.720545;-0.142248;0.241993
1354;-0.832573;0.016695;0.134900
1355;-0.827777;-0.010294;-0.079807
1356;-0.720422;-0.256697;-0.131125
1357;-0.580054;-0.205622;0.019986
1358;-0.432891;0.025322;0.038020
1359;-0.337710;0.325916;-0.047549
1360;-0.163080;0.463309;-0.176834
1361;-0.048471;0.407475;-0.285147
1362;0.030405;0.302405;-0.282420
1363;0.217958;0.304151;-0.102542
1364;0.294182;0.387013;-0.008635
1365;0.414937;0.471501;0.036199
1366;0.563776;0.585228;0.077983
1367;0.700510;0.658083;0.075561
1368;0.834141;0.656844;0.085817
1369;0.699840;0.741744;0.138943
1370;0.605066;0.656928;0.030611
1371;0.401782;0.360049;-0.082725
1372;0.096268;0.287829;-0.010256
1373;0.035660;0.168039;0.061986
1374;-0.020764;0.193377;0.091982
1375;-0.005541;0.204448;-0.055109
1376;-0.028231;0.143481;-0.179357
1377;-0.213004;0.069106;-0.143457
1378;-0.361730;0.006462;-0.042180
1379;-0.507694;-0.050384;0.061828
1380;-0.676577;-0.133011;0.141745
1381;-0.818097;-0.152641;0.205063
1382;-0.854395;-0.150910;0.214544
1383;-0.842699;-0.057477;0.197844
1384;-0.778972;0.030622;0.089445
1385;-0.668855;-0.160934;-0.045310
1386;-0.564897;-0.268729;0.009037
1387;-0.481521;-0.076022;0.113213
1388;-0.422582;0.192638;0.036871
1389;-0.299613;0.407505;-0.077522
1390;-0.143354;0.426824;-0.187482
1391;0.000201;0.390201;-0.237547
1392;0.319149;0.410512;-0.161781
1393;0.522931;0.423025;-0.051622
1394;0.598141;0.406613;-0.022004
1395;0.683628;0.479827;0.073779
1396;0.682490;0.516169;0.108406
1397;0.676106;0.586987;0.054924
1398;0.548276;0.720108;0.013844
1399;0.496265;0.664619;-0.055727
1400;0.343905;0.447633;-0.199391
1401;0.042908;0.265503;-0.140440
1402;-0.099985;0.179462;-0.009899
1403;-0.108134;0.175657;0.062273
1404;-0.039677;0.141770;-0.026444
1405;-0.053937;0.050154;-0.154689
1406;-0.185446;-0.050947;-0.096518
1407;-0.302432;-0.103108;0.036894
1408;-0.436149;-0.109352;0.120816
1409;-0.528562;-0.149476;0.121636
1410;-0.630610;-0.195593;0.126774
1411;-0.712262;-0.148693;0.176789
1412;-0.775620;-0.091574;0.180694
1413;-0.879848;0.108370;0.136547
1414;-0.725649;-0.022607;0.014053
1415;-0.558873;-0.249563;-0.053829
1416;-0.459079;-0.117207;0.101180
1417;-0.327552;0.082433;0.100971
1418;-0.255796;0.333874;0.003233
1419;-0.059138;0.438450;-0.202534
1420;0.040592;0.313567;-0.227800
1421;0.178590;0.233038;-0.234493
1422;0.390648;0.297756;-0.110656
1423;0.489858;0.345559;-0.044955
1424;0.526872;0.384910;-0.030458
1425;0.551409;0.464748;-0.037275
1426;0.582952;0.546631;-0.048054
1427;0.514591;0.573324;-0.104593
1428;0.584001;0.582980;-0.098505
1429;0.594084;0.455829;-0.135248
1430;0.357052;0.314969;-0.082608
1431;0.187409;0.327714;0.028282
1432;0.137062;0.307544;0.040351
1433;0.020920;0.337397;-0.050300
1434;-0.086212;0.210451;-0.174678
1435;-0.237802;0.061483;-0.076789
1436;-0.366032;-0.027820;0.061183
1437;-0.486695;-0.046110;0.137555
1438;-0.629663;-0.087006;0.175558
1439;-0.739444;-0.169247;0.190537
1440;-0.854620;-0.201797;0.230424
1441;-0.917067;-0.215560;0.244241
1442;-0.961364;-0.054099;0.243601
1443;-0.915644;0.077782;0.092990
1444;-0.747643;-0.073217;-0.094676
1445;-0.547773;-0.119818;-0.102816
1446;-0.412346;0.105699;-0.009070
1447;-0.292205;0.429359;0.007628
1448;-0.138496;0.640628;-0.121331
1449;0.146003;0.612088;-0.213387
1450;0.399922;0.487468;-0.217283
1451;0.534468;0.371924;-0.154696
1452;0.713220;0.391825;-0.025564
1453;0.743774;0.396216;0.018590
1454;0.737595;0.444267;-0.019147
1455;0.653662;0.608645;-0.020918
1456;0.600461;0.614673;-0.111879
1457;0.387293;0.771251;-0.100307
1458;0.294812;0.654134;-0.200902
1459;0.140709;0.371553;-0.226008
1460;-0.098423;0.236719;-0.068958
1461;-0.161930;0.073864;0.018193
1462;-0.215800;0.021997;0.057600
1463;-0.189733;-0.011405;-0.037915
1464;-0.197218;-0.042696;-0.059433
1465;-0.253366;-0.096232;-0.060318
1466;-0.380961;-0.182108;-0.025722
1467;-0.530828;-0.208437;0.078241
1468;-0.605675;-0.273683;0.156317
1469;-0.657974;-0.255538;0.176977
1470;-0.721184;-0.135993;0.153864
1471;-0.762108;0.021120;0.068555
1472;-0.741718;0.185248;-0.088671
1473;-0.637600;-0.008155;-0.240372
1474;-0.556601;-0.145068;-0.147200
1475;-0.392177;-0.028548;0.057359
1476;-0.313074;0.203251;0.058534
1477;-0.204840;0.450392;-0.110087
1478;-0.018711;0.475496;-0.252975
1479;0.147439;0.375142;-0.260511
1480;0.316024;0.403885;-0.182124
1481;0.550508;0.431202;-0.030615
1482;0.701551;0.419072;0.006573
1483;0.675023;0.500828;-0.018599
1484;0.697315;0.608861;0.004205
1485;0.727463;0.674483;-0.040074
1486;0.587308;0.730897;-0.030127
1487;0.470736;0.683761;-0.026496
1488;0.299677;0.476523;-0.131550
1489;-0.064114;0.352176;-0.078107
1490;-0.215676;0.198632;0.017361
1491;-0.227155;0.171025;0.103845
1492;-0.159040;0.148749;0.074623
1493;-0.151882;0.045291;-0.071241
1494;-0.281470;-0.096106;-0.054258
1495;-0.381175;-0.172373;0.033187
1496;-0.511645;-0.180252;0.109087
1497;-0.615769;-0.156918;0.136738
1498;-0.669386;-0.207970;0.084877
1499;-0.726067;-0.185650;0.065008
1500;-0.785904;-0.185989;0.048551
1501;-0.905511;0.015766;0.040514
1502;-0.769068;-0.014787;-0.090483
1503;-0.620198;-0.166432;-0.117106
1504;-0.536191;-0.000231;-0.000874
1505;-0.424185;0.257941;-0.018683
1506;-0.372648;0.595194;-0.099294
1507;-0.136962;0.669504;-0.208699
1508;0.343002;0.540409;-0.151656
1509;0.507634;0.400177;-0.100496
1510;0.596424;0.353235;-0.003919
1511;0.670190;0.378424;0.093813
1512;0.701526;0.428483;0.139383
1513;0.661128;0.614975;0.188134
1514;0.608681;0.634013;0.096874
1515;0.520899;0.679137;0.026355
1516;0.403436;0.745101;-0.009030
1517;0.353740;0.607046;-0.110291
1518;0.144265;0.300945;-0.153733
1519;-0.125160;0.221217;-0.065952
1520;-0.204944;0.134146;0.054488
1521;-0.254643;0.118556;0.126079
1522;-0.225047;-0.005598;0.002329
1523;-0.299002;-0.126773;-0.105809
1524;-0.368806;-0.190660;-0.049184
1525;-0.401800;-0.171112;0.046085
1526;-0.459562;-0.209159;0.085232
1527;-0.522508;-0.263639;0.050246
1528;-0.574096;-0.261568;-0.005102
1529;-0.618585;-0.143246;-0.046444
1530;-0.744461;0.063637;-0.098341
1531;-0.753447;0.151722;-0.225933
1532;-0.548565;-0.090609;-0.287955
1533;-0.370982;-0.164816;-0.126896
1534;-0.244296;0.018078;0.052634
1535;-0.046789;0.216683;0.101828
1536;0.018748;0.471877;-0.026146
1537;0.215196;0.494457;-0.174099
1538;0.385124;0.331547;-0.087753
1539;0.432056;0.228476;-0.024369
1540;0.423427;0.178252;0.014470
1541;0.466174;0.188829;0.074290
1542;0.562696;0.274199;0.177424
1543;0.476092;0.378364;0.230252
1544;0.391723;0.496457;0.185185
1545;0.312374;0.529840;0.087282
1546;0.273104;0.547527;0.057917
1547;0.280207;0.391369;-0.085000
1548;0.118556;0.184279;-0.121344
1549;-0.068935;0.146816;-0.009535
1550;-0.112732;0.076743;0.082898
1551;-0.061514;0.072292;0.093871
1552;-0.075536;0.008958;-0.103541
1553;-0.157459;-0.107225;-0.226867
1554;-0.290619;-0.200461;-0.194689
1555;-0.437481;-0.222413;-0.096611
1556;-0.586626;-0.210688;-0.036253
1557;-0.638487;-0.237014;-0.041915
1558;-0.605631;-0.229277;-0.054222
1559;-0.512462;-0.108999;-0.035857
1560;-0.532768;0.053544;-0.053618
1561;-0.467246;0.170402;-0.128200
1562;-0.339664;0.005666;-0.139805
1563;-0.234023;-0.029770;0.048389
1564;0.002785;0.030441;0.126088
1565;0.086043;0.154904;0.088205
1566;0.135410;0.318909;-0.053789
1567;0.328809;0.228394;-0.142352
1568;0.329164;0.105908;-0.070350
1569;0.346287;-0.011410;0.051070
1570;0.315220;0.027301;0.097596
1571;0.327987;-0.001004;0.056616
1572;0.287123;0.105226;0.063998
1573;0.203703;0.196835;0.013832
1574;0.171045;0.286893;-0.069260
1575;0.070180;0.367037;0.035931
1576;0.108498;0.300094;-0.021668
1577;0.092215;0.095071;-0.080619
1578;-0.014985;-0.123010;0.091807
1579;-0.100658;-0.070790;0.220591
1580;-0.090700;0.006790;0.096937
1581;-0.002826;-0.020396;0.042009
1582;0.021194;-0.048686;-0.056479
1583;0.029643;-0.118207;0.087521
1584;-0.018872;-0.174779;0.152550
1585;-0.056901;-0.135098;0.055483
1586;-0.056593;-0.096568;-0.018833
1587;-0.052287;-0.085962;0.030726
1588;-0.061674;-0.037032;0.031803
1589;-0.013361;-0.022031;0.113776
1590;-0.075993;0.055711;-0.084067
1591;-0.100441;0.239533;-0.039331