index;x;y;z
0;0.024558;-0.022341;0.001328
1;-0.018118;0.002122;0.044514
2;-0.024644;0.036157;-0.080447
3;0.049073;0.032751;-0.078278
4;0.014228;0.006812;-0.016496
5;-0.005221;-0.003867;-0.003379
6;-0.042024;-0.024879;-0.027508
7;-0.027881;-0.027659;-0.030093
8;-0.001459;0.016108;0.032354
9;-0.021136;-0.030735;0.038611
10;-0.011278;-0.029474;0.041303
11;0.035640;0.002690;0.013588
12;0.021800;0.015787;0.043156
13;-0.015358;-0.004013;0.040743
14;0.002671;-0.004959;-0.005264
15;0.026746;-0.011064;0.050260
16;0.021766;-0.004941;0.055932
17;-0.021374;0.000887;-0.031105
18;-0.028796;-0.011551;-0.026037
19;0.000204;-0.010609;-0.009187
20;0.030711;0.009562;-0.024787
21;0.029468;-0.002094;0.065992
22;0.003124;-0.024169;0.044223
23;0.028861;0.005547;0.001699
24;0.008362;-0.002153;-0.008406
25;-0.010079;-0.006298;-0.018729
26;0.003245;-0.004924;-0.023165
27;0.014265;-0.002206;0.006981
28;0.015304;-0.006472;0.005872
29;0.010004;-0.004114;-0.016310
30;0.002684;-0.009328;-0.018319
31;-0.013208;-0.012090;0.003248
32;-0.008390;-0.012468;0.000383
33;-0.034993;-0.011724;-0.018011
34;-0.056746;0.002898;-0.036041
35;-0.060075;-0.006466;-0.042469
36;-0.021855;0.001388;0.000190
37;-0.005625;0.002265;0.020359
38;0.005192;0.013048;0.017028
39;-0.014998;0.009502;0.024122
40;-0.018781;0.001070;0.026325
41;-0.006948;0.004812;0.025326
42;0.003080;0.003001;0.018194
43;0.011826;0.003441;0.009353
44;0.005005;-0.011785;0.001336
45;0.018051;-0.012961;0.018167
46;0.021824;-0.002959;-0.002192
47;0.051121;-0.003808;-0.006751
48;0.051861;-0.015465;-0.007521
49;0.033425;-0.020575;0.004844
50;0.022873;-0.025780;-0.014806
51;0.022502;-0.017764;-0.016643
52;0.014338;-0.005845;-0.000047
53;0.005278;-0.007354;-0.026375
54;-0.002195;-0.012749;-0.008230
55;-0.008353;-0.015758;0.021949
56;-0.024880;-0.009586;0.017964
57;-0.015543;0.002240;-0.007131
58;0.008953;0.005102;-0.020406
59;0.005324;-0.006048;0.023453
60;0.012636;-0.011847;0.037285
61;-0.000890;0.001287;0.009505
62;0.003617;0.003402;-0.024205
63;-0.010109;-0.013915;-0.013047
64;-0.023837;-0.018172;-0.000416
65;-0.018921;-0.003148;-0.010410
66;0.001293;-0.007007;-0.021594
67;-0.008486;-0.016286;-0.007411
68;-0.027423;-0.020068;-0.005274
69;-0.026504;-0.016221;0.005982
70;0.001996;-0.002334;-0.009309
71;0.022876;-0.002446;-0.012469
72;0.031060;0.005223;0.018649
73;0.015804;-0.000844;0.018496
74;-0.010070;-0.018233;0.005504
75;-0.008817;-0.018902;0.004145
76;0.003564;-0.010801;0.012700
77;0.003514;-0.000387;0.006494
78;-0.004341;-0.003880;-0.012556
79;0.006563;-0.005784;-0.010407
80;0.005208;-0.005058;0.000742
81;-0.008340;-0.002137;0.013431
82;0.011411;-0.002040;-0.004174
83;0.017167;-0.012618;-0.004025
84;0.029166;-0.006136;0.021520
85;0.032957;-0.006420;0.006411
86;0.032987;0.006360;-0.007125
87;0.008313;-0.008502;-0.000455
88;-0.031183;-0.031002;0.005903
89;-0.054889;-0.034022;-0.006457
90;-0.053310;-0.037758;-0.021349
91;-0.072868;-0.045365;0.009005
92;-0.081809;-0.046775;0.020616
93;-0.073785;-0.043290;-0.013385
94;-0.099799;-0.072200;0.011458
95;-0.154415;-0.051565;0.000798
96;-0.231638;-0.094745;-0.019466
97;-0.219961;-0.081497;0.010504
98;-0.167291;-0.032839;-0.128754
99;-0.135511;-0.017913;-0.200004
100;-0.134787;-0.074960;-0.162236
101;0.088943;0.121908;-0.259566
102;0.129583;0.105275;-0.086022
103;-0.092968;-0.141259;-0.387998
104;0.028311;0.108311;-0.051366
105;-0.060512;0.018130;0.130587
106;0.012641;0.040593;0.073747
107;0.160055;0.160971;0.064550
108;0.192051;0.184676;0.143615
109;0.182180;0.174590;0.124640
110;0.238452;0.180129;0.106521
111;0.286136;0.181883;0.139837
112;0.314146;0.171883;0.162182
113;0.307791;0.208073;0.119324
114;0.299813;0.308257;0.081948
115;0.385045;0.361612;0.098533
116;0.361758;0.342039;0.090364
117;0.232452;0.358053;0.084331
118;0.287624;0.308520;0.019468
119;0.229964;0.267289;-0.009484
120;0.070930;0.225792;0.007304
121;-0.063703;0.188756;-0.045044
122;-0.170838;0.105524;-0.123820
123;-0.296459;0.003022;-0.196552
124;-0.372505;-0.106276;-0.211146
125;-0.439546;-0.172905;-0.196285
126;-0.455893;-0.235040;-0.201778
127;-0.482939;-0.294149;-0.231584
128;-0.466101;-0.277472;-0.179986
129;-0.467676;-0.240947;-0.197506
130;-0.452255;-0.297228;-0.184026
131;-0.445193;-0.226733;-0.141776
132;-0.434660;-0.142249;-0.103146
133;-0.412929;-0.026599;-0.043413
134;-0.439283;-0.054783;0.001821
135;-0.431740;-0.005564;-0.065402
136;-0.432609;0.022141;-0.165855
137;-0.251985;0.218382;-0.183584
138;-0.053548;0.439249;-0.169147
139;0.160294;0.406806;-0.126541
140;0.268981;0.382406;-0.053566
141;0.328083;0.346200;0.017229
142;0.421576;0.299394;0.011523
143;0.490771;0.316466;0.012880
144;0.458435;0.310141;0.051602
145;0.446308;0.343215;0.054611
146;0.419979;0.357268;0.022286
147;0.420607;0.284092;0.042719
148;0.422058;0.273347;0.140199
149;0.339976;0.319864;0.249705
150;0.240744;0.444959;0.379567
151;0.262508;0.499824;0.300483
152;0.078761;0.401212;0.100389
153;0.044860;0.209509;-0.048397
154;0.068627;0.244703;-0.139590
155;0.025050;0.195975;-0.026939
156;-0.102612;0.121080;-0.030566
157;-0.219174;0.007176;-0.136996
158;-0.295786;-0.086329;-0.217258
159;-0.386492;-0.166909;-0.271330
160;-0.503851;-0.259050;-0.211914
161;-0.543625;-0.292135;-0.239084
162;-0.558980;-0.328951;-0.338154
163;-0.623320;-0.337323;-0.370258
164;-0.659862;-0.361950;-0.247999
165;-0.660680;-0.284333;-0.112496
166;-0.677994;-0.093446;-0.042520
167;-0.542114;0.013632;-0.030025
168;-0.456512;0.020946;-0.166737
169;-0.428051;0.012157;-0.212821
170;-0.371099;0.237109;-0.146592
171;-0.091659;0.453484;-0.125290
172;0.128560;0.523062;-0.054919
173;0.239001;0.405683;-0.000566
174;0.305678;0.449553;0.000593
175;0.462433;0.441472;-0.044128
176;0.550215;0.417233;-0.057793
177;0.558751;0.375401;0.086050
178;0.514069;0.390425;0.168297
179;0.476734;0.417517;0.163125
180;0.416240;0.445092;0.171362
181;0.302861;0.456812;0.238400
182;0.246025;0.563885;0.388508
183;0.345093;0.447852;0.221088
184;0.167173;0.281500;0.030504
185;-0.036510;0.252142;0.027503
186;-0.031910;0.255089;0.058845
187;-0.035297;0.204230;0.018538
188;-0.148594;0.112783;-0.069506
189;-0.206226;-0.009180;-0.146991
190;-0.229660;-0.076347;-0.174936
191;-0.226825;-0.130400;-0.157801
192;-0.310097;-0.149552;-0.168370
193;-0.454912;-0.205935;-0.222790
194;-0.593392;-0.219663;-0.302927
195;-0.748691;-0.276419;-0.244605
196;-0.758270;-0.254902;-0.245463
197;-0.639911;-0.074836;-0.333207
198;-0.525176;-0.116346;-0.337589
199;-0.585942;-0.269272;-0.299624
200;-0.631209;-0.112872;-0.277521
201;-0.573388;0.148909;-0.176283
202;-0.479626;0.230237;-0.015710
203;-0.288298;0.376389;-0.080692
204;-0.059888;0.512442;-0.081147
205;0.219101;0.551175;0.018250
206;0.466971;0.563800;0.109014
207;0.685064;0.486139;0.165801
208;0.673030;0.454953;0.213153
209;0.510678;0.446686;0.232758
210;0.721752;0.487565;0.214294
211;0.692942;0.691873;0.418344
212;0.502433;0.540641;0.220466
213;0.602106;0.506986;0.169930
214;0.324917;0.441786;0.137391
215;0.220038;0.444217;0.228700
216;0.211853;0.447810;0.167240
217;0.083935;0.333776;0.043738
218;-0.063003;0.220880;0.000334
219;-0.166191;0.193694;-0.021248
220;-0.323991;0.244522;-0.063023
221;-0.608913;0.194571;-0.164123
222;-0.805503;0.005535;-0.307658
223;-0.986730;-0.165894;-0.451244
224;-1.117630;-0.305345;-0.408092
225;-1.072916;-0.369299;-0.286901
226;-1.006687;-0.161211;-0.172673
227;-0.820538;-0.005116;-0.145123
228;-0.798909;-0.191868;-0.102298
229;-0.683958;-0.098235;-0.190670
230;-0.538118;0.247542;-0.141570
231;-0.329703;0.481470;-0.054144
232;-0.009764;0.544720;-0.146339
233;0.142407;0.627959;-0.235625
234;0.336360;0.564747;-0.132241
235;0.512315;0.525137;-0.003779
236;0.624610;0.468845;0.127171
237;0.616404;0.401652;0.195309
238;0.542814;0.452324;0.247934
239;0.608639;0.435544;0.262965
240;0.573939;0.455681;0.180355
241;0.510738;0.678128;0.247367
242;0.574710;0.724238;0.297789
243;0.372687;0.581710;0.090091
244;0.169064;0.478165;0.019388
245;0.073781;0.445517;0.079378
246;0.000298;0.386755;0.094474
247;-0.079076;0.277290;0.032996
248;-0.206951;0.133716;-0.019714
249;-0.305351;0.075690;-0.018287
250;-0.403311;0.011432;-0.018711
251;-0.668103;-0.069957;-0.219408
252;-0.764694;-0.183470;-0.195491
253;-0.878795;-0.218727;-0.211469
254;-0.919481;-0.239957;-0.214525
255;-0.933912;-0.256888;-0.203998
256;-0.926917;-0.132716;-0.202643
257;-0.873111;0.045567;-0.102159
258;-0.814304;-0.160700;-0.136932
259;-0.687114;0.044280;-0.140372
260;-0.407650;0.328832;-0.104887
261;-0.174659;0.429715;-0.010470
262;-0.100312;0.522686;-0.104333
263;0.154815;0.427673;-0.105320
264;0.348351;0.594821;0.090387
265;0.539058;0.470048;0.238550
266;0.626829;0.335123;0.223785
267;0.621759;0.425926;0.167135
268;0.632604;0.503817;0.159066
269;0.629785;0.472596;0.099956
270;0.562958;0.439030;0.026779
271;0.608684;0.587882;0.116281
272;0.780893;0.617269;0.229666
273;0.418311;0.378307;0.044395
274;0.150081;0.337244;0.095781
275;0.084605;0.352322;0.184704
276;0.012472;0.319490;0.109321
277;-0.078615;0.242037;0.013753
278;-0.243787;0.170007;0.001159
279;-0.364295;0.097602;-0.061971
280;-0.493872;-0.015733;-0.061002
281;-0.554978;-0.122045;-0.018283
282;-0.657641;-0.206811;-0.095938
283;-0.825387;-0.229199;-0.064551
284;-0.868818;-0.276022;-0.041137
285;-0.868824;-0.319932;-0.134069
286;-0.817265;-0.161303;-0.204458
287;-0.690393;0.008095;-0.150743
288;-0.871059;-0.135449;-0.100723
289;-0.741069;-0.039990;-0.110114
290;-0.677999;0.343149;-0.151636
291;-0.491486;0.353066;-0.127780
292;-0.267265;0.464659;-0.166348
293;0.044942;0.705360;-0.171013
294;0.441273;0.680390;-0.063345
295;0.796594;0.658434;0.127127
296;0.706520;0.552764;0.111293
297;0.594858;0.454201;0.033189
298;0.615375;0.568394;0.059504
299;0.679341;0.555658;0.026389
300;0.599986;0.673802;0.100468
301;0.680256;0.732090;0.141817
302;0.673216;0.469389;-0.048307
303;0.324767;0.419786;-0.059333
304;0.149995;0.421091;0.198242
305;0.098833;0.423935;0.329189
306;0.008568;0.409756;0.204565
307;-0.108833;0.298837;-0.011522
308;-0.269762;0.153428;-0.100517
309;-0.470383;0.053031;-0.076967
310;-0.567080;-0.029089;-0.075862
311;-0.745726;-0.110264;-0.116736
312;-0.902180;-0.110719;-0.201454
313;-0.953863;-0.137005;-0.353662
314;-1.036831;-0.183313;-0.414207
315;-1.101603;-0.108032;-0.425181
316;-1.007441;-0.218369;-0.347690
317;-0.900442;-0.131257;-0.285406
318;-0.680604;0.194878;-0.257631
319;-0.415229;0.320737;-0.141992
320;-0.219602;0.456258;-0.082053
321;-0.060639;0.547025;-0.092219
322;0.163665;0.640515;-0.125580
323;0.460527;0.585424;-0.129309
324;0.515415;0.551856;-0.057108
325;0.544304;0.485028;0.140352
326;0.550887;0.526109;0.230930
327;0.608983;0.579572;0.188795
328;0.633305;0.497084;0.167111
329;0.693043;0.666396;0.290063
330;0.838994;0.633302;0.284369
331;0.676238;0.444951;0.087770
332;0.338508;0.431937;0.182470
333;0.142981;0.479353;0.353004
334;0.061793;0.450404;0.160282
335;-0.008872;0.370308;-0.087394
336;-0.089968;0.259885;-0.143292
337;-0.244221;0.196467;-0.060434
338;-0.427282;0.120930;-0.050059
339;-0.573069;0.026266;-0.111437
340;-0.759795;-0.054426;-0.222652
341;-0.982119;-0.094062;-0.289998
342;-1.106056;-0.199795;-0.329276
343;-1.135041;-0.265798;-0.364347
344;-0.990310;-0.058737;-0.334067
345;-0.776296;-0.146670;-0.254362
346;-0.770424;-0.091878;-0.245581
347;-0.629052;0.121709;-0.217056
348;-0.476211;0.256239;-0.113974
349;-0.322683;0.371576;-0.116270
350;-0.130926;0.506818;-0.175977
351;0.106664;0.575295;-0.104910
352;0.364016;0.674857;0.002487
353;0.605852;0.558518;0.031849
354;0.769938;0.590497;0.212001
355;0.712041;0.517363;0.201099
356;0.699473;0.529313;0.181365
357;0.766848;0.495953;0.246074
358;0.743874;0.592916;0.373026
359;0.776143;0.559084;0.491351
360;0.543671;0.456719;0.250941
361;0.239245;0.464829;0.203060
362;0.108479;0.466440;0.211653
363;-0.002747;0.421613;0.062892
364;-0.074284;0.326504;-0.090712
365;-0.192869;0.208619;-0.121386
366;-0.341432;0.160870;-0.120288
367;-0.466855;0.066668;-0.149406
368;-0.617021;-0.042349;-0.207675
369;-0.789340;-0.093086;-0.266579
370;-0.898165;-0.073117;-0.286675
371;-0.938920;-0.188449;-0.313861
372;-1.017017;-0.062448;-0.310757
373;-0.937326;-0.032936;-0.296660
374;-0.982607;-0.304867;-0.229481
375;-0.898304;-0.136918;-0.216214
376;-0.649154;0.231399;-0.051759
377;-0.345867;0.429114;0.064001
378;-0.079961;0.491085;-0.019638
379;0.084040;0.489148;-0.141643
380;0.321500;0.551647;-0.053830
381;0.525220;0.510411;0.034537
382;0.555933;0.457607;0.056575
383;0.585901;0.466507;0.110591
384;0.643800;0.552357;0.165936
385;0.714359;0.560160;0.165370
386;0.646074;0.645581;0.208773
387;0.705427;0.714786;0.346492
388;0.698584;0.530568;0.220188
389;0.369728;0.495082;0.108636
390;0.302142;0.445718;0.311210
391;0.115950;0.427011;0.299542
392;-0.025071;0.406120;0.011867
393;-0.166672;0.291735;-0.213607
394;-0.314703;0.158533;-0.205676
395;-0.453788;0.094972;-0.155571
396;-0.576622;0.009305;-0.192216
397;-0.737142;-0.124387;-0.263065
398;-0.890098;-0.197172;-0.279690
399;-0.942417;-0.249402;-0.282662
400;-1.046521;-0.165816;-0.212798
401;-0.949706;0.004255;-0.218332
402;-0.861466;-0.179610;-0.215537
403;-0.802103;-0.067594;-0.251956
404;-0.542298;0.163680;-0.155958
405;-0.386340;0.296239;-0.086665
406;-0.239290;0.299917;-0.062667
407;-0.035893;0.341616;-0.148915
408;0.219875;0.399176;-0.072437
409;0.354519;0.556999;0.105870
410;0.430441;0.399456;0.084689
411;0.460020;0.430567;0.073309
412;0.609963;0.631691;0.112424
413;0.716669;0.592662;0.046280
414;0.632338;0.521152;-0.041559
415;0.579237;0.572080;0.014078
416;0.629369;0.463866;0.126926
417;0.429851;0.277208;0.155804
418;0.267493;0.292449;0.222657
419;0.278320;0.312381;0.215508
420;0.233115;0.299172;0.015426
421;0.148925;0.246676;-0.090810
422;0.050853;0.172731;-0.050771
423;-0.083089;0.105031;-0.012679
424;-0.234421;0.077354;-0.038103
425;-0.396753;0.045048;-0.050202
426;-0.567757;0.021240;-0.071055
427;-0.779779;-0.000632;-0.121020
428;-0.927938;-0.134466;-0.160283
429;-1.049402;-0.130061;-0.164984
430;-0.881071;-0.008342;-0.218341
431;-0.903260;-0.269772;-0.226481
432;-0.911833;-0.269117;-0.253050
433;-0.761725;-0.047474;-0.172363
434;-0.582437;0.168586;-0.096644
435;-0.357373;0.326790;-0.160376
436;-0.168341;0.454366;-0.156664
437;0.059706;0.507729;-0.033445
438;0.311484;0.681531;0.020640
439;0.513599;0.595157;-0.017900
440;0.681485;0.606911;0.053499
441;0.880274;0.654439;0.253838
442;0.811022;0.543508;0.300067
443;0.646718;0.473336;0.267838
444;0.637105;0.559615;0.379910
445;0.695529;0.465978;0.286086
446;0.394360;0.417580;0.110857
447;0.203287;0.446824;0.205488
448;0.098980;0.457610;0.189173
449;0.045084;0.396614;0.022564
450;-0.011342;0.239311;-0.107553
451;-0.167890;0.151763;-0.051329
452;-0.304135;0.055881;-0.000857
453;-0.459876;-0.011043;-0.001213
454;-0.592837;-0.105846;-0.060731
455;-0.747659;-0.096475;-0.107982
456;-0.894961;-0.100817;-0.133431
457;-0.958648;-0.256877;-0.257803
458;-1.013688;-0.058250;-0.329097
459;-0.923241;-0.061158;-0.182168
460;-0.923232;-0.245234;-0.023647
461;-0.790115;0.008537;-0.093865
462;-0.565708;0.213790;-0.093860
463;-0.412448;0.272044;-0.078824
464;-0.220046;0.407909;-0.169160
465;0.031156;0.516616;-0.160534
466;0.352986;0.515190;0.001157
467;0.612323;0.576036;0.153787
468;0.768565;0.400962;0.170308
469;0.729214;0.457320;0.173863
470;0.698168;0.554478;0.184688
471;0.690437;0.566264;0.060475
472;0.594568;0.665392;0.040303
473;0.695246;0.721042;0.213934
474;0.637571;0.473630;0.057991
475;0.238963;0.428076;0.002332
476;0.179837;0.406604;0.226628
477;0.110702;0.410162;0.182888
478;0.038355;0.347128;-0.022450
479;-0.101785;0.195884;-0.093906
480;-0.315267;0.088736;-0.022620
481;-0.504719;-0.002006;0.009547
482;-0.654107;-0.110865;0.035345
483;-0.752946;-0.212568;0.010817
484;-0.906191;-0.212769;-0.140503
485;-0.991727;-0.265120;-0.220995
486;-1.044454;-0.146791;-0.276088
487;-0.959977;0.060580;-0.245162
488;-0.829158;-0.117469;-0.183251
489;-0.793097;-0.079517;-0.170309
490;-0.641902;0.226742;-0.110688
491;-0.432086;0.399601;-0.029611
492;-0.225299;0.396611;-0.060098
493;-0.106103;0.431766;-0.184952
494;0.081535;0.553160;-0.259840
495;0.409071;0.703029;-0.160333
496;0.773841;0.607061;-0.031073
497;0.855190;0.520187;0.063439
498;0.763477;0.535307;0.181578
499;0.686166;0.508541;0.245491
500;0.629504;0.504813;0.234866
501;0.571721;0.675427;0.196765
502;0.675915;0.684227;0.125957
503;0.585892;0.590049;-0.041124
504;0.263678;0.532772;-0.000226
505;0.087238;0.444459;0.131281
506;-0.009335;0.394884;0.158908
507;-0.107635;0.328243;-0.000866
508;-0.229181;0.203665;-0.123500
509;-0.406130;0.108058;-0.119975
510;-0.547542;-0.030156;-0.114145
511;-0.671558;-0.120490;-0.181411
512;-0.799635;-0.212086;-0.247881
513;-0.954354;-0.263805;-0.199450
514;-0.963662;-0.320846;-0.074060
515;-0.984158;-0.242945;-0.064190
516;-0.871918;-0.041810;-0.129569
517;-0.791404;-0.111143;-0.113232
518;-0.775569;-0.081200;-0.105111
519;-0.571666;0.222296;-0.161421
520;-0.513944;0.400303;-0.051568
521;-0.307712;0.464075;-0.060398
522;-0.049820;0.473368;-0.125580
523;0.210404;0.629708;-0.035695
524;0.469408;0.503849;0.071895
525;0.571437;0.442007;0.144590
526;0.671092;0.420445;0.222240
527;0.659068;0.493097;0.289092
528;0.632168;0.623447;0.267585
529;0.627651;0.627893;0.116398
530;0.668995;0.725032;0.137231
531;0.810495;0.675825;0.172135
532;0.573501;0.480187;0.031986
533;0.314395;0.478693;0.170244
534;0.153006;0.490461;0.261831
535;-0.044453;0.378798;0.112962
536;-0.185216;0.289568;-0.038560
537;-0.265969;0.169037;-0.062612
538;-0.399669;0.064894;-0.031036
539;-0.555876;-0.020209;-0.048790
540;-0.661783;-0.126536;-0.074106
541;-0.785955;-0.137141;-0.144325
542;-0.926411;-0.139707;-0.166826
543;-1.036181;-0.232974;-0.184668
544;-1.126447;-0.088521;-0.227575
545;-0.976173;-0.031011;-0.201901
546;-0.852370;-0.262673;-0.196624
547;-0.753932;-0.078873;-0.199051
548;-0.553607;0.295346;-0.087398
549;-0.342895;0.430261;-0.029709
550;-0.219307;0.433842;-0.087574
551;-0.069214;0.547119;-0.143777
552;0.197415;0.557944;-0.163941
553;0.422486;0.571490;-0.075757
554;0.592355;0.610688;-0.048799
555;0.694927;0.584697;-0.030034
556;0.752399;0.664598;0.125555
557;0.791330;0.643928;0.269457
558;0.683037;0.548742;0.307679
559;0.639445;0.681302;0.353881
560;0.871457;0.708011;0.289445
561;0.574468;0.605120;0.002848
562;0.180431;0.550182;-0.018306
563;-0.051039;0.489859;0.113049
564;-0.198417;0.312549;0.141847
565;-0.239224;0.152934;0.011574
566;-0.280935;0.066239;-0.104113
567;-0.351605;-0.006697;-0.090357
568;-0.462980;-0.033610;-0.095483
569;-0.623721;-0.133362;-0.181467
570;-0.781092;-0.136211;-0.240548
571;-0.914448;-0.063742;-0.246024
572;-1.023575;-0.118656;-0.284537
573;-1.128645;-0.074131;-0.369651
574;-1.051787;-0.150741;-0.416575
575;-0.987606;-0.165127;-0.188132
576;-0.832264;0.183456;-0.126728
577;-0.512391;0.429924;-0.048200
578;-0.267628;0.483796;-0.063580
579;-0.080925;0.505463;-0.134742
580;0.111876;0.531702;-0.110479
581;0.345806;0.589096;0.057604
582;0.502182;0.549349;0.119928
583;0.584760;0.516410;0.132743
584;0.679176;0.550026;0.149846
585;0.814207;0.668698;0.253898
586;0.884963;0.617616;0.245965
587;0.747410;0.691086;0.240475
588;0.768131;0.779087;0.363124
589;0.527861;0.596639;0.172865
590;0.008871;0.456009;0.084112
591;-0.093514;0.363571;0.209576
592;-0.063181;0.325993;0.182328
593;0.025075;0.300327;0.032170
594;0.022083;0.264376;-0.095194
595;-0.174820;0.174859;-0.140958
596;-0.370484;0.121367;-0.186724
597;-0.518594;0.006476;-0.215467
598;-0.632022;-0.075880;-0.263245
599;-0.854236;-0.060262;-0.289816
600;-1.154418;-0.170921;-0.276033
601;-1.320061;-0.314172;-0.256500
602;-1.279032;-0.041296;-0.425655
603;-0.948782;-0.051969;-0.300733
604;-0.836221;0.034671;-0.180524
605;-0.610473;0.300934;-0.115136
606;-0.405520;0.468079;-0.037482
607;-0.179692;0.497684;-0.045820
608;0.035761;0.536027;-0.163099
609;0.205743;0.630213;-0.169991
610;0.406260;0.560321;-0.057738
611;0.531260;0.556995;0.085844
612;0.678040;0.540925;0.236598
613;0.768881;0.587372;0.233516
614;0.755289;0.642534;0.201862
615;0.683182;0.593511;0.161403
616;0.630104;0.712052;0.240390
617;0.747842;0.646301;0.293415
618;0.412113;0.503575;0.113831
619;0.077169;0.469287;0.186744
620;-0.035882;0.422547;0.235331
621;-0.061562;0.352551;0.131982
622;-0.037531;0.268498;-0.044032
623;-0.129121;0.177638;-0.112372
624;-0.292065;0.050474;-0.116837
625;-0.460669;-0.032378;-0.069861
626;-0.579977;-0.082545;-0.076713
627;-0.751988;-0.125860;-0.112659
628;-0.943535;-0.184434;-0.131088
629;-1.033808;-0.292138;-0.147290
630;-1.084894;-0.263932;-0.235177
631;-0.943934;-0.045869;-0.210498
632;-0.744138;-0.083575;-0.089924
633;-0.689146;0.014914;-0.064536
634;-0.567013;0.215273;-0.081161
635;-0.440765;0.366053;-0.025835
636;-0.237540;0.453876;-0.058310
637;-0.008258;0.498069;-0.127681
638;0.214462;0.487430;-0.069301
639;0.572602;0.486707;0.056236
640;0.722750;0.425578;0.116286
641;0.711918;0.363075;0.161285
642;0.637113;0.490827;0.258447
643;0.620607;0.534228;0.120197
644;0.624476;0.587940;-0.005457
645;0.717659;0.833578;0.129125
646;0.890079;0.701872;0.123962
647;0.424909;0.575900;-0.151163
648;0.121456;0.522403;0.058805
649;-0.036197;0.440463;0.329025
650;-0.088679;0.324030;0.195479
651;-0.197791;0.172840;-0.052921
652;-0.338892;0.032892;-0.082395
653;-0.424862;-0.047802;-0.021376
654;-0.590132;-0.140674;-0.010551
655;-0.751268;-0.169603;-0.030002
656;-0.900122;-0.113596;-0.094792
657;-1.017397;-0.154416;-0.256520
658;-1.035085;-0.253801;-0.388665
659;-1.067243;-0.054783;-0.423529
660;-0.880786;0.017536;-0.219871
661;-0.777317;-0.095467;-0.117028
662;-0.686254;0.192206;-0.150549
663;-0.417339;0.456868;-0.040059
664;-0.280291;0.604546;0.061317
665;-0.040512;0.570407;-0.047349
666;0.161949;0.492916;-0.184667
667;0.362767;0.599978;-0.148782
668;0.580354;0.643036;-0.008712
669;0.653879;0.633875;0.061223
670;0.812867;0.571684;0.141477
671;0.949399;0.636604;0.385779
672;0.949229;0.595480;0.392467
673;0.718262;0.555334;0.256557
674;0.725900;0.752834;0.389434
675;0.610534;0.688122;0.213130
676;0.059910;0.585948;0.048411
677;-0.227783;0.511310;0.197300
678;-0.284571;0.411866;0.149732
679;-0.310195;0.267310;-0.083479
680;-0.341176;0.099169;-0.147571
681;-0.466686;-0.020637;-0.086652
682;-0.590674;-0.111959;-0.083624
683;-0.698629;-0.215876;-0.084160
684;-0.796958;-0.206624;-0.172794
685;-0.831377;-0.103792;-0.350050
686;-0.860537;-0.139429;-0.433262
687;-0.944287;-0.208977;-0.447176
688;-1.029616;0.025704;-0.314438
689;-0.795112;0.060883;-0.165587
690;-0.762616;-0.091383;-0.151161
691;-0.736833;0.346885;-0.179726
692;-0.421096;0.653970;-0.033960
693;-0.143062;0.670527;-0.025595
694;0.096036;0.646154;-0.102174
695;0.363270;0.616249;-0.081138
696;0.777097;0.515426;0.082804
697;0.923998;0.378624;0.192443
698;0.772583;0.371651;0.145458
699;0.672016;0.354016;0.194924
700;0.619819;0.403223;0.165367
701;0.710988;0.489258;0.033080
702;0.757888;0.682301;0.056355
703;0.820288;0.834798;0.145668
704;0.623372;0.624458;-0.110819
705;0.198890;0.601701;-0.082520
706;-0.011327;0.550190;0.190822
707;-0.165720;0.408824;0.129875
708;-0.253799;0.265548;-0.039180
709;-0.336003;0.179098;-0.006441
710;-0.489257;0.129654;0.033805
711;-0.673796;-0.003753;0.031837
712;-0.827589;-0.150292;0.035998
713;-0.907199;-0.202486;-0.025680
714;-0.953330;-0.195220;-0.089966
715;-0.962918;-0.175963;-0.079618
716;-0.935861;-0.141569;-0.091129
717;-0.977151;0.136097;-0.145289
718;-0.887418;0.274353;-0.084510
719;-0.859974;-0.057353;-0.171590
720;-0.835256;0.188480;-0.233683
721;-0.559757;0.607409;-0.045243
722;-0.341650;0.787040;0.067964
723;0.119281;0.953914;-0.038862
724;0.595171;0.755958;-0.070469
725;0.796585;0.642885;-0.000026
726;0.838694;0.461799;0.086794
727;0.837082;0.408106;0.144036
728;0.822024;0.417752;0.166337
729;0.697919;0.530427;0.121396
730;0.620134;0.577739;0.104185
731;0.496516;0.694926;0.137735
732;0.446858;0.842157;0.124181
733;0.564380;0.723939;-0.043663
734;0.126867;0.665252;-0.130049
735;-0.172781;0.367887;-0.024740
736;-0.214549;0.244192;0.105905
737;-0.065171;0.185507;0.064653
738;-0.117392;0.088104;-0.026916
739;-0.324488;-0.040831;-0.017697
740;-0.456803;-0.102331;-0.031020
741;-0.590928;-0.133196;-0.028750
742;-0.712419;-0.199733;-0.073395
743;-0.899262;-0.257206;-0.104108
744;-1.048397;-0.259431;-0.063106
745;-1.067387;-0.229003;-0.113108
746;-1.048295;-0.000177;-0.222030
747;-0.797833;-0.000436;-0.221491
748;-0.768967;-0.108696;-0.134395
749;-0.681772;0.109551;-0.029467
750;-0.430362;0.329008;0.065212
751;-0.309284;0.492660;-0.041090
752;-0.175815;0.570582;-0.165630
753;0.040615;0.682076;-0.202425
754;0.499924;0.705066;-0.051580
755;0.931261;0.648344;0.072638
756;0.906870;0.545071;0.015800
757;0.721941;0.550569;-0.033639
758;0.724629;0.672064;0.138952
759;0.654740;0.565799;0.146511
760;0.497018;0.637471;0.169340
761;0.526758;0.741298;0.303694
762;0.498880;0.522238;0.074121
763;0.212721;0.489492;0.043851
764;0.098230;0.431132;0.208015
765;-0.174513;0.368740;0.125180
766;-0.245912;0.241232;0.004074
767;-0.313268;0.103960;-0.063562
768;-0.399193;-0.029060;-0.065579
769;-0.464193;-0.072187;-0.082066
770;-0.536740;-0.142263;-0.125456
771;-0.625803;-0.221230;-0.182123
772;-0.816164;-0.238017;-0.200587
773;-0.966780;-0.293412;-0.134177
774;-1.081925;-0.185698;-0.206566
775;-1.008877;-0.009659;-0.306987
776;-0.852556;-0.131968;-0.227246
777;-0.833353;-0.082576;-0.151184
778;-0.575528;0.150123;-0.101504
779;-0.276979;0.300380;-0.018894
780;-0.148894;0.424469;-0.051633
781;-0.063640;0.423408;-0.101479
782;0.055842;0.501536;-0.049165
783;0.251520;0.588394;-0.029197
784;0.469516;0.505668;0.016821
785;0.578908;0.473299;0.031011
786;0.677064;0.541910;0.110550
787;0.750179;0.587478;0.155591
788;0.718350;0.586561;0.080944
789;0.818328;0.840700;0.233694
790;0.960595;0.842493;0.193445
791;0.583707;0.640207;-0.036936
792;0.325067;0.628277;0.250934
793;0.043491;0.613954;0.450910
794;-0.208333;0.458838;0.153693
795;-0.320095;0.274062;-0.129788
796;-0.377657;0.117447;-0.168279
797;-0.424431;0.036143;-0.092227
798;-0.547166;-0.048300;-0.099784
799;-0.659991;-0.148267;-0.179082
800;-0.757546;-0.144513;-0.281466
801;-0.840253;-0.142114;-0.347293
802;-0.938759;-0.233734;-0.377173
803;-1.100061;-0.148081;-0.370753
804;-1.026266;-0.053406;-0.249190
805;-0.911119;-0.216863;-0.157858
806;-0.845754;0.020821;-0.169757
807;-0.567649;0.389600;-0.123722
808;-0.313440;0.453972;-0.078231
809;-0.177903;0.453333;-0.078855
810;0.027548;0.472468;-0.124368
811;0.225019;0.515619;-0.045369
812;0.386655;0.550147;0.079309
813;0.552484;0.544252;0.161980
814;0.585294;0.559197;0.225775
815;0.603508;0.655533;0.247430
816;0.745729;0.622406;0.184627
817;0.744762;0.654834;0.130027
818;0.883433;0.846650;0.297321
819;0.903089;0.677933;0.205907
820;0.402119;0.601126;-0.031955
821;0.142099;0.528119;0.092470
822;-0.070123;0.479665;0.179021
823;-0.258281;0.385827;0.058192
824;-0.337902;0.225792;-0.084559
825;-0.468625;0.096262;-0.073660
826;-0.631852;-0.011382;-0.023648
827;-0.683758;-0.127393;-0.059268
828;-0.673844;-0.178564;-0.168345
829;-0.741281;-0.195203;-0.260866
830;-0.841321;-0.207273;-0.223181
831;-0.924434;-0.257393;-0.198638
832;-1.019128;-0.123459;-0.204217
833;-0.869796;-0.008750;-0.196889
834;-0.823343;-0.093813;-0.157603
835;-0.739315;0.151315;-0.138991
836;-0.586610;0.428052;-0.117790
837;-0.449691;0.531563;-0.081345
838;-0.168148;0.587350;-0.134058
839;0.201248;0.631327;-0.059542
840;0.505179;0.579383;0.129689
841;0.814439;0.519662;0.328028
842;0.894983;0.362768;0.442580
843;0.646508;0.341523;0.346210
844;0.629956;0.411732;0.386275
845;0.715771;0.508367;0.403795
846;0.637269;0.543488;0.255476
847;0.551564;0.729768;0.304891
848;0.649778;0.660806;0.274088
849;0.303849;0.536027;-0.017264
850;0.057806;0.498120;0.015863
851;-0.088594;0.390465;0.133385
852;-0.197857;0.224455;0.135170
853;-0.229264;0.128290;0.037700
854;-0.283294;0.052395;-0.044086
855;-0.412305;-0.045979;-0.030456
856;-0.567474;-0.066666;-0.053718
857;-0.686875;-0.106031;-0.177358
858;-0.803149;-0.153086;-0.274739
859;-0.882131;-0.152500;-0.361647
860;-1.026485;-0.237934;-0.358969
861;-1.087259;-0.088589;-0.238392
862;-0.907278;-0.124897;-0.155053
863;-0.839653;-0.162325;-0.153725
864;-0.652887;0.175866;-0.177369
865;-0.395247;0.333557;-0.112526
866;-0.327595;0.509566;-0.078278
867;0.004297;0.560928;-0.178326
868;0.327105;0.617025;-0.073526
869;0.588023;0.614256;0.108086
870;0.748107;0.380111;0.050067
871;0.626934;0.447951;0.043819
872;0.658567;0.479004;0.108118
873;0.672335;0.564690;0.158179
874;0.660098;0.535725;0.064707
875;0.674440;0.701924;0.125781
876;0.921033;0.603034;0.082809
877;0.535818;0.456205;-0.191464
878;0.231229;0.451207;0.036306
879;0.072661;0.410057;0.215981
880;-0.046028;0.329441;0.139086
881;-0.151505;0.207439;-0.009479
882;-0.311897;0.115922;-0.063231
883;-0.513634;0.001941;-0.033830
884;-0.681309;-0.112841;-0.011156
885;-0.754556;-0.169217;-0.082506
886;-0.809413;-0.168094;-0.256613
887;-0.903814;-0.165552;-0.259550
888;-0.945002;-0.228956;-0.264830
889;-0.950322;-0.109902;-0.271299
890;-0.830710;-0.079952;-0.204497
891;-0.754352;-0.058347;-0.106786
892;-0.608514;0.215991;-0.136183
893;-0.435031;0.333205;-0.062212
894;-0.284279;0.434781;-0.177444
895;-0.151033;0.442124;-0.305520
896;-0.020229;0.505434;-0.122162
897;0.265264;0.461184;0.000929
898;0.466016;0.459295;0.106034
899;0.651662;0.504424;0.256066
900;0.662480;0.579009;0.293936
901;0.719119;0.612963;0.139857
902;0.766741;0.584358;0.041407
903;0.868540;0.819726;0.168374
904;1.079614;0.847154;0.243823
905;0.681668;0.581268;-0.025630
906;0.277992;0.507434;0.126326
907;0.056376;0.488342;0.351133
908;-0.089642;0.475480;0.194057
909;-0.220565;0.410826;-0.035716
910;-0.328246;0.270680;-0.081983
911;-0.524615;0.162123;-0.092200
912;-0.709765;0.026508;-0.122809
913;-0.767890;-0.113523;-0.169145
914;-0.796471;-0.213872;-0.278723
915;-0.902944;-0.245483;-0.286320
916;-1.004421;-0.271007;-0.232313
917;-1.135301;-0.140302;-0.215471
918;-1.017814;0.085175;-0.234528
919;-0.806451;-0.035432;-0.265856
920;-0.769598;0.043912;-0.251456
921;-0.555487;0.280454;-0.149586
922;-0.292954;0.433877;-0.078727
923;-0.068451;0.483113;-0.160298
924;0.126463;0.536884;-0.203791
925;0.321782;0.503107;-0.059171
926;0.439880;0.532975;0.078618
927;0.513388;0.462682;0.049883
928;0.527344;0.481363;-0.026102
929;0.632161;0.599980;0.029785
930;0.776332;0.641771;0.057970
931;0.820081;0.623474;0.076652
932;0.848091;0.818546;0.321548
933;1.016860;0.799224;0.419417
934;0.479287;0.757228;-0.021301
935;0.040604;0.665767;-0.022427
936;-0.164466;0.551064;0.153710
937;-0.223376;0.379596;0.053146
938;-0.351299;0.173826;-0.065525
939;-0.473932;0.063059;-0.066658
940;-0.558299;0.028589;-0.034472
941;-0.704709;-0.045644;-0.057136
942;-0.838716;-0.171654;-0.206034
943;-1.002147;-0.282662;-0.279464
944;-1.128464;-0.341372;-0.252142
945;-1.185519;-0.357112;-0.186499
946;-1.179079;-0.043159;-0.154315
947;-0.890789;0.010368;-0.155289
948;-0.794626;0.030847;-0.238431
949;-0.642590;0.429317;-0.217071
950;-0.319286;0.598761;-0.066674
951;-0.074331;0.659297;-0.040666
952;0.122715;0.573684;-0.131789
953;0.248588;0.583314;-0.085695
954;0.603778;0.590494;-0.052685
955;0.809573;0.517822;0.016880
956;0.777129;0.429343;0.111997
957;0.781355;0.554626;0.302939
958;0.754182;0.640280;0.328972
959;0.682888;0.611587;0.075426
960;0.695361;0.900238;0.111275
961;0.879197;0.852364;0.123594
962;0.364878;0.605093;-0.167164
963;-0.094378;0.467764;-0.036363
964;-0.269789;0.398028;0.275951
965;-0.375369;0.249635;0.335240
966;-0.384270;0.082217;0.057376
967;-0.360007;0.001060;-0.124118
968;-0.373584;-0.020926;-0.121898
969;-0.462146;-0.058615;-0.076111
970;-0.570273;-0.199609;-0.084095
971;-0.699093;-0.279913;-0.149276
972;-0.812129;-0.268705;-0.135925
973;-0.890412;-0.252634;-0.078454
974;-0.999341;-0.014234;-0.087330
975;-0.850659;-0.061077;-0.142605
976;-0.864286;-0.189293;-0.095214
977;-0.755704;0.119613;-0.121737
978;-0.501651;0.407317;-0.057262
979;-0.280814;0.467607;-0.080419
980;-0.068352;0.467988;-0.156883
981;0.116906;0.498564;-0.175151
982;0.381571;0.486799;-0.099156
983;0.567147;0.526729;0.000749
984;0.706794;0.467916;0.037196
985;0.738720;0.553393;0.091676
986;0.789473;0.641650;0.180644
987;0.795249;0.601930;0.138167
988;0.742386;0.789092;0.205972
989;0.817401;0.806048;0.267479
990;0.504760;0.597708;0.079099
991;0.093979;0.480530;0.067393
992;-0.041025;0.428487;0.209045
993;-0.088625;0.401565;0.111493
994;-0.182915;0.249076;-0.086827
995;-0.312505;0.094366;-0.136728
996;-0.415279;0.025773;-0.094257
997;-0.512919;-0.042530;-0.114245
998;-0.625700;-0.147324;-0.161322
999;-0.743313;-0.145348;-0.223433
1000;-0.938343;-0.144339;-0.189162
1001;-1.080201;-0.255675;-0.104153
1002;-1.165790;-0.260373;-0.236697
1003;-1.005870;0.014851;-0.254226
1004;-0.709907;0.004211;-0.091104
1005;-0.777359;0.085282;-0.066177
1006;-0.696599;0.314846;-0.058424
1007;-0.517772;0.446322;-0.021475
1008;-0.287731;0.592449;-0.095706
1009;0.032171;0.601183;-0.218781
1010;0.379086;0.525836;-0.248790
1011;0.641941;0.486547;-0.132783
1012;0.837280;0.553741;0.034844
1013;0.751747;0.534151;0.167741
1014;0.560402;0.571143;0.200050
1015;0.652842;0.659395;0.097829
1016;0.758004;0.754308;-0.056796
1017;0.839684;0.933711;-0.005367
1018;0.927242;0.815675;-0.004782
1019;0.434724;0.589308;-0.072254
1020;0.041750;0.460987;0.266547
1021;-0.062283;0.353408;0.565069
1022;-0.168098;0.322035;0.274412
1023;-0.272284;0.318366;-0.088800
1024;-0.318463;0.246985;-0.232277
1025;-0.468451;0.127441;-0.202069
1026;-0.726402;-0.013417;-0.103510
1027;-0.896126;-0.206209;-0.003070
1028;-1.000380;-0.247987;0.006755
1029;-1.086951;-0.271115;-0.029294
1030;-1.100329;-0.320460;-0.119795
1031;-1.182714;-0.064960;-0.157138
1032;-1.014286;0.131462;-0.171009
1033;-0.880703;-0.052005;-0.139163
1034;-0.842136;0.086177;-0.101991
1035;-0.601601;0.446815;-0.082355
1036;-0.378924;0.604604;-0.091706
1037;-0.001811;0.785650;-0.151807
1038;0.329436;0.802382;-0.156297
1039;0.601048;0.663325;-0.116176
1040;0.830166;0.558125;0.057792
1041;1.022497;0.570763;0.310390
1042;0.897051;0.592133;0.307105
1043;0.659516;0.659203;0.244017
1044;0.568228;0.637035;0.255616
1045;0.410681;0.662867;0.265830
1046;0.402442;0.787189;0.360854
1047;0.472955;0.576147;0.043414
1048;0.084420;0.439976;-0.157132
1049;-0.044685;0.370758;0.035207
1050;-0.082913;0.325370;0.171315
1051;-0.168317;0.148230;0.106537
1052;-0.302122;-0.031891;-0.035975
1053;-0.390360;-0.106341;-0.090320
1054;-0.459533;-0.101332;-0.067658
1055;-0.519932;-0.142099;-0.106044
1056;-0.669264;-0.198841;-0.197539
1057;-0.867631;-0.222766;-0.229081
1058;-1.034243;-0.224240;-0.157711
1059;-1.173033;-0.137595;-0.125576
1060;-1.016410;-0.027953;-0.212801
1061;-0.793036;-0.108255;-0.201819
1062;-0.730775;0.066660;-0.138766
1063;-0.486171;0.341150;-0.095250
1064;-0.266587;0.436774;-0.079613
1065;-0.137189;0.473901;-0.070603
1066;0.045779;0.534051;-0.057407
1067;0.223335;0.427599;-0.065036
1068;0.441956;0.504780;-0.030623
1069;0.704306;0.491094;0.129165
1070;0.750535;0.428802;0.113527
1071;0.713559;0.592617;0.177346
1072;0.741117;0.633807;0.144806
1073;0.666200;0.561951;0.074509
1074;0.653808;0.739716;0.230022
1075;0.755165;0.678973;0.116502
1076;0.394882;0.476479;-0.104928
1077;0.071378;0.413248;0.097222
1078;-0.066024;0.392879;0.226401
1079;-0.156325;0.299177;0.115865
1080;-0.234390;0.174183;-0.045561
1081;-0.295302;0.058002;-0.044419
1082;-0.401571;-0.025571;0.005805
1083;-0.540911;-0.112109;0.006274
1084;-0.627205;-0.218265;-0.037640
1085;-0.715830;-0.224063;-0.083274
1086;-0.820981;-0.185656;-0.078938
1087;-0.913690;-0.224083;-0.063358
1088;-1.077000;-0.075701;-0.109595
1089;-0.972751;-0.017232;-0.127684
1090;-0.891581;-0.224705;-0.094946
1091;-0.824436;0.023633;-0.157663
1092;-0.570960;0.369812;-0.071571
1093;-0.318123;0.491431;-0.023691
1094;-0.159281;0.579105;-0.077926
1095;0.033064;0.548691;-0.165133
1096;0.223664;0.628476;-0.135054
1097;0.530879;0.636731;0.010666
1098;0.698665;0.499368;0.021047
1099;0.820917;0.498811;0.013901
1100;0.967035;0.598278;0.201629
1101;0.870138;0.600882;0.252744
1102;0.598834;0.649266;0.131203
1103;0.503540;0.753679;0.308767
1104;0.611879;0.569470;0.365654
1105;0.121838;0.356790;0.149423
1106;-0.028999;0.346677;0.287398
1107;-0.020987;0.364278;0.272071
1108;-0.053854;0.274838;0.006297
1109;-0.083283;0.182003;-0.165760
1110;-0.207575;0.116554;-0.228290
1111;-0.342581;0.059361;-0.264654
1112;-0.486816;-0.007151;-0.318912
1113;-0.598440;-0.086155;-0.383709
1114;-0.773663;-0.067877;-0.448829
1115;-0.956358;-0.189662;-0.390313
1116;-0.916585;-0.236672;-0.306288
1117;-0.833705;0.018872;-0.266742
1118;-0.643545;0.018445;-0.184276
1119;-0.779998;-0.217242;-0.061286
1120;-0.791917;-0.073679;-0.071399
1121;-0.562259;0.247534;-0.048998
1122;-0.358124;0.343318;-0.026022
1123;-0.173615;0.426180;-0.119691
1124;0.039016;0.432553;-0.147474
1125;0.261885;0.521813;-0.043774
1126;0.479551;0.506482;0.033377
1127;0.549810;0.427974;0.016472
1128;0.638612;0.516430;0.132358
1129;0.743442;0.654886;0.230819
1130;0.778583;0.635081;0.096247
1131;0.728635;0.800026;0.041183
1132;0.850860;0.803105;0.184379
1133;0.574246;0.530042;-0.008462
1134;0.165412;0.378204;0.064002
1135;0.095936;0.354334;0.228169
1136;0.044921;0.324994;0.163146
1137;-0.034584;0.207933;-0.064271
1138;-0.128431;0.104816;-0.164596
1139;-0.253534;0.041990;-0.122236
1140;-0.409878;0.009453;-0.058213
1141;-0.544345;-0.069322;-0.085358
1142;-0.692459;-0.124444;-0.168993
1143;-0.855001;-0.100851;-0.158070
1144;-0.969882;-0.151156;-0.116029
1145;-1.099075;-0.181315;-0.104175
1146;-1.011312;0.014876;-0.143354
1147;-0.824463;-0.157184;-0.121906
1148;-0.826568;-0.126484;-0.188432
1149;-0.611587;0.213985;-0.152215
1150;-0.385758;0.395623;-0.078079
1151;-0.200353;0.437176;-0.104111
1152;0.003501;0.485416;-0.148571
1153;0.222518;0.509935;-0.052459
1154;0.543200;0.422294;0.034711
1155;0.709809;0.412869;0.100778
1156;0.745461;0.476324;0.123649
1157;0.645336;0.465775;0.011282
1158;0.622864;0.522712;0.047745
1159;0.714897;0.596762;0.156447
1160;0.731615;0.733960;0.209724
1161;0.802977;0.715649;0.242784
1162;0.452304;0.435677;0.007159
1163;0.093091;0.291951;0.159779
1164;-0.041191;0.295208;0.346890
1165;-0.153606;0.308810;0.136188
1166;-0.237079;0.186542;-0.178521
1167;-0.265481;0.034453;-0.224199
1168;-0.300007;-0.039869;-0.157816
1169;-0.386248;-0.077209;-0.138150
1170;-0.480957;-0.173522;-0.152975
1171;-0.563443;-0.188444;-0.202992
1172;-0.675432;-0.152826;-0.230282
1173;-0.760916;-0.174107;-0.213831
1174;-0.923373;-0.076249;-0.224738
1175;-0.980869;-0.014833;-0.162021
1176;-0.979432;-0.136262;-0.039517
1177;-0.918388;0.065861;-0.006744
1178;-0.608792;0.318061;-0.074829
1179;-0.345396;0.429252;-0.165135
1180;-0.122349;0.436978;-0.188461
1181;0.144456;0.427990;-0.142602
1182;0.363865;0.433074;-0.032830
1183;0.628728;0.499492;0.127222
1184;0.855799;0.438609;0.283757
1185;0.691618;0.400415;0.184870
1186;0.667560;0.602678;0.075515
1187;0.821817;0.678439;-0.047742
1188;0.749579;0.645755;-0.177846
1189;0.691832;0.870034;0.139415
1190;0.874873;0.805289;0.516514
1191;0.318910;0.599352;0.094735
1192;-0.091063;0.566353;0.029179
1193;-0.272952;0.459826;0.161371
1194;-0.361101;0.266039;0.144320
1195;-0.466376;0.044917;0.013686
1196;-0.562552;-0.083013;0.052964
1197;-0.627604;-0.148497;0.071974
1198;-0.678366;-0.181895;-0.029386
1199;-0.743770;-0.247647;-0.210112
1200;-0.863046;-0.242708;-0.284948
1201;-0.970786;-0.193206;-0.214078
1202;-1.035851;-0.191628;-0.146552
1203;-1.099723;0.052857;-0.183036
1204;-0.887348;0.113390;-0.177513
1205;-0.855681;0.005171;-0.114623
1206;-0.743330;0.254251;-0.104370
1207;-0.430512;0.575736;-0.069791
1208;-0.102430;0.664598;-0.087184
1209;0.113740;0.689913;-0.204980
1210;0.382786;0.668544;-0.258495
1211;0.600223;0.655523;-0.079918
1212;0.871036;0.556093;-0.000525
1213;0.840281;0.419055;-0.006236
1214;0.740426;0.486721;0.093579
1215;0.702219;0.537577;0.236773
1216;0.727137;0.598377;0.206196
1217;0.587663;0.800710;0.131669
1218;0.607028;0.916317;0.231259
1219;0.520464;0.621542;0.059804
1220;0.076355;0.449454;-0.105189
1221;-0.099307;0.370618;0.093140
1222;-0.161888;0.337682;0.192817
1223;-0.227027;0.197504;0.048226
1224;-0.249832;0.077662;-0.083122
1225;-0.330879;0.019102;-0.080637
1226;-0.475085;-0.051140;-0.080368
1227;-0.612093;-0.148976;-0.130790
1228;-0.741582;-0.199788;-0.186478
1229;-0.879419;-0.206661;-0.211516
1230;-1.004781;-0.238998;-0.148276
1231;-1.095401;-0.241584;-0.134079
1232;-1.046280;-0.029459;-0.133566
1233;-0.847983;-0.041639;-0.068943
1234;-0.790341;-0.081582;-0.056909
1235;-0.604959;0.222334;-0.114835
1236;-0.310542;0.400578;-0.060165
1237;-0.131394;0.468240;-0.032482
1238;-0.001473;0.502714;-0.092087
1239;0.189943;0.483677;-0.166887
1240;0.383476;0.529575;-0.082433
1241;0.654159;0.472952;0.010365
1242;0.632975;0.418457;0.010660
1243;0.654079;0.531060;0.087597
1244;0.777369;0.645050;0.173809
1245;0.766095;0.623785;0.152429
1246;0.664178;0.815926;0.172950
1247;0.829215;0.920505;0.238328
1248;0.489365;0.600592;-0.031709
1249;0.008312;0.419059;0.004905
1250;-0.063959;0.323894;0.398570
1251;-0.097675;0.275050;0.285753
1252;-0.174340;0.177261;-0.062954
1253;-0.229040;0.056937;-0.125296
1254;-0.326842;0.022897;-0.060426
1255;-0.489073;-0.047948;-0.077766
1256;-0.653490;-0.159622;-0.124634
1257;-0.756949;-0.181701;-0.220132
1258;-0.953059;-0.140220;-0.201203
1259;-1.058815;-0.210873;-0.064877
1260;-1.144413;-0.179737;-0.046676
1261;-1.080626;-0.020789;-0.116220
1262;-0.851710;0.016222;-0.049583
1263;-0.732630;-0.042160;0.009526
1264;-0.584272;0.160268;-0.060413
1265;-0.329565;0.425679;-0.035737
1266;-0.077999;0.543564;-0.073860
1267;0.115476;0.525489;-0.159775
1268;0.286614;0.528959;-0.145490
1269;0.558030;0.455928;-0.045958
1270;0.726278;0.482602;0.072329
1271;0.654125;0.450937;0.110780
1272;0.627157;0.542492;0.085515
1273;0.781677;0.674277;0.109032
1274;0.807583;0.674261;0.049374
1275;0.655354;0.840213;0.072390
1276;0.611677;0.963971;0.250848
1277;0.441901;0.585899;0.013588
1278;-0.011994;0.332320;-0.113687
1279;-0.183465;0.260485;0.159517
1280;-0.250670;0.169211;0.395226
1281;-0.324774;0.128929;0.267154
1282;-0.306343;0.119295;-0.026130
1283;-0.330689;0.049271;-0.159346
1284;-0.472196;-0.042540;-0.209098
1285;-0.622709;-0.130455;-0.176262
1286;-0.713774;-0.225957;-0.146020
1287;-0.838950;-0.225101;-0.127856
1288;-1.012952;-0.253225;-0.013412
1289;-1.148323;-0.207764;0.086029
1290;-1.089976;0.062393;0.061930
1291;-0.775351;0.060857;-0.078979
1292;-0.720618;-0.059353;-0.163764
1293;-0.621845;0.266852;-0.128307
1294;-0.271721;0.557882;-0.023404
1295;-0.002137;0.559029;-0.060126
1296;0.150764;0.532800;-0.196155
1297;0.309489;0.439806;-0.262286
1298;0.491683;0.432186;-0.287612
1299;0.649921;0.512115;-0.070160
1300;0.722772;0.393948;0.036117
1301;0.665182;0.429377;0.062943
1302;0.722228;0.558242;0.159839
1303;0.782067;0.562079;0.107454
1304;0.575813;0.699186;0.094875
1305;0.576220;0.855964;0.348633
1306;0.542917;0.562206;0.059844
1307;0.153860;0.411911;-0.237218
1308;-0.018281;0.370112;0.068841
1309;-0.102539;0.347330;0.283217
1310;-0.247101;0.245234;0.115593
1311;-0.384810;0.103075;-0.035454
1312;-0.509807;-0.008009;-0.012063
1313;-0.632822;-0.119928;-0.024722
1314;-0.688802;-0.190722;-0.086820
1315;-0.718377;-0.206313;-0.173652
1316;-0.839852;-0.203091;-0.193976
1317;-0.980780;-0.254849;-0.155151
1318;-1.135428;-0.096800;-0.087291
1319;-1.037286;0.109454;-0.059643
1320;-0.839189;-0.129741;0.004608
1321;-0.880576;0.032431;-0.073273
1322;-0.538706;0.474624;-0.033160
1323;-0.216166;0.603764;-0.021020
1324;-0.008722;0.610026;-0.172639
1325;0.231247;0.552180;-0.240729
1326;0.390564;0.511479;-0.173985
1327;0.661033;0.524513;-0.072434
1328;0.776464;0.407479;-0.021655
1329;0.695475;0.376810;0.142657
1330;0.646816;0.409294;0.366079
1331;0.696782;0.470201;0.395451
1332;0.608398;0.597232;0.175933
1333;0.599698;0.679188;0.190517
1334;0.590302;0.500869;0.147006
1335;0.054358;0.293510;0.039666
1336;-0.343999;0.188785;0.206691
1337;-0.310564;0.159187;0.186982
1338;-0.142834;0.198181;-0.124914
1339;-0.057681;0.086012;-0.249962
1340;0.012492;-0.018117;-0.150649
1341;0.015835;-0.106288;-0.209955
1342;-0.040388;-0.200603;-0.302122
1343;-0.380867;-0.329209;-0.170150
1344;-0.430315;-0.255308;-0.040393
1345;-0.579263;-0.173085;-0.112175
1346;-0.634294;-0.215551;-0.099409
1347;-0.685298;-0.110621;-0.071131
1348;-0.529931;0.071003;0.001877
1349;-0.367626;0.176044;-0.027421
1350;-0.407983;-0.014505;0.000603
1351;-0.539343;-0.023676;-0.048754
1352;-0.221102;0.131061;0.018071
1353;0.101773;0.175036;-0.085345
1354;0.010298;0.150145;-0.147573
1355;0.254465;0.008835;-0.185708
1356;0.456613;-0.153831;-0.189270
1357;0.487092;-0.205085;-0.166543
1358;0.376473;-0.039122;-0.050547
1359;0.274362;0.195862;0.084099
1360;0.207442;0.305051;0.048947
1361;0.281604;0.311695;-0.011512
1362;0.237141;0.439159;0.151117
1363;0.400449;0.405443;0.263701
1364;0.385655;0.587430;0.224021
1365;0.320082;0.322742;0.022781
1366;0.169445;0.130427;-0.136834
1367;0.198923;0.031061;-0.215704
1368;0.211987;-0.029332;-0.131614
1369;0.238664;-0.080427;0.042959
1370;0.088472;-0.201191;0.104898
1371;-0.042253;-0.187259;-0.019048
1372;-0.233577;-0.197794;-0.078897
1373;-0.542493;-0.135748;0.167236
1374;-0.500091;-0.054964;0.194485
1375;-0.582917;0.228515;-0.014374
1376;-0.567200;0.025383;-0.268402
1377;-0.880050;-0.382590;-0.327007
1378;-0.869182;-0.320514;-0.291873
1379;-0.564689;-0.006569;-0.113593
1380;-0.324479;0.011055;0.034893
1381;-0.139004;-0.009994;-0.161440
1382;-0.002259;0.068062;-0.217364
1383;0.117820;0.192255;-0.094448
1384;0.273281;0.317922;0.017228
1385;0.409428;0.380622;0.053801
1386;0.495551;0.444370;0.078802
1387;0.633697;0.556365;0.068819
1388;0.647841;0.647635;0.023151
1389;0.778932;0.821532;0.255230
1390;0.802087;0.697891;0.146838
1391;0.438134;0.454326;-0.116204
1392;0.246261;0.424226;0.203442
1393;0.156220;0.419646;0.475430
1394;-0.010535;0.318296;0.334410
1395;-0.200905;0.199265;0.037410
1396;-0.308152;0.088046;-0.091471
1397;-0.385960;0.031296;-0.055173
1398;-0.509861;-0.060006;-0.039354
1399;-0.639837;-0.160791;-0.098641
1400;-0.757424;-0.173108;-0.226509
1401;-0.828956;-0.156361;-0.336035
1402;-0.853705;-0.264185;-0.247175
1403;-0.789821;-0.130670;-0.140856
1404;-0.703254;-0.004057;-0.119675
1405;-0.822143;-0.259667;-0.072316
1406;-0.880305;-0.232682;-0.012506
1407;-0.664231;0.124918;-0.063286
1408;-0.544136;0.248110;-0.043279
1409;-0.448785;0.302412;0.021598
1410;-0.185687;0.351623;0.075610
1411;0.073644;0.518155;0.091988
1412;0.278052;0.529991;0.037904
1413;0.497476;0.558600;0.040819
1414;0.649726;0.640113;0.068107
1415;0.679724;0.714337;0.074577
1416;0.777283;0.728999;0.103020
1417;0.692452;0.781776;0.076811
1418;0.791330;0.839525;0.164168
1419;0.862837;0.643658;0.025500
1420;0.509131;0.486543;-0.099395
1421;0.325350;0.492258;0.261855
1422;0.121807;0.527769;0.484107
1423;-0.026245;0.477409;0.291843
1424;-0.178795;0.334754;0.068078
1425;-0.406174;0.207625;0.047219
1426;-0.531832;0.122027;0.079487
1427;-0.640126;0.021927;-0.006632
1428;-0.743109;-0.088769;-0.094112
1429;-0.807281;-0.142834;-0.166646
1430;-0.918027;-0.136217;-0.218685
1431;-0.983249;-0.218859;-0.309463
1432;-1.093520;-0.148515;-0.417900
1433;-1.022207;-0.071799;-0.511508
1434;-0.992802;-0.165147;-0.420401
1435;-0.912854;0.059195;-0.268853
1436;-0.711429;0.305394;-0.194808
1437;-0.571779;0.588005;-0.111512
1438;-0.305095;0.647556;-0.106201
1439;0.048680;0.717701;-0.017531
1440;0.414678;0.682175;0.126823
1441;0.608924;0.545465;0.161279
1442;0.682267;0.469287;0.170327
1443;0.720586;0.514585;0.207404
1444;0.736542;0.682718;0.216623
1445;0.814523;0.746148;0.206122
1446;0.645875;0.715699;0.087837
1447;0.770707;0.792301;0.177192
1448;0.756753;0.620503;0.028257
1449;0.290422;0.588673;-0.063037
1450;0.108065;0.506631;0.255966
1451;-0.057014;0.400095;0.304616
1452;-0.170148;0.283646;0.082680
1453;-0.260007;0.141105;-0.053771
1454;-0.381859;0.061251;-0.046054
1455;-0.490281;-0.005556;-0.059530
1456;-0.594467;-0.062286;-0.100351
1457;-0.633227;-0.137561;-0.164024
1458;-0.763443;-0.131169;-0.231716
1459;-0.961150;-0.173312;-0.218812
1460;-1.124174;-0.195993;-0.140448
1461;-1.093047;-0.024125;-0.182010
1462;-0.931369;-0.094760;-0.218527
1463;-0.916375;-0.157709;-0.226523
1464;-0.739062;0.136295;-0.194201
1465;-0.490622;0.428028;-0.094497
1466;-0.201623;0.554841;-0.003061
1467;-0.000710;0.581964;-0.072357
1468;0.177278;0.588446;-0.079880
1469;0.410605;0.619151;0.008095
1470;0.643630;0.603178;0.147001
1471;0.782078;0.518507;0.152567
1472;0.820330;0.583356;0.224487
1473;0.796405;0.678274;0.328348
1474;0.692075;0.602773;0.286061
1475;0.619540;0.721722;0.328534
1476;0.741218;0.664358;0.222949
1477;0.456958;0.510538;-0.005033
1478;0.009935;0.449224;0.064734
1479;-0.166688;0.358266;0.261714
1480;-0.246371;0.209300;0.191256
1481;-0.258813;0.089914;-0.037678
1482;-0.251126;0.017528;-0.145126
1483;-0.318222;-0.031172;-0.068357
1484;-0.457335;-0.103031;-0.052673
1485;-0.567567;-0.157141;-0.085726
1486;-0.707803;-0.209047;-0.149576
1487;-0.893900;-0.259516;-0.162489
1488;-0.988671;-0.346231;-0.156942
1489;-1.002226;-0.115695;-0.148951
1490;-0.801993;0.018121;-0.171844
1491;-0.753362;-0.110530;-0.182590
1492;-0.692695;0.109607;-0.244651
1493;-0.399780;0.406779;-0.152174
1494;-0.097216;0.450082;-0.020516
1495;0.014188;0.421249;0.022085
1496;0.122486;0.363072;-0.024586
1497;0.321991;0.347203;0.002516
1498;0.506504;0.392495;0.096146
1499;0.592903;0.341120;0.156818
1500;0.610650;0.421890;0.247174
1501;0.650513;0.575814;0.318798
1502;0.727392;0.579180;0.276922
1503;0.574319;0.763696;0.230434
1504;0.723675;0.799613;0.257269
1505;0.496796;0.582938;0.011851
1506;0.192774;0.539322;0.108700
1507;0.058801;0.469494;0.364907
1508;-0.134331;0.372177;0.295743
1509;-0.261366;0.172799;0.007591
1510;-0.389054;-0.000065;-0.128154
1511;-0.428957;-0.112647;-0.095283
1512;-0.480697;-0.126706;-0.108812
1513;-0.515935;-0.205558;-0.180980
1514;-0.648305;-0.290948;-0.249062
1515;-0.776581;-0.263771;-0.267193
1516;-0.868626;-0.251965;-0.239930
1517;-1.029904;-0.153243;-0.274706
1518;-1.021547;0.142314;-0.329193
1519;-0.847690;-0.058864;-0.252009
1520;-0.887956;-0.059406;-0.197657
1521;-0.584952;0.340312;-0.116394
1522;-0.224905;0.583354;-0.045497
1523;0.045732;0.605907;-0.064520
1524;0.275586;0.515816;-0.089776
1525;0.424336;0.410200;-0.017192
1526;0.626244;0.394793;0.192309
1527;0.685882;0.364202;0.371261
1528;0.553206;0.352783;0.329174
1529;0.623052;0.459146;0.335850
1530;0.668869;0.595892;0.276450
1531;0.648611;0.524652;0.117252
1532;0.550410;0.750111;0.171769
1533;0.633395;0.650959;0.258228
1534;0.231560;0.331695;-0.090863
1535;-0.106707;0.233477;-0.043113
1536;-0.133371;0.200280;0.175977
1537;-0.179109;0.157499;0.152546
1538;-0.182593;0.070245;-0.094568
1539;-0.141000;0.003359;-0.200430
1540;-0.240902;-0.079793;-0.149520
1541;-0.378106;-0.151251;-0.102459
1542;-0.454125;-0.213321;-0.113866
1543;-0.603123;-0.264269;-0.095661
1544;-0.781098;-0.265510;-0.042268
1545;-0.930849;-0.303418;0.021479
1546;-0.974129;-0.224997;-0.031215
1547;-0.817117;0.126426;-0.145840
1548;-0.584456;-0.011140;-0.161818
1549;-0.668169;-0.006847;-0.149177
1550;-0.433307;0.264591;-0.086444
1551;-0.168001;0.451885;0.069851
1552;0.023474;0.444231;0.030515
1553;0.143518;0.412459;-0.100912
1554;0.336226;0.398576;-0.068722
1555;0.600197;0.394422;0.096385
1556;0.780192;0.364337;0.211329
1557;0.734048;0.385865;0.260965
1558;0.652650;0.481933;0.286870
1559;0.678449;0.574808;0.255212
1560;0.500461;0.648794;0.117366
1561;0.474377;0.697395;0.207306
1562;0.492750;0.548226;0.070855
1563;0.064124;0.332936;-0.165106
1564;-0.212468;0.170677;-0.004511
1565;-0.258404;0.076417;0.244930
1566;-0.233091;0.020252;0.247497
1567;-0.229887;-0.082653;-0.066782
1568;-0.264490;-0.176203;-0.156422
1569;-0.321060;-0.203605;-0.112482
1570;-0.416298;-0.227865;-0.092508
1571;-0.491340;-0.270934;-0.113301
1572;-0.563263;-0.256080;-0.162818
1573;-0.648215;-0.199184;-0.107038
1574;-0.736410;-0.171967;-0.038249
1575;-0.735970;0.009395;-0.036630
1576;-0.565729;0.044204;-0.082399
1577;-0.591102;-0.100786;-0.066596
1578;-0.568629;0.080512;-0.024426
1579;-0.254267;0.332241;-0.002317
1580;-0.027325;0.342700;-0.067976
1581;0.074026;0.332275;-0.129912
1582;0.245885;0.266354;-0.128837
1583;0.437867;0.270545;-0.038735
1584;0.571663;0.318188;0.106296
1585;0.609389;0.234101;0.127719
1586;0.561587;0.304585;0.154466
1587;0.635049;0.438854;0.223006
1588;0.640638;0.525379;0.156754
1589;0.488406;0.605228;0.110557
1590;0.435045;0.673975;0.179757
1591;0.267689;0.463433;0.071543
1592;-0.071596;0.180297;0.054197
1593;-0.145458;0.058910;0.200619
1594;-0.034794;0.081759;0.208040
1595;0.039584;0.113179;0.025183
1596;0.003597;0.037348;-0.129004
1597;-0.063037;-0.015347;-0.176496
1598;-0.130042;-0.040296;-0.180834
1599;-0.209791;-0.119113;-0.174274
1600;-0.263708;-0.140885;-0.175802
1601;-0.323066;-0.105552;-0.199785
1602;-0.556586;-0.108092;-0.156262
1603;-0.821848;-0.219176;-0.058579
1604;-1.037200;-0.200368;0.016647
1605;-1.043715;-0.088835;-0.008002
1606;-0.966094;-0.154400;-0.058544
1607;-0.738383;-0.025268;-0.143069
1608;-0.509430;0.195089;-0.134927
1609;-0.376041;0.320392;-0.062826
1610;-0.230429;0.377303;-0.093763
1611;-0.095858;0.429424;-0.042437
1612;0.226541;0.488829;-0.003855
1613;0.594070;0.460106;0.021543
1614;0.800151;0.432559;0.134223
1615;0.712954;0.367562;0.111221
1616;0.668033;0.409572;0.143825
1617;0.582873;0.544894;0.104036
1618;0.424844;0.525715;-0.003278
1619;0.460693;0.577615;0.111269
1620;0.660000;0.509967;0.093818
1621;0.564942;0.438827;-0.040093
1622;0.368521;0.418150;0.140484
1623;0.159334;0.424591;0.289214
1624;0.011363;0.399685;0.225765
1625;-0.129963;0.250951;0.029347
1626;-0.239194;0.112887;-0.087491
1627;-0.340543;0.024077;-0.028858
1628;-0.389595;-0.020165;0.060207
1629;-0.495332;-0.098735;0.064093
1630;-0.661592;-0.170130;-0.094778
1631;-0.908224;-0.212356;-0.246577
1632;-1.062609;-0.373794;-0.192704
1633;-0.938875;-0.343985;-0.042899
1634;-0.785839;-0.151701;-0.020257
1635;-0.686966;0.028773;-0.042055
1636;-0.606599;-0.004951;-0.048037
1637;-0.488449;-0.090664;-0.128943
1638;-0.320307;-0.026473;-0.175135
1639;-0.229295;0.138239;-0.037906
1640;-0.013429;0.331539;0.073443
1641;0.205651;0.361753;0.052983
1642;0.256290;0.349088;-0.043325
1643;0.311657;0.351479;-0.039254
1644;0.341479;0.356302;0.048752
1645;0.339921;0.289352;-0.068647
1646;0.380090;0.281252;-0.056775
1647;0.402670;0.287110;0.068515
1648;0.352539;0.253603;0.110025
1649;0.323784;0.279894;0.136009
1650;0.340448;0.289316;0.083341
1651;0.354793;0.269582;0.011843
1652;0.337401;0.229342;0.017510
1653;0.245685;0.177041;0.051687
1654;0.146503;0.191270;0.102737
1655;0.122103;0.236131;0.086421
1656;0.161816;0.124207;-0.041896
1657;0.115840;0.111432;-0.019678
1658;-0.001168;0.120949;0.040267
1659;-0.096289;0.125274;0.064051
1660;-0.161549;0.084973;0.059469
1661;-0.213787;-0.058292;0.038556
1662;-0.303746;-0.126703;-0.081206
1663;-0.399392;-0.226785;-0.083372
1664;-0.415031;-0.233449;-0.048519
1665;-0.398404;-0.180367;-0.081443
1666;-0.351009;-0.208552;-0.104080
1667;-0.342441;-0.209447;-0.040896
1668;-0.258299;-0.179449;-0.017275
1669;-0.180411;-0.157512;-0.052826
1670;-0.103629;-0.092142;-0.039352
1671;-0.031280;0.120006;0.009778
1672;0.124397;0.158398;-0.052143
1673;0.177693;0.019702;0.055094
1674;0.083003;-0.015594;0.099647
1675;0.049290;0.073485;0.169892
1676;0.075243;0.088147;0.054212
1677;0.064371;0.070997;0.043126
1678;0.098585;0.071971;0.056893
1679;0.032347;0.065956;0.094820
1680;0.057845;-0.028225;0.155682
1681;0.031490;0.030294;0.058048
1682;-0.006373;-0.002132;0.049106
1683;-0.015456;-0.009651;0.100286
1684;-0.057223;-0.008154;0.039491
1685;-0.059135;-0.006590;0.015893
1686;-0.044503;0.012924;0.011643
1687;-0.046013;0.020581;0.018550
1688;-0.035314;0.002869;0.013306
1689;-0.010460;-0.042267;0.055804
1690;0.044736;0.035156;0.027992
1691;0.072130;-0.018251;0.036208
1692;-0.032716;-0.030115;0.083532
1693;-0.012652;-0.018661;0.046719
1694;0.019593;-0.000276;0.011341
1695;-0.007843;-0.017316;-0.031531
1696;-0.002204;-0.021321;-0.021368
1697;-0.000937;-0.003966;-0.001439
1698;0.027106;-0.006050;0.003649
1699;0.043175;-0.001839;0.022140
1700;0.004821;0.001617;0.004179
1701;-0.009807;-0.014252;0.020817
1702;-0.001155;-0.021128;0.050861
1703;-0.035706;-0.005433;0.003646
1704;0.022497;0.003426;0.029725
1705;0.027070;-0.007096;0.040373
1706;0.008492;-0.007968;0.041287
1707;0.020729;0.006412;0.045965
1708;0.001660;0.003239;0.016371
1709;0.013912;0.005396;0.019032
1710;0.009227;0.000777;0.028232
1711;-0.002976;-0.015420;0.040782
1712;0.006888;-0.013849;0.040537
1713;0.003315;-0.009397;0.007867
1714;0.008918;-0.004124;0.006658
1715;-0.006046;-0.004475;0.020506
1716;0.000305;-0.016957;-0.004870
1717;-0.019678;-0.023430;-0.017368
1718;0.014285;0.021612;0.026361
1719;-0.012870;-0.002598;0.011331
1720;-0.007529;-0.007497;0.015809
1721;0.004522;-0.001084;0.012116
1722;0.006173;-0.007968;-0.000581
1723;-0.006461;-0.005498;0.001486
1724;-0.021728;-0.020223;0.008228
1725;0.036508;-0.003311;0.007914
1726;0.010654;0.001593;0.028462
1727;0.023375;-0.002257;0.015175
1728;0.019824;0.006211;-0.000956
1729;-0.009705;-0.010814;0.019461
1730;-0.028163;-0.007334;0.004693
1731;-0.014778;-0.000128;-0.017389
1732;-0.010539;-0.010062;0.016512
1733;-0.029327;-0.006451;0.008232
1734;-0.040662;-0.016299;0.017936
1735;-0.016186;-0.009421;0.035968
1736;0.015454;-0.030511;0.014186
1737;-0.041860;-0.025336;0.029234
1738;-0.045543;-0.028833;0.037596
1739;-0.055625;-0.042152;0.032757