index;x;y;z
0;0.015827;-0.012439;-0.018770
1;-0.042008;-0.022016;-0.032074
2;-0.072129;0.045979;-0.096633
3;0.057372;0.074535;-0.078483
4;0.040868;0.043557;-0.053283
5;-0.071243;-0.037995;0.013788
6;0.065164;0.019087;-0.021782
7;0.041776;0.086509;-0.031569
8;-0.032114;0.028316;-0.062200
9;-0.069267;-0.045636;-0.012873
10;-0.099650;-0.027422;-0.006468
11;-0.029348;-0.010752;-0.007085
12;-0.047294;-0.015434;0.045347
13;-0.007894;0.000552;-0.004203
14;0.033560;0.027007;0.027346
15;0.015109;-0.020268;0.044168
16;0.010129;-0.038884;0.027093
17;0.049130;-0.025112;0.010910
18;0.046144;-0.022609;0.014734
19;0.008669;-0.018584;-0.049013
20;0.027445;-0.005253;-0.047463
21;0.030120;-0.025791;-0.032440
22;0.055758;-0.014080;-0.040834
23;0.065221;-0.016385;-0.031730
24;0.043201;-0.023824;-0.036125
25;-0.010149;-0.023607;-0.064984
26;-0.027767;-0.013114;-0.061534
27;-0.036394;-0.027533;-0.051657
28;-0.046930;-0.038027;-0.052345
29;-0.057944;-0.027497;-0.018729
30;-0.034341;-0.014643;0.000785
31;-0.044335;0.007740;-0.006195
32;-0.038741;0.032969;-0.016862
33;0.017043;0.044431;-0.003767
34;0.004103;-0.012487;0.056548
35;0.029375;-0.027731;0.070485
36;0.031579;-0.020579;0.039070
37;0.036455;-0.004577;-0.019226
38;0.011874;-0.006643;-0.034709
39;-0.017268;-0.018860;-0.065251
40;0.010795;-0.012505;-0.042152
41;0.019242;-0.012089;-0.027486
42;0.019806;-0.009458;-0.030190
43;0.011003;-0.003592;-0.032201
44;0.007989;-0.011714;-0.016025
45;0.024110;-0.005476;0.010436
46;-0.007927;-0.018135;-0.013991
47;-0.046173;-0.031981;-0.005562
48;-0.061511;-0.028533;-0.015457
49;-0.048558;-0.020326;-0.006329
50;-0.022394;0.003009;-0.007887
51;-0.007318;-0.001311;0.007092
52;-0.007704;-0.014495;0.019624
53;-0.005619;-0.010711;0.015542
54;-0.006613;-0.002654;0.006644
55;0.025708;0.008593;-0.017502
56;0.029385;0.000682;-0.004318
57;0.014764;-0.006538;-0.015001
58;0.022494;0.000352;-0.002785
59;0.004618;-0.018485;-0.022717
60;-0.000862;-0.013917;-0.017412
61;0.012158;-0.011452;-0.017874
62;0.021049;-0.000409;-0.024103
63;0.022248;0.030155;-0.027667
64;-0.000608;0.001995;-0.011733
65;-0.006981;-0.017655;0.016781
66;-0.004613;-0.012520;0.011545
67;0.014567;-0.011285;0.009197
68;0.013903;-0.003482;0.000243
69;0.029991;0.007000;0.007708
70;0.001618;-0.021411;0.008896
71;-0.008509;-0.023928;0.009360
72;-0.021403;-0.028055;0.027314
73;-0.060117;-0.048399;0.002171
74;-0.090586;-0.069387;-0.000604
75;-0.157699;-0.132316;-0.022087
76;-0.193941;-0.172184;-0.040673
77;-0.247615;-0.147265;-0.103443
78;-0.282980;-0.090538;-0.187863
79;-0.269241;-0.049163;-0.217115
80;-0.241529;-0.026478;-0.187137
81;-0.162067;0.018198;-0.128391
82;-0.050885;0.134997;-0.070784
83;0.099765;0.198454;-0.043357
84;0.179216;0.138460;-0.090151
85;0.250766;0.146106;0.036161
86;0.271235;0.156076;0.102043
87;0.272755;0.162192;0.130307
88;0.317994;0.209344;0.182751
89;0.314568;0.262073;0.175344
90;0.360689;0.290766;0.205289
91;0.296191;0.339200;0.282455
92;0.313363;0.431414;0.327571
93;0.244285;0.465075;0.266971
94;0.159410;0.343730;0.075829
95;0.153255;0.207885;-0.039893
96;0.105086;0.151813;-0.008991
97;0.032530;0.112982;-0.056092
98;-0.040993;0.102059;-0.127172
99;-0.079211;0.034568;-0.239893
100;-0.172298;-0.020463;-0.343975
101;-0.258999;-0.088706;-0.412963
102;-0.487376;-0.261086;-0.326887
103;-0.496810;-0.331616;-0.293845
104;-0.586076;-0.468913;-0.290057
105;-0.514681;-0.378348;-0.218662
106;-0.516662;-0.343022;-0.123462
107;-0.454397;-0.229851;-0.132315
108;-0.368129;-0.112936;-0.123298
109;-0.283296;0.028656;-0.047769
110;-0.271868;0.067444;-0.032471
111;-0.293047;0.032744;-0.132762
112;-0.132174;0.080700;-0.216243
113;-0.046697;0.173156;-0.236998
114;0.055023;0.273477;-0.183190
115;0.104324;0.502131;-0.110090
116;0.182789;0.373365;-0.016947
117;0.328506;0.332748;0.026135
118;0.395841;0.320981;0.100272
119;0.406057;0.257233;0.167608
120;0.483585;0.244035;0.080009
121;0.305178;0.179248;0.138729
122;0.080785;0.182928;0.215984
123;0.213538;0.261767;0.058094
124;0.274566;0.230956;0.126991
125;0.269851;0.250204;0.141364
126;0.314522;0.421820;0.156356
127;0.352405;0.456799;0.271482
128;0.197071;0.354083;0.256615
129;0.110185;0.221793;0.078696
130;0.013689;0.171758;-0.088758
131;-0.019917;0.201490;-0.089820
132;0.000834;0.216715;-0.002828
133;-0.053328;0.094804;-0.165589
134;-0.169557;-0.033911;-0.171631
135;-0.267900;-0.176969;-0.104913
136;-0.326405;-0.240699;-0.111828
137;-0.398664;-0.286630;-0.164814
138;-0.428926;-0.347482;-0.241191
139;-0.492762;-0.344573;-0.245865
140;-0.573796;-0.346401;-0.238298
141;-0.631577;-0.278565;-0.234027
142;-0.668707;-0.049774;-0.173949
143;-0.586238;-0.017234;-0.180709
144;-0.484699;-0.173704;-0.181129
145;-0.427037;-0.162788;-0.218582
146;-0.330420;0.107014;-0.156703
147;-0.275408;0.337557;-0.166915
148;-0.147658;0.345929;-0.218590
149;-0.011544;0.383761;-0.223774
150;0.122212;0.490414;-0.101866
151;0.389183;0.469580;-0.005249
152;0.487137;0.431137;0.015282
153;0.566063;0.406074;0.052873
154;0.668796;0.479515;0.087566
155;0.608652;0.522450;0.099021
156;0.546961;0.432355;0.137138
157;0.438691;0.511217;0.209893
158;0.367001;0.626780;0.347949
159;0.292123;0.526927;0.298275
160;0.097232;0.317250;0.097885
161;0.010426;0.255125;0.081665
162;0.087671;0.299409;0.129284
163;-0.042332;0.313080;0.046647
164;-0.202685;0.153419;-0.064546
165;-0.275357;-0.008833;-0.150255
166;-0.315363;-0.067530;-0.177308
167;-0.330762;-0.136882;-0.217100
168;-0.421295;-0.190686;-0.262939
169;-0.491584;-0.253684;-0.308930
170;-0.612305;-0.258721;-0.354158
171;-0.776437;-0.353400;-0.336350
172;-0.904496;-0.355140;-0.334623
173;-0.929743;-0.108037;-0.296801
174;-0.790297;0.027526;-0.184974
175;-0.606464;-0.129108;-0.113202
176;-0.528657;0.088358;-0.124714
177;-0.323239;0.320601;-0.055235
178;-0.143405;0.479428;0.023878
179;0.021471;0.448659;0.036243
180;0.188411;0.409020;-0.080135
181;0.252537;0.533371;-0.034944
182;0.425183;0.463496;0.089531
183;0.705302;0.433221;0.227659
184;0.659407;0.385089;0.272043
185;0.556685;0.356084;0.198871
186;0.603425;0.437060;0.132783
187;0.592888;0.536654;0.108388
188;0.476066;0.687575;0.176175
189;0.481550;0.529033;0.046023
190;0.148490;0.404779;-0.048308
191;0.042180;0.282043;0.108944
192;0.097442;0.298036;0.277719
193;0.111715;0.255685;0.336390
194;0.034871;0.136471;0.122732
195;-0.083113;0.120704;-0.060669
196;-0.219761;0.080727;-0.138979
197;-0.440728;0.096600;-0.112928
198;-0.527601;0.078563;-0.116773
199;-0.951178;-0.080472;-0.204270
200;-1.227801;-0.292169;-0.213093
201;-1.204031;-0.424216;-0.179946
202;-1.142727;-0.215584;-0.274835
203;-1.124373;0.057796;-0.215507
204;-0.960132;0.153372;-0.030605
205;-0.805627;0.355469;-0.092526
206;-0.649724;0.517751;0.007170
207;-0.403997;0.598743;0.055416
208;-0.136794;0.630337;0.028442
209;0.154004;0.762300;0.077346
210;0.578697;0.782553;0.369424
211;0.901673;0.665893;0.441426
212;0.997527;0.524551;0.377050
213;0.879573;0.496435;0.388356
214;1.037958;0.685657;0.590057
215;0.650075;0.329497;0.213494
216;0.468593;0.395938;0.318514
217;0.404975;0.668700;0.381134
218;0.419797;0.603655;0.214783
219;-0.051018;0.477171;-0.002681
220;-0.260497;0.335584;0.051211
221;-0.264711;0.214295;0.052281
222;-0.200745;0.061058;0.055606
223;-0.182651;0.054682;0.044116
224;-0.261394;-0.006799;-0.016071
225;-0.391780;-0.058031;-0.075399
226;-0.512829;-0.116923;-0.133337
227;-0.708465;-0.221898;-0.185054
228;-0.898545;-0.370728;-0.195941
229;-0.932949;-0.399158;-0.200321
230;-0.849272;-0.258246;-0.170983
231;-0.733880;0.036991;-0.171576
232;-0.545789;-0.016066;-0.149870
233;-0.682634;-0.049456;-0.079468
234;-0.684913;0.323653;-0.096108
235;-0.504850;0.523416;-0.039744
236;-0.216622;0.577147;-0.191003
237;0.084609;0.649058;-0.252301
238;0.434167;0.675033;-0.057360
239;0.635650;0.545665;0.061313
240;0.862977;0.449688;0.345483
241;0.918875;0.362483;0.490697
242;0.746054;0.382408;0.348224
243;0.641625;0.475263;0.255281
244;0.565026;0.479518;0.138661
245;0.504208;0.653162;0.185999
246;0.593897;0.570210;0.148322
247;0.225239;0.454082;-0.016898
248;-0.069308;0.363006;0.050700
249;-0.163285;0.285161;0.206824
250;-0.124491;0.203945;0.217000
251;-0.173241;0.078882;0.030582
252;-0.290334;-0.004501;-0.121649
253;-0.389186;-0.066491;-0.141908
254;-0.475864;-0.115595;-0.153935
255;-0.615489;-0.185585;-0.181129
256;-0.767288;-0.234267;-0.220112
257;-0.952877;-0.249958;-0.218561
258;-1.050830;-0.291981;-0.185171
259;-0.994741;0.004705;-0.234408
260;-0.707383;0.075457;-0.413798
261;-0.668912;0.005957;-0.391193
262;-0.541221;0.245971;-0.301902
263;-0.416031;0.416431;-0.123414
264;-0.232474;0.405999;-0.051543
265;-0.036924;0.462889;-0.117304
266;0.228057;0.510818;-0.053298
267;0.450756;0.524546;0.050986
268;0.599050;0.584424;0.030313
269;0.731134;0.593906;0.131763
270;0.698679;0.648432;0.293313
271;0.664181;0.576662;0.305595
272;0.690792;0.478716;0.184199
273;0.580463;0.704327;0.207545
274;0.622803;0.669601;0.219563
275;0.428518;0.493802;0.060881
276;0.081579;0.413982;0.079121
277;-0.049514;0.356234;0.248937
278;-0.049376;0.332264;0.278298
279;-0.098483;0.235767;0.074743
280;-0.236075;0.138167;-0.127598
281;-0.393233;0.011043;-0.208228
282;-0.493500;-0.066059;-0.183862
283;-0.522668;-0.155512;-0.172110
284;-0.728684;-0.237214;-0.198626
285;-0.900578;-0.228639;-0.197323
286;-0.988197;-0.182406;-0.210602
287;-1.008182;0.007077;-0.351091
288;-0.868091;-0.184704;-0.527488
289;-0.964285;-0.144892;-0.456673
290;-0.826041;0.273974;-0.289196
291;-0.515854;0.509085;-0.114946
292;-0.255918;0.554452;-0.079017
293;-0.019874;0.555129;-0.075523
294;0.253089;0.547850;0.072842
295;0.474046;0.571216;0.181998
296;0.606484;0.451266;0.170265
297;0.617123;0.498066;0.200995
298;0.600767;0.635946;0.224754
299;0.792577;0.724228;0.366787
300;0.695499;0.662591;0.348000
301;0.585052;0.782699;0.274071
302;0.655855;0.613010;0.096023
303;0.210762;0.475156;0.010020
304;-0.145095;0.331762;0.388694
305;0.013771;0.301443;0.245612
306;0.012168;0.251660;-0.011368
307;-0.073299;0.187147;-0.164867
308;-0.231824;0.085045;-0.164794
309;-0.408758;-0.008639;-0.107971
310;-0.509355;-0.052907;-0.156830
311;-0.584437;-0.146828;-0.247666
312;-0.640349;-0.214850;-0.294890
313;-0.657901;-0.221030;-0.319099
314;-0.765972;-0.220805;-0.342798
315;-0.834405;-0.031160;-0.213795
316;-0.742071;-0.111987;-0.180651
317;-0.849576;-0.320138;-0.156272
318;-0.802068;-0.081807;-0.179033
319;-0.697958;0.184095;-0.017689
320;-0.563439;0.343471;0.066192
321;-0.390335;0.531008;-0.098200
322;-0.028784;0.613304;-0.140375
323;0.422129;0.711645;0.038093
324;0.650159;0.648041;0.217262
325;0.680907;0.539077;0.227656
326;0.757409;0.626793;0.278691
327;0.760764;0.688114;0.227426
328;0.752165;0.586189;0.116679
329;0.685156;0.697141;0.151860
330;0.758681;0.555579;0.119254
331;0.331663;0.454425;0.102376
332;0.062557;0.377574;0.240389
333;0.085934;0.378221;0.226341
334;0.084163;0.296813;0.004801
335;0.008696;0.184734;-0.121477
336;-0.090509;0.112332;-0.172632
337;-0.219941;0.083646;-0.111315
338;-0.385981;0.009087;-0.095714
339;-0.616620;-0.057702;-0.084992
340;-0.879038;-0.045791;-0.082006
341;-1.110287;-0.088980;-0.092703
342;-1.197761;-0.249736;-0.163515
343;-1.133767;-0.122785;-0.444783
344;-0.877497;-0.203069;-0.347970
345;-0.827895;-0.148615;-0.095456
346;-0.740870;0.225392;-0.085085
347;-0.563652;0.364757;0.000601
348;-0.417302;0.472270;0.038439
349;-0.098926;0.553251;-0.122989
350;0.241651;0.624996;-0.059103
351;0.566387;0.572593;0.120651
352;0.748476;0.455431;0.114056
353;0.764258;0.637266;0.057215
354;0.774574;0.620436;0.191123
355;0.818729;0.638572;0.244485
356;0.743636;0.616220;0.118708
357;0.765418;0.686447;0.147951
358;0.743778;0.501942;0.106600
359;0.346740;0.451605;0.103634
360;0.249326;0.473432;0.268744
361;0.123103;0.488852;0.159289
362;0.015854;0.392233;-0.054651
363;-0.100038;0.336820;-0.196541
364;-0.278360;0.259040;-0.129378
365;-0.469791;0.202498;-0.085116
366;-0.750464;0.127970;-0.167575
367;-1.164771;-0.058903;-0.453119
368;-1.270729;-0.273499;-0.560315
369;-1.179970;-0.321808;-0.511560
370;-1.207606;-0.130993;-0.441475
371;-1.054890;-0.118030;-0.308774
372;-0.872560;-0.061017;-0.212280
373;-0.699578;0.322582;-0.223935
374;-0.435750;0.450686;-0.080885
375;-0.113288;0.545583;-0.164219
376;0.034613;0.499998;-0.248013
377;0.164485;0.538121;-0.143059
378;0.380271;0.582641;0.046447
379;0.617295;0.591883;0.190196
380;0.727135;0.540203;0.244662
381;0.762169;0.656286;0.322645
382;0.786706;0.656262;0.266123
383;0.802120;0.624572;0.170679
384;0.694681;0.800849;0.300879
385;0.678532;0.687043;0.237367
386;0.288051;0.522355;0.011844
387;0.084840;0.427590;0.020217
388;0.111086;0.437387;0.054229
389;0.116988;0.404349;0.031934
390;-0.140615;0.258972;-0.135285
391;-0.372891;0.104552;-0.215507
392;-0.531205;-0.051884;-0.149359
393;-0.677659;-0.115312;-0.063611
394;-0.819303;-0.220719;-0.069869
395;-0.991745;-0.274619;-0.089084
396;-1.009954;-0.313088;-0.163421
397;-0.961255;-0.335975;-0.296915
398;-1.049536;-0.204961;-0.302848
399;-1.053424;-0.053184;-0.044635
400;-0.911632;0.050832;0.047703
401;-0.748959;0.297927;-0.125416
402;-0.743804;0.581141;-0.005824
403;-0.456327;0.863074;0.066680
404;0.303550;0.876044;0.044575
405;0.779001;0.682146;0.047157
406;1.016898;0.482321;0.180581
407;0.999024;0.280255;0.317010
408;0.811023;0.203472;0.348089
409;0.542672;0.313755;0.295771
410;0.408055;0.466039;0.261819
411;0.460423;0.591402;0.098839
412;0.469485;0.776810;0.036217
413;0.678728;0.684043;-0.023058
414;0.431529;0.546001;-0.105971
415;0.075563;0.448045;0.095744
416;-0.014155;0.331519;0.342614
417;0.066970;0.254917;0.299597
418;-0.030292;0.166142;0.090069
419;-0.175585;0.045379;-0.006334
420;-0.317687;-0.030924;-0.013346
421;-0.462443;-0.065642;-0.036496
422;-0.552355;-0.132675;-0.116987
423;-0.747377;-0.127000;-0.167018
424;-0.944289;-0.158385;-0.156990
425;-1.006149;-0.278788;-0.195849
426;-1.074935;-0.123981;-0.300509
427;-0.985280;-0.077757;-0.347830
428;-0.980079;-0.130153;-0.232893
429;-0.865160;0.147114;-0.246574
430;-0.642087;0.377725;-0.187577
431;-0.432233;0.541438;-0.167987
432;-0.232994;0.683175;-0.166779
433;0.158932;0.717587;-0.092816
434;0.473837;0.669355;0.039232
435;0.565391;0.500078;0.018069
436;0.760913;0.428370;0.074094
437;0.857473;0.573557;0.245950
438;0.851362;0.676315;0.216242
439;0.744612;0.595822;0.048023
440;0.690436;0.740261;0.147337
441;0.855127;0.731767;0.294703
442;0.501181;0.595441;0.086048
443;0.259036;0.535277;0.239040
444;0.156380;0.517621;0.340148
445;0.063126;0.478001;0.200902
446;-0.138581;0.343578;-0.032722
447;-0.372521;0.196231;-0.082225
448;-0.449481;0.078453;-0.049098
449;-0.528260;0.009634;-0.081547
450;-0.625350;-0.078743;-0.175220
451;-0.777881;-0.117453;-0.262141
452;-0.969235;-0.141526;-0.260613
453;-1.120053;-0.271272;-0.264487
454;-1.286410;-0.129552;-0.321148
455;-1.186276;-0.147119;-0.233499
456;-1.083174;-0.123391;-0.220049
457;-0.943514;0.319124;-0.256927
458;-0.647512;0.585547;-0.191881
459;-0.439530;0.738053;-0.128637
460;-0.175045;0.783139;-0.145655
461;0.208500;0.816788;-0.018950
462;0.678043;0.751975;0.174087
463;0.835286;0.553088;0.293912
464;0.823160;0.409940;0.323274
465;0.794353;0.539184;0.400147
466;0.805614;0.655285;0.404543
467;0.775562;0.672179;0.225790
468;0.781098;0.787749;0.254039
469;0.907459;0.626365;0.120956
470;0.388981;0.652035;-0.030557
471;0.111388;0.548813;0.243579
472;-0.022380;0.446965;0.360871
473;-0.049567;0.446276;0.080713
474;-0.093057;0.387853;-0.211709
475;-0.339510;0.295085;-0.267735
476;-0.537380;0.174049;-0.154457
477;-0.681507;0.037590;-0.174572
478;-0.829459;-0.102996;-0.272417
479;-1.035906;-0.115324;-0.332953
480;-1.094589;-0.217923;-0.411074
481;-1.175933;-0.101675;-0.434218
482;-1.096251;0.049707;-0.314390
483;-0.968223;-0.215769;-0.194149
484;-0.992418;-0.027100;-0.271215
485;-0.758841;0.352135;-0.215249
486;-0.503284;0.559472;-0.123369
487;-0.174590;0.634309;-0.026872
488;0.140432;0.544918;0.101306
489;0.353998;0.649625;0.239657
490;0.619128;0.629636;0.196012
491;0.704195;0.600622;0.156349
492;0.746995;0.634258;0.146797
493;0.753283;0.626908;0.175459
494;0.716970;0.624061;0.272651
495;0.644626;0.623136;0.245628
496;0.695912;0.709663;0.354717
497;0.687726;0.571759;0.261185
498;0.252353;0.535145;0.102749
499;0.113762;0.444881;0.210173
500;0.032897;0.455855;0.268749
501;-0.021133;0.353626;0.061692
502;-0.173997;0.184661;-0.109059
503;-0.354515;0.145667;-0.125910
504;-0.475707;0.114539;-0.135210
505;-0.651112;-0.017434;-0.188665
506;-0.851082;-0.236439;-0.200756
507;-0.999499;-0.359891;-0.206035
508;-1.178516;-0.405093;-0.166796
509;-1.272456;-0.305524;-0.252785
510;-1.174385;0.002591;-0.397833
511;-0.938132;0.077499;-0.231709
512;-0.874599;0.210996;-0.066159
513;-0.722590;0.486391;0.068296
514;-0.381467;0.651896;0.051213
515;-0.126112;0.677877;-0.103377
516;0.118880;0.706188;-0.117169
517;0.336660;0.710785;-0.106880
518;0.525560;0.635481;-0.140844
519;0.802012;0.555039;0.066345
520;0.818738;0.615639;0.297775
521;0.740344;0.569113;0.396236
522;0.793581;0.605785;0.371859
523;0.713962;0.648956;0.248099
524;0.681689;0.808643;0.377950
525;0.663063;0.640860;0.236427
526;0.238056;0.616513;-0.021341
527;-0.044339;0.493279;0.056937
528;-0.121343;0.443416;0.153973
529;-0.166735;0.337717;0.056325
530;-0.257678;0.218172;-0.087853
531;-0.384360;0.089729;-0.134205
532;-0.501663;0.014957;-0.120133
533;-0.632835;-0.074472;-0.125171
534;-0.828556;-0.141871;-0.186139
535;-1.009188;-0.178164;-0.224920
536;-1.045774;-0.263656;-0.249429
537;-1.102697;-0.154723;-0.288061
538;-1.024535;-0.036614;-0.269711
539;-0.897686;-0.210938;-0.086348
540;-0.891490;0.030004;-0.104666
541;-0.631915;0.385820;-0.105077
542;-0.415034;0.622297;-0.038816
543;-0.189541;0.760181;-0.022405
544;0.130723;0.760348;-0.096915
545;0.443408;0.691696;-0.109709
546;0.737341;0.627672;0.076811
547;0.949086;0.551953;0.248127
548;0.996968;0.518568;0.326425
549;0.804044;0.542693;0.290311
550;0.752821;0.543865;0.248377
551;0.667723;0.706533;0.292996
552;0.644146;0.786289;0.285155
553;0.389258;0.596859;0.002580
554;0.005554;0.543432;0.011799
555;-0.110355;0.429924;0.187818
556;-0.151749;0.269692;0.138931
557;-0.219287;0.103818;-0.013454
558;-0.303634;0.030805;-0.072737
559;-0.405157;0.012559;-0.098545
560;-0.552688;-0.052684;-0.101037
561;-0.646720;-0.133237;-0.175232
562;-0.814398;-0.204666;-0.241813
563;-0.995462;-0.228614;-0.187583
564;-1.058844;-0.291942;-0.195329
565;-1.081997;-0.047981;-0.262034
566;-0.870527;0.017896;-0.224800
567;-0.804736;0.030002;-0.152852
568;-0.688147;0.293009;-0.164198
569;-0.488136;0.453390;-0.044715
570;-0.223963;0.561731;-0.042494
571;0.084106;0.563275;-0.129043
572;0.299135;0.607593;-0.037678
573;0.584337;0.544421;0.109480
574;0.738215;0.503581;0.205617
575;0.730752;0.471489;0.199951
576;0.748043;0.566231;0.251534
577;0.712878;0.628839;0.205099
578;0.670024;0.616981;0.107756
579;0.635401;0.847024;0.243508
580;0.723999;0.666242;0.221533
581;0.300395;0.512544;0.013879
582;0.039775;0.385411;0.095324
583;0.002989;0.408134;0.242035
584;-0.034821;0.433853;0.100045
585;-0.160065;0.309971;-0.159799
586;-0.341136;0.158776;-0.223683
587;-0.511000;0.038751;-0.160866
588;-0.656020;-0.080773;-0.127384
589;-0.758043;-0.208829;-0.147551
590;-0.905008;-0.224642;-0.206060
591;-0.957003;-0.189068;-0.225011
592;-0.976350;-0.194177;-0.264082
593;-0.992601;-0.022339;-0.312514
594;-0.892616;-0.170205;-0.218046
595;-0.933742;-0.142374;-0.078301
596;-0.787294;0.233137;-0.032807
597;-0.454862;0.451646;-0.050999
598;-0.242756;0.571467;-0.104325
599;-0.046191;0.568783;-0.213257
600;0.187653;0.522044;-0.137832
601;0.421186;0.605596;0.013243
602;0.696741;0.542295;0.188734
603;0.644906;0.481032;0.234479
604;0.613324;0.435217;0.112040
605;0.727754;0.558039;0.074785
606;0.708580;0.576173;0.016085
607;0.594194;0.789262;0.222263
608;0.777219;0.714819;0.313551
609;0.442711;0.583960;0.096595
610;0.079588;0.436639;0.180084
611;-0.011909;0.373378;0.276040
612;0.090320;0.371123;0.185795
613;0.073665;0.310365;-0.057894
614;-0.110808;0.213961;-0.145171
615;-0.233451;0.136425;-0.123613
616;-0.333537;0.057196;-0.103861
617;-0.492010;-0.062909;-0.100569
618;-0.785424;-0.157459;-0.193910
619;-1.127559;-0.289599;-0.138864
620;-1.281922;-0.297862;-0.051360
621;-1.302126;0.023684;-0.233695
622;-1.018256;-0.129421;-0.354028
623;-0.945526;-0.103073;-0.297509
624;-0.782960;0.226194;-0.145374
625;-0.480307;0.411569;-0.015965
626;-0.321493;0.496477;-0.083933
627;-0.152514;0.560203;-0.176365
628;0.169478;0.654078;-0.130051
629;0.613435;0.669433;0.105306
630;0.833341;0.466309;0.134123
631;0.887757;0.531665;0.011510
632;0.894410;0.621495;0.005511
633;0.655526;0.666983;-0.006880
634;0.495979;0.534426;-0.024434
635;0.459614;0.683692;0.124759
636;0.821969;0.761219;0.225471
637;0.463098;0.519840;-0.062852
638;0.101487;0.397315;0.075349
639;0.011827;0.317789;0.309119
640;-0.047455;0.247276;0.209476
641;-0.166132;0.163039;-0.032001
642;-0.255247;0.049907;-0.119855
643;-0.312106;0.020793;-0.123168
644;-0.422576;-0.032289;-0.144341
645;-0.537782;-0.126158;-0.174026
646;-0.722679;-0.180705;-0.211882
647;-0.901353;-0.214580;-0.218314
648;-1.059961;-0.244651;-0.212900
649;-1.142315;-0.036766;-0.254973
650;-0.934187;-0.126912;-0.239742
651;-0.909949;-0.090717;-0.183031
652;-0.771896;0.259313;-0.159238
653;-0.511181;0.439331;-0.048807
654;-0.253180;0.493554;-0.074910
655;-0.056114;0.517848;-0.133414
656;0.216551;0.526547;-0.075237
657;0.525687;0.565312;0.081293
658;0.669204;0.522152;0.158955
659;0.668098;0.487659;0.137827
660;0.680615;0.620917;0.175316
661;0.747107;0.675744;0.175158
662;0.712097;0.727193;0.114454
663;0.786376;0.919214;0.243582
664;0.828185;0.746908;0.124154
665;0.318478;0.615238;-0.112162
666;-0.134179;0.372388;0.157978
667;-0.128579;0.238044;0.395039
668;-0.070687;0.284087;0.090605
669;-0.074779;0.252654;-0.272760
670;-0.196120;0.166845;-0.320675
671;-0.368389;0.098889;-0.145441
672;-0.565693;-0.018937;-0.093860
673;-0.834219;-0.294807;-0.111919
674;-0.990528;-0.350326;-0.156404
675;-0.919531;-0.263752;-0.298489
676;-1.020336;-0.097351;-0.383866
677;-0.965344;-0.008913;-0.289212
678;-0.927765;-0.231482;-0.173036
679;-0.860507;-0.027759;-0.210326
680;-0.695627;0.283934;-0.136557
681;-0.458794;0.510196;-0.084846
682;-0.186971;0.506672;-0.166548
683;-0.000431;0.556021;-0.188705
684;0.329469;0.625887;-0.033575
685;0.659903;0.562538;0.145220
686;0.803315;0.422084;0.203032
687;0.614168;0.509157;0.148671
688;0.575641;0.633978;0.135704
689;0.617455;0.543482;0.101520
690;0.567068;0.592405;0.041843
691;0.719926;0.683732;0.055686
692;0.677439;0.497495;-0.021593
693;0.246327;0.441362;0.023141
694;0.144092;0.405705;0.151347
695;0.066525;0.357346;0.071161
696;0.020532;0.241853;-0.078406
697;-0.049828;0.133083;-0.153373
698;-0.118026;0.074951;-0.088637
699;-0.265425;0.033161;-0.031871
700;-0.413982;-0.080684;-0.015743
701;-0.623655;-0.137085;-0.026205
702;-0.787178;-0.168505;-0.058753
703;-0.884793;-0.237180;-0.099100
704;-1.033805;-0.117801;-0.129115
705;-1.039076;-0.035222;-0.178703
706;-0.985336;-0.245803;-0.119356
707;-0.927487;0.006062;-0.226353
708;-0.701721;0.288990;-0.131017
709;-0.457879;0.416618;-0.095079
710;-0.247484;0.454259;-0.203151
711;-0.000353;0.568797;-0.118577
712;0.529812;0.648095;-0.044155
713;0.767644;0.445900;0.022459
714;0.726133;0.409969;0.137339
715;0.723645;0.504355;0.203372
716;0.668298;0.571627;0.225260
717;0.686317;0.555518;0.185445
718;0.609032;0.660257;0.205957
719;0.625495;0.739439;0.362789
720;0.532957;0.536770;0.105081
721;0.227653;0.334564;-0.155254
722;0.078134;0.256890;-0.005676
723;0.026519;0.309643;0.152236
724;-0.087385;0.246016;-0.078690
725;-0.243938;0.129479;-0.259594
726;-0.358778;0.009346;-0.196337
727;-0.447639;-0.059110;-0.082320
728;-0.582136;-0.139580;-0.021766
729;-0.660779;-0.261237;-0.033786
730;-0.829327;-0.296973;-0.069831
731;-0.914431;-0.284992;-0.048628
732;-1.012222;-0.139190;-0.008442
733;-0.878678;-0.052767;-0.047824
734;-0.804985;-0.121451;-0.033897
735;-0.763540;0.135222;0.024847
736;-0.544579;0.339395;-0.012487
737;-0.373523;0.355231;-0.107982
738;-0.150970;0.465873;-0.233084
739;0.207376;0.476417;-0.224254
740;0.503837;0.410451;-0.041846
741;0.775962;0.440692;0.220477
742;0.770992;0.447163;0.263161
743;0.671335;0.586742;0.099821
744;0.772887;0.764961;-0.046859
745;0.876266;0.691044;-0.207705
746;0.789626;0.793770;0.009963
747;0.686061;0.684587;0.188178
748;0.247453;0.438949;0.127643
749;0.022664;0.425390;0.228548
750;-0.066522;0.323631;0.191918
751;-0.178573;0.225792;0.054802
752;-0.229630;0.135347;-0.035293
753;-0.253548;0.052619;-0.103067
754;-0.403264;0.001554;-0.077292
755;-0.478090;-0.034928;-0.016753
756;-0.633076;-0.068210;-0.106528
757;-0.897999;-0.178229;-0.191754
758;-1.104364;-0.321595;-0.366908
759;-1.241403;-0.318284;-0.444862
760;-1.085168;0.032776;-0.194866
761;-0.753195;0.061139;-0.055774
762;-0.694476;0.157620;-0.194304
763;-0.596359;0.297750;-0.364791
764;-0.484238;0.472147;-0.223781
765;-0.227319;0.583031;-0.124617
766;0.057671;0.713866;-0.077796
767;0.351007;0.646767;-0.053043
768;0.559155;0.682564;0.109169
769;0.875045;0.632058;0.057427
770;0.921531;0.551716;0.075967
771;0.963323;0.560708;0.278212
772;0.904799;0.464566;0.289654
773;0.697275;0.478315;0.243370
774;0.644165;0.629994;0.317869
775;0.615524;0.630789;0.094413
776;0.343188;0.681663;-0.003399
777;0.109878;0.632840;-0.022516
778;-0.103995;0.499443;-0.029522
779;-0.243383;0.301949;0.012298
780;-0.318242;0.128633;0.003368
781;-0.412521;0.028559;-0.046892
782;-0.490468;-0.033600;-0.075173
783;-0.557265;-0.096698;-0.156928
784;-0.733094;-0.143607;-0.242340
785;-0.922335;-0.154938;-0.289278
786;-1.058156;-0.221301;-0.264527
787;-1.170572;-0.121645;-0.264002
788;-1.031076;-0.057873;-0.288858
789;-0.972597;-0.072428;-0.222678
790;-0.796189;0.213531;-0.207635
791;-0.539920;0.476050;-0.180644
792;-0.324478;0.598861;-0.182262
793;-0.094868;0.580224;-0.316531
794;0.109850;0.651276;-0.245474
795;0.397133;0.695243;-0.039952
796;0.640861;0.593460;0.030680
797;0.793765;0.550012;0.085937
798;0.733890;0.631339;0.212319
799;0.682548;0.697067;0.213391
800;0.730008;0.741883;0.122052
801;0.666658;0.855651;0.119242
802;0.779116;0.787280;0.162140
803;0.575042;0.495815;0.094144
804;0.271026;0.354355;0.219270
805;0.193961;0.322047;0.321605
806;0.084551;0.347019;0.100223
807;-0.040748;0.380883;-0.112013
808;-0.270150;0.370894;-0.080979
809;-0.413937;0.235630;-0.215280
810;-0.764538;0.078842;-0.426584
811;-1.032186;-0.192111;-0.435115
812;-1.051956;-0.234866;-0.462745
813;-0.917534;-0.168280;-0.587471
814;-0.790909;-0.150666;-0.604924
815;-0.757021;0.046496;-0.487728
816;-0.613444;-0.019294;-0.406249
817;-0.684040;-0.197259;-0.266296
818;-0.603721;0.073510;-0.112179
819;-0.351358;0.302492;-0.031992
820;-0.286159;0.422174;0.054262
821;-0.083111;0.400776;-0.139393
822;0.070649;0.522376;-0.283430
823;0.330100;0.555363;-0.026342
824;0.542076;0.491146;0.111300
825;0.608770;0.482047;0.115338
826;0.643249;0.529606;0.089101
827;0.641639;0.636993;0.121692
828;0.698365;0.608221;0.078542
829;0.621489;0.765601;0.065519
830;0.672647;0.873130;0.168883
831;0.800734;0.695623;0.151972
832;0.405045;0.651377;0.086612
833;0.056930;0.553769;0.111184
834;-0.109919;0.363297;0.130270
835;-0.163343;0.220558;0.054757
836;-0.252539;0.152913;-0.045015
837;-0.424573;0.121543;-0.057623
838;-0.614179;0.042114;-0.072685
839;-0.738152;-0.077111;-0.167224
840;-0.890811;-0.118701;-0.283065
841;-1.019764;-0.163728;-0.344517
842;-1.036561;-0.278599;-0.309431
843;-1.031100;-0.106255;-0.349362
844;-0.810897;-0.120071;-0.249656
845;-0.753572;-0.153290;-0.097638
846;-0.684648;0.071330;-0.119010
847;-0.541434;0.330113;-0.096951
848;-0.321316;0.453943;-0.063974
849;-0.116123;0.469701;-0.145475
850;-0.013600;0.500255;-0.123259
851;0.174057;0.528889;-0.004375
852;0.450970;0.535543;0.056850
853;0.560807;0.562893;0.133258
854;0.569571;0.578278;0.128265
855;0.629567;0.694242;0.127829
856;0.713509;0.693850;0.080371
857;0.728426;0.819919;0.116234
858;0.891071;0.820723;0.167374
859;0.693581;0.542717;-0.012780
860;0.298649;0.500707;0.038871
861;0.161663;0.448064;0.232315
862;0.035190;0.464427;0.212648
863;-0.064497;0.371342;-0.027097
864;-0.210488;0.266174;-0.156517
865;-0.397475;0.167492;-0.111591
866;-0.562161;0.093499;-0.028708
867;-0.704202;-0.031255;0.010676
868;-0.906348;-0.173571;-0.037512
869;-1.097000;-0.263587;-0.047797
870;-1.185355;-0.309036;-0.040698
871;-1.140922;-0.091973;-0.109687
872;-0.894447;-0.141858;-0.178168
873;-0.812755;-0.143166;-0.215182
874;-0.666955;0.155636;-0.150781
875;-0.512043;0.343448;0.046029
876;-0.321256;0.413989;0.055753
877;-0.175459;0.428141;-0.186721
878;-0.074426;0.546979;-0.258102
879;0.348604;0.665397;-0.004211
880;0.710645;0.574658;0.161339
881;0.820240;0.595647;0.209998
882;0.785477;0.677275;0.151237
883;0.724528;0.705312;0.029644
884;0.744509;0.609656;-0.051507
885;0.813517;0.690674;0.152916
886;0.828363;0.512497;0.192347
887;0.349736;0.504673;0.022458
888;0.127018;0.481499;0.094344
889;0.010434;0.388323;0.030091
890;-0.068157;0.257787;-0.053365
891;-0.138952;0.183390;-0.107187
892;-0.265328;0.130925;-0.095799
893;-0.424974;0.062351;-0.057499
894;-0.579610;-0.031690;-0.057330
895;-0.813226;-0.182752;-0.099414
896;-1.012555;-0.263568;-0.094509
897;-1.079356;-0.328288;-0.042872
898;-1.073462;-0.221956;-0.098750
899;-0.962372;-0.021958;-0.160371
900;-0.827357;-0.052948;-0.060042
901;-0.778008;0.140254;-0.026894
902;-0.642411;0.342000;0.045041
903;-0.428360;0.473621;-0.001186
904;-0.154552;0.558864;-0.221772
905;0.151328;0.643831;-0.199654
906;0.562585;0.656716;-0.049753
907;0.687782;0.524154;-0.099767
908;0.762897;0.487811;-0.038573
909;0.983995;0.630343;0.228776
910;0.982993;0.687426;0.249006
911;0.707642;0.671094;0.008743
912;0.732994;0.883439;0.138003
913;0.770518;0.725185;0.078149
914;0.275688;0.610316;-0.121508
915;-0.017734;0.490117;0.152557
916;-0.127333;0.324107;0.310669
917;-0.179236;0.220201;0.104824
918;-0.182336;0.149865;-0.135929
919;-0.238576;0.053171;-0.147045
920;-0.398336;-0.034291;-0.107752
921;-0.569769;-0.142031;-0.124595
922;-0.755088;-0.226218;-0.179796
923;-0.910069;-0.155503;-0.261908
924;-0.935811;-0.169834;-0.304296
925;-0.966609;-0.094471;-0.317623
926;-0.778796;0.064441;-0.281147
927;-0.689596;-0.164405;-0.169366
928;-0.792915;-0.153072;-0.148835
929;-0.638062;0.145702;-0.202765
930;-0.494949;0.325357;-0.111514
931;-0.386727;0.342553;-0.060672
932;-0.266766;0.576755;-0.047891
933;0.107976;0.629968;-0.015765
934;0.434810;0.672418;0.026447
935;0.694588;0.616783;0.064765
936;0.700050;0.592934;0.060277
937;0.794668;0.699076;0.108461
938;0.935790;0.752204;0.098811
939;0.862441;0.793443;0.054676
940;0.880330;0.763583;0.078155
941;0.681113;0.585980;-0.003875
942;0.305645;0.570042;0.090604
943;0.137804;0.555932;0.273839
944;-0.051498;0.474132;0.187272
945;-0.149640;0.379479;-0.056849
946;-0.251693;0.248593;-0.161567
947;-0.442893;0.144983;-0.060737
948;-0.636389;-0.018888;0.002312
949;-0.714161;-0.173890;0.001926
950;-0.853831;-0.175388;-0.063502
951;-0.992761;-0.164492;-0.039295
952;-1.022356;-0.235902;-0.140011
953;-1.079477;-0.067280;-0.278043
954;-0.865219;0.071188;-0.351751
955;-0.735528;-0.157621;-0.197669
956;-0.718912;-0.022964;-0.120323
957;-0.546373;0.330586;-0.084699
958;-0.299774;0.442638;-0.050871
959;-0.165689;0.478973;-0.123546
960;0.050250;0.536296;-0.208744
961;0.314209;0.542689;-0.168977
962;0.628667;0.560001;0.003023
963;0.804466;0.486371;0.067962
964;0.735728;0.505222;0.036482
965;0.786348;0.622370;0.098759
966;0.784481;0.648684;0.113436
967;0.622006;0.629623;0.062266
968;0.602471;0.669988;0.217880
969;0.596904;0.531663;0.111278
970;0.178805;0.536385;-0.043442
971;-0.034732;0.422598;-0.033846
972;-0.131060;0.346593;0.032841
973;-0.089898;0.194949;-0.077403
974;-0.145132;0.053879;-0.168628
975;-0.269215;-0.005104;-0.128343
976;-0.361771;-0.078836;-0.061963
977;-0.487097;-0.112747;-0.044994
978;-0.661838;-0.149094;-0.085364
979;-0.884062;-0.192309;-0.100550
980;-1.015477;-0.277960;-0.093490
981;-1.074818;-0.263485;-0.144691
982;-0.953485;-0.066099;-0.166436
983;-0.767139;-0.146052;-0.004082
984;-0.736080;0.052468;0.000186
985;-0.493317;0.447143;-0.065457
986;-0.224368;0.522521;-0.084627
987;-0.022198;0.579581;-0.123767
988;0.261962;0.443102;-0.241968
989;0.458144;0.405643;-0.150344
990;0.699369;0.365820;0.046394
991;0.676448;0.379130;0.186900
992;0.614648;0.429447;0.168177
993;0.693185;0.596730;0.132527
994;0.832952;0.615586;0.054575
995;0.689214;0.588153;-0.022741
996;0.502824;0.634056;0.167339
997;0.346152;0.401549;0.198835
998;-0.007091;0.362467;0.003798
999;-0.083677;0.312358;-0.095150
1000;-0.035946;0.264179;-0.049485
1001;-0.055813;0.108503;-0.129437
1002;-0.143610;-0.040807;-0.182588
1003;-0.290197;-0.138725;-0.124386
1004;-0.394268;-0.163439;-0.033135
1005;-0.489917;-0.206126;-0.032203
1006;-0.645630;-0.238640;-0.146799
1007;-0.826771;-0.183386;-0.200218
1008;-0.885332;-0.236543;-0.150455
1009;-0.897990;-0.023844;-0.105361
1010;-0.648021;0.055766;-0.204920
1011;-0.665947;-0.068512;-0.143481
1012;-0.612229;0.143813;-0.033230
1013;-0.329740;0.331897;-0.071881
1014;-0.122263;0.342256;-0.089523
1015;0.009451;0.256254;-0.135453
1016;0.127900;0.303360;-0.095264
1017;0.390911;0.334220;-0.048977
1018;0.617496;0.429721;-0.006724
1019;0.706505;0.356946;0.007658
1020;0.665620;0.464205;0.080294
1021;0.700360;0.561715;0.084306
1022;0.809581;0.554255;0.013427
1023;0.637945;0.652073;0.018505
1024;0.532588;0.689598;0.109057
1025;0.373826;0.421111;-0.073930
1026;0.009341;0.325418;-0.097444
1027;-0.077480;0.238944;0.082247
1028;-0.103187;0.163164;0.154749
1029;-0.125129;0.071176;0.000156
1030;-0.140937;0.006862;-0.145397
1031;-0.238112;-0.062746;-0.073749
1032;-0.336442;-0.129653;-0.005452
1033;-0.434662;-0.180062;-0.024954
1034;-0.595186;-0.231879;-0.053795
1035;-0.791834;-0.231881;-0.037087
1036;-0.871262;-0.240329;0.029977
1037;-0.920562;-0.034220;0.031605
1038;-0.746318;0.166991;-0.080549
1039;-0.624332;-0.159248;-0.169875
1040;-0.624560;-0.037874;-0.142592
1041;-0.366504;0.281893;-0.118217
1042;-0.085524;0.317216;-0.066859
1043;-0.010949;0.308797;-0.092601
1044;0.121208;0.277351;-0.155226
1045;0.282156;0.346127;-0.113400
1046;0.471467;0.355285;-0.084700
1047;0.594764;0.333188;-0.052331
1048;0.559858;0.366838;-0.010585
1049;0.528688;0.498423;0.046325
1050;0.621306;0.521232;0.074425
1051;0.498246;0.596965;0.003126
1052;0.588360;0.798965;0.091617
1053;0.696303;0.579966;-0.047471
1054;0.248858;0.430721;-0.176919
1055;0.058538;0.281339;0.002915
1056;-0.005381;0.195520;0.193107
1057;-0.075129;0.101805;0.113192
1058;-0.142676;0.010560;-0.071427
1059;-0.215669;-0.073492;-0.073716
1060;-0.320047;-0.114073;0.009754
1061;-0.451968;-0.143062;0.019262
1062;-0.598425;-0.227026;-0.066764
1063;-0.790712;-0.186390;-0.063270
1064;-0.891125;-0.199268;-0.056345
1065;-0.973991;-0.163824;-0.045980
1066;-0.875824;0.048586;-0.030050
1067;-0.688145;-0.100095;-0.039411
1068;-0.736256;-0.097538;-0.035029
1069;-0.531271;0.170263;0.003750
1070;-0.281611;0.383593;-0.000621
1071;-0.079090;0.434782;-0.101699
1072;0.075834;0.455228;-0.220710
1073;0.320255;0.437548;-0.246234
1074;0.552896;0.552570;-0.093948
1075;0.842987;0.475027;-0.046849
1076;0.916133;0.479387;0.045762
1077;0.862358;0.587536;0.124390
1078;0.753560;0.556217;0.087807
1079;0.597554;0.564639;0.097509
1080;0.583789;0.804979;0.250752
1081;0.484733;0.706026;0.084990
1082;-0.006731;0.544491;-0.084326
1083;-0.294853;0.257745;0.082576
1084;-0.246980;0.112175;0.241020
1085;-0.192804;0.060204;0.092351
1086;-0.221787;-0.010984;-0.089808
1087;-0.292811;-0.099500;-0.133646
1088;-0.390968;-0.180358;-0.104507
1089;-0.483215;-0.230509;-0.095795
1090;-0.597299;-0.305030;-0.088046
1091;-0.756849;-0.296049;-0.113208
1092;-0.848473;-0.297691;-0.097936
1093;-0.936247;-0.187405;-0.076480
1094;-0.913942;0.116497;-0.047463
1095;-0.750570;0.011753;0.041850
1096;-0.817982;0.007442;0.038279
1097;-0.704589;0.367134;-0.023500
1098;-0.493583;0.654806;-0.047897
1099;-0.083472;0.763729;-0.231204
1100;0.483951;0.713433;-0.188414
1101;0.925010;0.702479;0.150137
1102;0.850857;0.473558;0.086099
1103;0.743010;0.338452;0.024300
1104;0.830380;0.382587;0.225873
1105;0.707066;0.521907;0.313095
1106;0.571236;0.576718;0.152688
1107;0.429685;0.667749;0.002747
1108;0.261543;0.814809;0.031659
1109;0.258053;0.566956;-0.106747
1110;-0.035928;0.450029;-0.187393
1111;-0.151237;0.286581;0.005232
1112;-0.150720;0.120418;0.245463
1113;-0.149537;-0.050105;0.210369
1114;-0.245665;-0.132829;0.003589
1115;-0.300493;-0.125999;-0.061469
1116;-0.299056;-0.120744;-0.113832
1117;-0.389165;-0.188556;-0.189078
1118;-0.577973;-0.265063;-0.155679
1119;-0.774397;-0.201633;-0.072119
1120;-0.845108;-0.165581;0.008365
1121;-0.837619;-0.035414;-0.069789
1122;-0.866420;0.019449;-0.093101
1123;-0.821972;-0.140080;0.001478
1124;-0.780565;0.073854;0.030954
1125;-0.558125;0.350137;-0.085505
1126;-0.285144;0.526132;-0.176680
1127;0.229721;0.635890;-0.241589
1128;0.684332;0.489590;-0.319290
1129;0.799588;0.301186;-0.124657
1130;0.813014;0.306370;0.138302
1131;0.659340;0.273577;0.149153
1132;0.555850;0.465810;0.163603
1133;0.658908;0.579303;0.139046
1134;0.654684;0.515922;0.037524
1135;0.569003;0.702645;0.135957
1136;0.646346;0.637291;0.127291
1137;0.354582;0.430267;-0.067824
1138;0.020436;0.319940;0.028495
1139;-0.171538;0.208929;0.196892
1140;-0.219878;0.084007;0.200056
1141;-0.277460;-0.012357;-0.030191
1142;-0.329733;-0.090299;-0.154949
1143;-0.409745;-0.120301;-0.167603
1144;-0.492851;-0.158005;-0.153022
1145;-0.571679;-0.269307;-0.164581
1146;-0.717654;-0.286074;-0.198292
1147;-0.833515;-0.241195;-0.163292
1148;-0.942017;-0.164677;-0.102966
1149;-0.873225;0.066016;-0.124254
1150;-0.700005;-0.071536;-0.155001
1151;-0.739507;0.020363;-0.120802
1152;-0.551326;0.352098;-0.141653
1153;-0.284761;0.552370;-0.077501
1154;0.013417;0.607614;-0.064016
1155;0.284469;0.463616;-0.135186
1156;0.414405;0.489435;-0.052442
1157;0.683037;0.426248;-0.014104
1158;0.760272;0.443438;0.072162
1159;0.803402;0.441746;0.145871
1160;0.745482;0.513485;0.148005
1161;0.741513;0.604846;0.134560
1162;0.670513;0.647969;0.022202
1163;0.606047;0.744371;0.101761
1164;0.506571;0.527360;-0.014302
1165;0.089759;0.472553;-0.145462
1166;-0.114015;0.393287;-0.082310
1167;-0.251698;0.241703;0.044342
1168;-0.325593;0.068636;0.039814
1169;-0.347252;-0.077963;-0.081385
1170;-0.432020;-0.133576;-0.090990
1171;-0.490879;-0.188176;-0.056991
1172;-0.528061;-0.249013;-0.056255
1173;-0.665474;-0.310682;-0.076917
1174;-0.827363;-0.284360;-0.044786
1175;-0.921066;-0.201911;-0.016111
1176;-0.990561;-0.112832;0.015314
1177;-0.919534;0.082538;0.034347
1178;-0.788482;-0.032963;0.047180
1179;-0.687091;0.159601;-0.002729
1180;-0.366143;0.497547;-0.093273
1181;-0.076744;0.648124;-0.115432
1182;0.238143;0.572779;-0.292195
1183;0.419780;0.477267;-0.269747
1184;0.613979;0.414505;-0.104650
1185;0.678964;0.350599;0.037526
1186;0.660874;0.362783;0.151559
1187;0.685927;0.414857;0.086321
1188;0.633990;0.550334;0.047062
1189;0.689630;0.564040;0.106912
1190;0.578845;0.618197;0.136240
1191;0.576510;0.757712;0.174340
1192;0.525836;0.557649;0.012356
1193;0.100350;0.461659;-0.052875
1194;-0.064522;0.369410;0.067688
1195;-0.098312;0.327950;0.113093
1196;-0.100989;0.188987;-0.069810
1197;-0.198983;0.063955;-0.159314
1198;-0.369233;0.000678;-0.120693
1199;-0.549238;-0.081679;-0.087563
1200;-0.740861;-0.193115;-0.058676
1201;-0.897082;-0.267378;-0.112232
1202;-1.047471;-0.259896;-0.156366
1203;-1.081138;-0.312687;-0.099243
1204;-1.124391;-0.116675;-0.077247
1205;-0.950817;0.169901;-0.083093
1206;-0.734086;0.016227;-0.075765
1207;-0.725729;0.202251;-0.129162
1208;-0.480962;0.521759;-0.094236
1209;-0.215592;0.651105;-0.069745
1210;0.140616;0.639828;-0.130715
1211;0.420105;0.512406;-0.172004
1212;0.721395;0.537137;-0.168318
1213;0.907409;0.492597;-0.070117
1214;0.725553;0.439584;0.052666
1215;0.614698;0.463780;0.070977
1216;0.634681;0.573792;0.082431
1217;0.772400;0.619318;0.058827
1218;0.685715;0.710437;0.023399
1219;0.720774;0.892097;0.209042
1220;0.683244;0.785843;0.162445
1221;-0.096759;0.636256;-0.096231
1222;-0.452656;0.332721;0.090025
1223;-0.463240;0.193233;0.290351
1224;-0.382629;0.066253;0.060667
1225;-0.319682;-0.008062;-0.176442
1226;-0.384762;-0.081635;-0.207831
1227;-0.464070;-0.112835;-0.168587
1228;-0.508774;-0.163745;-0.181820
1229;-0.627094;-0.257007;-0.267536
1230;-0.821119;-0.261080;-0.240651
1231;-0.922943;-0.279229;-0.153624
1232;-1.074198;-0.008254;-0.047176
1233;-0.929903;0.169101;-0.067994
1234;-0.767113;-0.086862;-0.112216
1235;-0.704432;0.142961;-0.132475
1236;-0.362948;0.554625;-0.020677
1237;-0.007706;0.607520;0.045217
1238;0.109435;0.491709;-0.088955
1239;0.220348;0.376678;-0.115322
1240;0.623461;0.514436;-0.029017
1241;0.815105;0.503116;0.144758
1242;0.505827;0.406908;0.003812
1243;0.478245;0.466405;-0.145121
1244;0.713870;0.643041;-0.082997
1245;0.832612;0.632262;-0.031011
1246;0.620126;0.749800;0.021917
1247;0.685523;0.800209;0.131052
1248;0.474561;0.521199;-0.032404
1249;0.068165;0.453361;0.029474
1250;-0.095861;0.367963;0.192128
1251;-0.216031;0.228272;0.146984
1252;-0.303313;0.088246;-0.030802
1253;-0.314772;-0.041742;-0.122204
1254;-0.353774;-0.087976;-0.024884
1255;-0.447196;-0.089877;-0.016418
1256;-0.562470;-0.178426;-0.056600
1257;-0.745832;-0.280299;-0.105883
1258;-0.941432;-0.305718;-0.056550
1259;-1.052959;-0.296608;0.012064
1260;-1.087829;0.011158;0.015535
1261;-0.825988;0.072770;-0.138961
1262;-0.745624;-0.058418;-0.137599
1263;-0.676006;0.272171;-0.076793
1264;-0.273361;0.511002;0.010011
1265;0.025803;0.543043;0.017351
1266;0.139348;0.426546;-0.106389
1267;0.308696;0.419714;-0.175721
1268;0.491652;0.502830;-0.088560
1269;0.699327;0.493074;-0.012862
1270;0.717907;0.447702;-0.012635
1271;0.741702;0.531943;0.049130
1272;0.778816;0.586783;0.056188
1273;0.721447;0.565669;-0.027708
1274;0.601915;0.753727;0.072358
1275;0.665069;0.714401;0.087473
1276;0.237987;0.529258;-0.140495
1277;-0.152555;0.337421;-0.113051
1278;-0.239987;0.185957;0.142204
1279;-0.233009;0.037160;0.220301
1280;-0.272554;-0.071692;0.012126
1281;-0.316969;-0.119199;-0.114956
1282;-0.351158;-0.133376;-0.076348
1283;-0.420110;-0.138916;-0.093624
1284;-0.628875;-0.209015;-0.141009
1285;-0.816123;-0.238947;-0.127529
1286;-0.911753;-0.248976;-0.023608
1287;-1.015885;-0.120436;0.021681
1288;-0.896531;0.081946;0.053866
1289;-0.704111;-0.091634;0.048586
1290;-0.654759;0.108994;-0.000090
1291;-0.370496;0.366692;-0.009313
1292;-0.224610;0.480836;0.000417
1293;-0.042525;0.441266;-0.156749
1294;0.105158;0.382459;-0.261648
1295;0.346787;0.521122;-0.135311
1296;0.631949;0.471717;0.021945
1297;0.719274;0.500114;0.141346
1298;0.767574;0.474418;0.156375
1299;0.869592;0.649072;0.274199
1300;0.924367;0.650794;0.176811
1301;0.746800;0.781153;0.196488
1302;0.764538;0.772308;0.266378
1303;0.424070;0.677462;-0.003852
1304;0.093464;0.530572;-0.140772
1305;-0.178225;0.360728;0.048667
1306;-0.351683;0.191735;0.146679
1307;-0.392660;0.091586;-0.062578
1308;-0.443991;-0.030735;-0.138813
1309;-0.604015;-0.133328;-0.041867
1310;-0.743407;-0.202189;0.011258
1311;-0.810631;-0.302275;-0.068863
1312;-0.904258;-0.358761;-0.167075
1313;-0.971491;-0.302463;-0.114493
1314;-0.901155;-0.220711;-0.091865
1315;-0.880399;0.098783;-0.088377
1316;-0.667444;0.175022;-0.100934
1317;-0.617500;0.136902;-0.121564
1318;-0.464547;0.474418;-0.166580
1319;-0.105650;0.637278;-0.177824
1320;0.154034;0.503242;-0.217922
1321;0.274554;0.495165;-0.152852
1322;0.565877;0.404426;-0.091302
1323;0.706132;0.406810;0.030977
1324;0.804523;0.346273;0.128067
1325;0.778407;0.341615;0.115994
1326;0.644381;0.453238;0.096009
1327;0.612325;0.587478;0.169674
1328;0.505145;0.575991;0.174817
1329;0.490155;0.651942;0.310056
1330;0.578508;0.562338;0.086152
1331;0.231172;0.416221;-0.222573
1332;-0.081794;0.236262;-0.159058
1333;-0.203929;0.137432;0.121424
1334;-0.146603;0.044678;0.196827
1335;-0.208371;-0.034706;-0.014510
1336;-0.346499;-0.119660;-0.154802
1337;-0.384193;-0.160986;-0.126745
1338;-0.470467;-0.194564;-0.166703
1339;-0.662587;-0.215196;-0.194472
1340;-0.794475;-0.139272;-0.151497
1341;-0.824059;-0.149515;-0.138916
1342;-0.891309;-0.077618;-0.137347
1343;-0.810537;0.190125;-0.128112
1344;-0.559822;-0.003905;-0.110642
1345;-0.623276;-0.138125;-0.098097
1346;-0.500490;0.265609;-0.042639
1347;-0.162159;0.436345;0.032118
1348;0.000288;0.381882;0.003093
1349;0.144077;0.423116;-0.109296
1350;0.397047;0.456409;-0.094256
1351;0.685526;0.559463;0.044619
1352;0.762559;0.447054;-0.125201
1353;0.694546;0.490671;-0.205353
1354;0.829327;0.635235;-0.028232
1355;0.862652;0.633561;0.194435
1356;0.659441;0.706056;0.295621
1357;0.693474;0.845481;0.306268
1358;0.501723;0.602278;-0.006552
1359;0.033390;0.441541;0.013407
1360;-0.093569;0.284794;0.275416
1361;-0.206160;0.233956;0.225615
1362;-0.309824;0.198220;-0.063764
1363;-0.426860;0.043990;-0.127384
1364;-0.517151;-0.057690;-0.032727
1365;-0.563622;-0.131580;-0.103814
1366;-0.632763;-0.234382;-0.252224
1367;-0.753662;-0.239639;-0.288911
1368;-0.874733;-0.196873;-0.261305
1369;-0.945392;-0.264556;-0.278501
1370;-1.028475;0.008164;-0.271456
1371;-0.802458;0.086292;-0.218054
1372;-0.770457;-0.041571;-0.161720
1373;-0.675969;0.261190;-0.136100
1374;-0.377294;0.635928;-0.087157
1375;-0.036270;0.661354;-0.007410
1376;0.183923;0.536429;-0.107786
1377;0.438566;0.544308;-0.159967
1378;0.603096;0.519674;-0.053000
1379;0.725251;0.445885;0.115632
1380;0.757805;0.417392;0.215096
1381;0.700639;0.450761;0.257298
1382;0.663631;0.601078;0.302623
1383;0.737657;0.665642;0.227614
1384;0.660465;0.774744;0.331494
1385;0.651025;0.781043;0.160509
1386;0.252329;0.608909;-0.113644
1387;-0.124738;0.456743;-0.009014
1388;-0.186448;0.331659;0.174753
1389;-0.200270;0.220765;0.080793
1390;-0.311635;0.053902;-0.141513
1391;-0.468681;-0.075108;-0.171473
1392;-0.547279;-0.155315;-0.129336
1393;-0.588761;-0.151189;-0.126877
1394;-0.669903;-0.247258;-0.162040
1395;-0.813208;-0.286229;-0.211562
1396;-0.867479;-0.214600;-0.227443
1397;-0.901948;-0.118240;-0.131629
1398;-0.836242;0.062405;-0.016932
1399;-0.668723;-0.088475;-0.077602
1400;-0.745667;-0.094915;-0.082744
1401;-0.508432;0.220328;-0.089203
1402;-0.249556;0.468839;-0.027401
1403;-0.060010;0.517038;0.058186
1404;0.101767;0.431512;-0.092815
1405;0.270673;0.466697;-0.161887
1406;0.512358;0.541530;-0.006610
1407;0.687731;0.487875;0.086352
1408;0.661397;0.496187;0.106551
1409;0.661111;0.595537;0.135811
1410;0.760294;0.580507;0.116231
1411;0.622814;0.630144;0.041558
1412;0.642076;0.798521;0.228064
1413;0.712435;0.635798;0.095530
1414;0.288710;0.550758;-0.104228
1415;0.024408;0.421340;0.035537
1416;-0.129878;0.338472;0.201651
1417;-0.162045;0.223556;0.080815
1418;-0.231890;0.108663;-0.108054
1419;-0.293681;0.004199;-0.146443
1420;-0.316813;-0.022831;-0.104892
1421;-0.485202;-0.096114;-0.070846
1422;-0.682128;-0.220994;-0.107983
1423;-0.919929;-0.215436;-0.161284
1424;-1.025063;-0.255666;-0.309309
1425;-0.975350;-0.239042;-0.200211
1426;-0.843092;0.022455;-0.066676
1427;-0.740397;-0.082247;0.077143
1428;-0.848582;-0.109682;0.104882
1429;-0.695587;0.172761;0.024023
1430;-0.431120;0.316943;0.007418
1431;-0.224148;0.440011;-0.108676
1432;0.010578;0.504173;-0.227152
1433;0.312926;0.614882;-0.190724
1434;0.727008;0.588516;-0.121374
1435;0.842843;0.569132;0.070666
1436;0.841579;0.577032;0.170902
1437;0.834715;0.653009;0.191780
1438;0.845303;0.656947;0.203332
1439;0.685331;0.771924;0.288935
1440;0.715668;0.716239;0.230333
1441;0.456775;0.496083;-0.036482
1442;0.079922;0.433969;0.021006
1443;-0.045289;0.357345;0.207748
1444;-0.098642;0.381512;0.076907
1445;-0.115741;0.205357;-0.190274
1446;-0.257487;0.073609;-0.221177
1447;-0.372652;-0.048105;-0.168097
1448;-0.472676;-0.106753;-0.106756
1449;-0.543162;-0.228811;-0.105387
1450;-0.677131;-0.273873;-0.172213
1451;-0.815362;-0.220159;-0.127690
1452;-0.869532;-0.238263;-0.055447
1453;-0.918603;-0.066567;-0.088050
1454;-0.832009;0.041967;-0.138020
1455;-0.838003;-0.192040;-0.084024
1456;-0.805224;-0.076455;-0.059659
1457;-0.605100;0.288394;-0.094568
1458;-0.365056;0.505358;-0.065913
1459;-0.171154;0.558347;-0.110237
1460;0.047114;0.574068;-0.066911
1461;0.448688;0.559247;0.019607
1462;0.741100;0.575599;0.104860
1463;0.826164;0.387226;0.070529
1464;0.899230;0.487296;0.050734
1465;0.769201;0.623522;0.036153
1466;0.653098;0.615251;0.025736
1467;0.566961;0.771877;0.083639
1468;0.546593;0.807585;0.193932
1469;0.528767;0.475614;0.034542
1470;0.113205;0.413645;-0.136138
1471;0.006027;0.412506;0.111533
1472;0.050561;0.338928;0.175779
1473;-0.091256;0.228371;-0.042907
1474;-0.184028;0.060054;-0.194017
1475;-0.282643;-0.034029;-0.127383
1476;-0.446409;-0.103505;-0.004230
1477;-0.535618;-0.155027;0.025431
1478;-0.738687;-0.132319;-0.188651
1479;-1.048976;-0.275092;-0.196700
1480;-1.233602;-0.313209;-0.072829
1481;-1.201024;-0.163054;0.038554
1482;-0.911845;0.046659;-0.000626
1483;-0.624303;-0.072291;-0.038980
1484;-0.574147;0.086300;-0.082852
1485;-0.298347;0.398171;-0.069337
1486;-0.071863;0.495751;-0.038994
1487;0.041649;0.430669;-0.065255
1488;0.206145;0.387166;-0.191262
1489;0.502840;0.408196;-0.232719
1490;0.618285;0.388837;-0.112132
1491;0.585344;0.361335;-0.015249
1492;0.567013;0.367955;0.013266
1493;0.539923;0.543729;0.045212
1494;0.618818;0.538890;-0.013892
1495;0.584294;0.718012;0.077012
1496;0.735045;0.779385;0.118414
1497;0.628475;0.484288;-0.128855
1498;0.248397;0.423681;-0.139423
1499;0.120651;0.367609;0.152642
1500;0.013162;0.300126;0.301078
1501;-0.055801;0.189510;0.115653
1502;-0.102143;0.098741;-0.083824
1503;-0.218153;0.023392;-0.070487
1504;-0.357146;-0.025730;-0.014921
1505;-0.553581;-0.079484;-0.035049
1506;-0.737238;-0.128559;-0.129750
1507;-0.920240;-0.162975;-0.173126
1508;-0.942987;-0.241452;-0.163387
1509;-0.965889;0.021756;-0.126671
1510;-0.785734;0.029427;-0.194094
1511;-0.736671;-0.255832;-0.205155
1512;-0.656315;-0.032033;-0.168161
1513;-0.335021;0.145477;-0.149756
1514;-0.191967;0.267319;-0.075945
1515;-0.026237;0.205162;-0.081962
1516;0.034448;0.302604;-0.083093
1517;0.222677;0.361164;0.016894
1518;0.410359;0.392623;0.077333
1519;0.491669;0.390444;0.077586
1520;0.545459;0.426539;0.074322
1521;0.631658;0.564504;0.159991
1522;0.748906;0.534592;0.163807
1523;0.700898;0.650739;0.227887
1524;0.769794;0.620607;0.322440
1525;0.463250;0.409501;0.051041
1526;0.230454;0.439756;0.044325
1527;0.198160;0.426536;0.152250
1528;0.116949;0.358122;0.104770
1529;0.060575;0.220179;-0.070993
1530;-0.092608;0.100093;-0.149267
1531;-0.241937;0.027351;-0.044894
1532;-0.442188;-0.001491;-0.028872
1533;-0.622143;-0.197359;-0.116572
1534;-0.673140;-0.244916;-0.220444
1535;-0.728787;-0.198952;-0.262443
1536;-0.728341;-0.233695;-0.212056
1537;-0.692054;0.024365;-0.080796
1538;-0.521722;0.079309;-0.104591
1539;-0.497969;-0.152697;-0.227889
1540;-0.350038;-0.010148;-0.187671
1541;-0.088432;0.216226;0.053830
1542;0.027400;0.028271;-0.024587
1543;0.041370;0.011706;-0.066433
1544;0.076463;0.123615;-0.031929
1545;0.193727;0.105647;-0.030557
1546;0.186814;0.139424;0.040406
1547;0.129336;0.118179;0.000557
1548;0.101424;0.184205;0.029516
1549;0.232151;0.371150;0.292633
1550;0.319539;0.309776;0.333841
1551;0.270172;0.448829;0.437765
1552;0.446391;0.450416;0.385144
1553;0.371008;0.043247;0.053547
1554;-0.064993;0.023251;0.182724
1555;-0.073069;0.072294;0.311612
1556;0.052818;0.096983;0.196393
1557;0.062058;-0.015181;0.017839
1558;0.098116;-0.047064;0.052552
1559;0.159953;-0.043867;-0.160083
1560;0.040439;-0.090364;-0.155037
1561;-0.036375;-0.146565;-0.155416
1562;0.017859;-0.192913;-0.139067
1563;-0.086491;-0.199690;-0.169393
1564;-0.197398;-0.102148;-0.092906
1565;-0.250424;0.237716;0.013548
1566;-0.050226;0.108371;-0.148581
1567;-0.113692;-0.070858;-0.089364
1568;-0.056194;0.111386;0.061338
1569;-0.004796;0.160223;-0.182671
1570;0.065042;-0.001508;-0.058440
1571;0.108685;-0.034289;-0.067960
1572;0.136402;0.040281;-0.072088
1573;0.147017;0.035451;0.054881
1574;0.125755;-0.004803;0.167138
1575;0.183828;0.048585;0.055781
1576;0.099386;0.104418;0.077547
1577;0.044802;0.091000;0.147394
1578;0.024293;0.103320;0.030731
1579;-0.060458;0.213214;0.137991
1580;-0.050984;0.277176;0.103191
1581;0.061345;0.111663;-0.039138
1582;0.083030;-0.075629;-0.054183
1583;0.037465;-0.145384;-0.001751
1584;0.002040;-0.027646;0.163718
1585;0.006485;0.058385;0.102908
1586;0.061096;0.016262;-0.025223
1587;0.101278;-0.036195;0.027425
1588;0.079778;-0.096941;-0.019818
1589;0.010710;-0.123456;0.033859
1590;-0.014886;-0.107865;0.064210
1591;-0.031488;-0.078990;-0.011405
1592;-0.076640;-0.065778;-0.056337
1593;-0.070915;-0.058005;-0.018687
1594;-0.058338;-0.063854;-0.041173
1595;-0.076591;-0.065496;0.007512
1596;-0.067169;-0.041723;0.073482
1597;-0.022571;-0.029313;0.008860
1598;0.011110;-0.012730;0.021096
1599;-0.067737;0.121055;0.074790
1600;0.027617;0.013797;-0.003418
1601;0.041856;-0.086411;0.045044
1602;0.025094;-0.037440;0.058084
1603;0.044613;0.051529;0.062064
1604;0.039390;0.062157;0.011268
1605;0.055893;0.026721;-0.030982
1606;0.059509;0.038178;0.014729
1607;0.059411;0.040619;0.032521
1608;0.055755;0.002673;0.039105
1609;0.000551;0.036634;0.052504
1610;-0.035253;0.061847;-0.023985
1611;0.024230;0.023693;-0.028702
1612;0.036870;-0.010025;-0.015114
1613;0.038469;-0.055844;-0.022355
1614;-0.038220;0.014052;0.069053
1615;-0.000641;0.149242;-0.026642
1616;0.135629;-0.011840;-0.108753
1617;0.012521;-0.071142;0.036616
1618;0.023793;0.027358;0.027363
1619;0.063331;0.029901;0.055379
1620;0.028306;-0.001983;0.115650
1621;0.010374;0.041895;-0.032745
1622;0.051518;0.051113;-0.051227
1623;0.017481;0.006047;0.082152
1624;0.000631;0.006887;0.048003
1625;0.029563;0.004018;0.038794
1626;0.037869;0.015891;0.045357
1627;0.009089;0.024367;0.001939
1628;0.018533;0.011132;-0.028281
1629;0.026887;0.001304;0.027348
1630;0.027464;-0.032284;0.078551
