index;x;y;z
0;0.000545;-0.051929;-0.002444
1;-0.032504;-0.028909;0.004271
2;0.008711;-0.003588;-0.027504
3;0.000325;-0.003920;0.029734
4;0.025755;0.037347;-0.063784
5;0.029625;0.013417;-0.026548
6;-0.039338;-0.022502;0.025621
7;0.025287;0.005063;-0.025432
8;0.028180;0.016213;-0.007845
9;-0.024785;0.012014;0.002833
10;-0.058084;-0.016207;0.002443
11;0.061017;0.023697;0.029975
12;-0.034496;0.006420;0.036119
13;0.004094;-0.013007;-0.019694
14;-0.050306;-0.004845;0.003532
15;0.024273;-0.016848;-0.026894
16;-0.000753;-0.024570;0.032957
17;-0.031061;0.013440;-0.021426
18;-0.040705;-0.023066;-0.071861
19;-0.030834;-0.014511;-0.001219
20;-0.039915;-0.020488;0.041530
21;-0.019846;-0.008420;0.024230
22;-0.008151;-0.027529;0.026169
23;-0.014872;-0.025631;-0.002421
24;-0.012122;-0.018678;0.028405
25;-0.031453;-0.029471;0.022567
26;-0.004148;-0.006532;0.039793
27;0.018936;0.012393;-0.004776
28;-0.007638;-0.024630;-0.006092
29;0.004279;-0.015584;0.033842
30;0.033462;0.010622;0.000816
31;0.042729;0.008858;-0.017805
32;0.044539;0.015025;-0.031061
33;0.005203;-0.019582;-0.023625
34;-0.034240;-0.021147;-0.009235
35;-0.017873;-0.001588;-0.009935
36;0.029771;0.019623;-0.031588
37;-0.003202;-0.010579;-0.016477
38;0.000496;0.007487;0.018653
39;-0.012008;-0.021852;0.009003
40;0.010692;-0.017713;0.045488
41;-0.002321;-0.004324;0.049627
42;0.039865;0.017065;0.041516
43;0.054056;0.028674;0.012851
44;0.029476;0.032788;-0.032152
45;-0.017145;0.000460;-0.043651
46;-0.025882;-0.017420;-0.001042
47;-0.009552;-0.025604;-0.006424
48;0.033766;-0.008826;0.021567
49;0.034422;-0.014705;0.006186
50;0.000387;-0.015866;-0.021377
51;-0.044639;-0.014800;-0.050020
52;-0.063073;-0.031909;-0.038495
53;-0.045485;-0.019636;-0.025294
54;-0.022367;-0.008492;-0.011595
55;0.008022;-0.019032;0.014549
56;0.004200;-0.026859;0.050512
57;-0.016405;-0.017386;0.005328
58;-0.011256;-0.019744;-0.016793
59;-0.018666;-0.012031;-0.023293
60;-0.011166;-0.009944;-0.024330
61;0.011510;-0.005223;-0.017296
62;0.019984;-0.005290;0.003413
63;-0.017804;-0.018767;0.002151
64;0.010139;-0.011410;0.043994
65;0.012550;-0.000713;-0.004838
66;0.016002;0.009955;-0.048569
67;0.010950;0.021246;-0.010061
68;0.033652;0.013067;0.001790
69;0.030273;0.040005;-0.065877
70;0.036607;0.013082;0.004986
71;0.015783;-0.029743;0.099406
72;0.007503;-0.012777;0.025428
73;0.019305;0.006189;-0.002421
74;0.000304;-0.007976;0.002907
75;-0.003653;0.000261;0.005483
76;-0.009432;-0.016715;0.020126
77;0.000978;-0.010172;-0.008066
78;0.000094;-0.017352;0.013057
79;0.004939;-0.011566;0.010563
80;0.007047;-0.013900;0.014578
81;-0.004304;-0.032050;0.004713
82;-0.034493;-0.055090;0.020218
83;-0.060838;-0.062326;-0.017384
84;-0.076832;-0.058508;-0.045678
85;-0.053924;-0.077557;-0.056783
86;-0.084578;-0.094514;-0.039004
87;-0.146829;-0.060127;-0.066555
88;-0.126479;-0.080816;-0.063794
89;-0.065788;-0.109668;-0.024359
90;-0.092789;-0.047425;-0.093795
91;-0.110896;-0.024778;-0.143665
92;-0.155488;-0.037806;-0.101508
93;-0.137444;-0.015240;-0.068072
94;0.053769;0.095957;-0.026582
95;0.014870;0.002350;-0.130888
96;0.079434;0.091138;-0.010645
97;0.141118;0.133843;0.055680
98;0.149969;0.202855;0.133984
99;0.202309;0.251834;0.103273
100;0.247716;0.343436;0.198083
101;0.322291;0.408273;0.200289
102;0.379356;0.406011;0.190187
103;0.348353;0.417807;0.266687
104;0.374926;0.349879;0.175954
105;0.223565;0.228835;0.211314
106;0.090824;0.193052;0.151661
107;0.092028;0.249677;-0.000947
108;-0.005562;0.149876;0.002830
109;-0.101727;0.065583;-0.177234
110;-0.233395;-0.054479;-0.256007
111;-0.272513;-0.167540;-0.148598
112;-0.443683;-0.240769;-0.168053
113;-0.325821;-0.203895;-0.408093
114;-0.426023;-0.324351;-0.227672
115;-0.326137;-0.307888;-0.131312
116;-0.367281;-0.359761;-0.186909
117;-0.310112;-0.306566;-0.056598
118;-0.316539;-0.213010;0.069449
119;-0.476726;-0.080534;-0.133390
120;-0.449215;-0.100344;-0.231060
121;-0.300771;-0.007893;-0.108475
122;-0.169836;0.020560;-0.253053
123;-0.007100;0.060900;-0.158456
124;0.049067;0.253079;-0.010781
125;0.250235;0.327513;-0.035645
126;0.349044;0.314344;-0.160147
127;0.360805;0.237266;-0.026780
128;0.271979;0.162674;0.134583
129;0.148570;0.099478;0.205950
130;0.020112;0.160846;0.048794
131;0.141879;0.211338;-0.048195
132;0.262280;0.349479;0.055872
133;0.455023;0.346004;0.085895
134;0.498361;0.329920;0.230248
135;0.333141;0.303112;0.272113
136;0.344961;0.389088;0.208135
137;0.334244;0.410139;0.079836
138;0.234559;0.289842;-0.051253
139;0.152680;0.170914;-0.094090
140;0.033407;0.175193;-0.026247
141;-0.012892;0.167829;0.028739
142;-0.047606;0.156650;-0.003205
143;-0.120648;0.068766;-0.115666
144;-0.279242;-0.040040;-0.179890
145;-0.433690;-0.134760;-0.220145
146;-0.579215;-0.231755;-0.276964
147;-0.604970;-0.290861;-0.381845
148;-0.614802;-0.336966;-0.396314
149;-0.661179;-0.352402;-0.338552
150;-0.686611;-0.386866;-0.272071
151;-0.696337;-0.181615;-0.226956
152;-0.790343;0.070571;-0.298656
153;-0.774666;0.046760;-0.249641
154;-0.350668;0.101188;-0.194265
155;-0.096776;0.194324;-0.188239
156;-0.007030;0.337999;-0.206058
157;0.065932;0.425846;-0.106495
158;0.208556;0.361533;-0.010533
159;0.237926;0.406676;-0.038112
160;0.214841;0.368336;-0.049726
161;0.261812;0.371431;0.037588
162;0.406534;0.352372;0.057775
163;0.373386;0.342510;0.049934
164;0.524531;0.304072;0.065832
165;0.492633;0.397534;0.155212
166;0.418011;0.409836;0.071295
167;0.385890;0.336928;0.016916
168;0.307499;0.537961;0.333034
169;0.357661;0.502795;0.108038
170;0.185443;0.153334;0.088939
171;0.139427;0.205702;0.186809
172;0.105447;0.336937;0.045410
173;0.113372;0.455448;0.013833
174;0.052197;-0.092525;-0.046530
175;-0.153774;0.353709;-0.117063
176;-0.175268;-0.024763;-0.150414
177;-0.296974;-0.115701;0.073574
178;-0.254032;-0.043253;-0.179831
179;-0.285631;-0.102689;-0.250163
180;-0.457770;-0.194209;-0.203632
181;-0.646343;-0.269280;-0.240948
182;-0.712577;-0.302837;-0.298537
183;-0.759219;-0.210773;-0.203007
184;-0.721170;-0.029361;-0.215775
185;-0.694996;-0.220392;-0.175982
186;-0.592698;-0.247737;-0.176936
187;-0.395071;0.088712;-0.211791
188;-0.251215;0.177821;-0.177452
189;-0.162927;0.328410;-0.062558
190;-0.033505;0.321486;-0.231692
191;0.049966;0.376993;-0.121790
192;0.175838;0.430921;0.009115
193;0.383557;0.363618;0.030431
194;0.550085;0.426159;0.159072
195;0.566247;0.395053;0.182909
196;0.615542;0.411367;0.227291
197;0.601073;0.370752;0.217818
198;0.474186;0.511907;0.236608
199;0.571783;0.573226;0.244987
200;0.618349;0.363338;0.176362
201;0.282997;0.313790;0.127332
202;0.164725;0.342820;0.116943
203;0.177525;0.380510;0.125532
204;0.103255;0.317315;0.104964
205;-0.025519;0.191059;0.067006
206;-0.171129;0.123120;0.027144
207;-0.326755;0.126269;-0.129615
208;-0.539653;-0.034933;-0.141858
209;-0.575123;-0.171594;-0.123656
210;-0.645188;-0.191236;-0.183285
211;-0.801056;-0.307530;-0.246409
212;-0.822614;-0.398519;-0.266068
213;-0.750968;-0.300930;-0.263240
214;-0.742331;-0.214195;-0.255742
215;-0.809439;-0.235841;-0.118479
216;-0.700208;-0.026855;-0.118579
217;-0.673373;0.140632;-0.201957
218;-0.552473;0.294010;-0.140337
219;-0.353813;0.493161;-0.172590
220;-0.101383;0.522809;-0.222841
221;0.156989;0.616297;-0.055143
222;0.333268;0.624601;0.057135
223;0.546530;0.518431;0.084954
224;0.664499;0.536489;0.178433
225;0.659609;0.442482;0.349843
226;0.683232;0.434986;0.289587
227;0.595570;0.516001;0.165420
228;0.518483;0.612632;0.339279
229;0.692836;0.629552;0.330673
230;0.544304;0.494679;0.128873
231;0.200728;0.490448;0.198747
232;0.242771;0.468614;0.200685
233;0.210853;0.445691;0.167974
234;0.109956;0.373651;0.156586
235;-0.070837;0.313408;0.112756
236;-0.259236;0.249598;0.012499
237;-0.471357;0.188389;-0.056248
238;-0.582746;0.161970;-0.148763
239;-0.848159;0.054739;-0.308980
240;-1.138549;-0.150678;-0.216970
241;-1.194384;-0.292038;-0.176182
242;-1.182521;-0.346269;-0.175449
243;-1.083994;-0.231804;-0.165030
244;-1.040019;-0.333413;-0.075483
245;-0.897277;-0.236190;-0.082927
246;-0.694848;0.119857;-0.145712
247;-0.606618;0.200031;-0.106781
248;-0.408072;0.469595;-0.141192
249;-0.222595;0.695796;-0.270313
250;-0.005262;0.650672;-0.238519
251;0.192420;0.807223;-0.061355
252;0.458945;0.653581;0.065892
253;0.573855;0.539346;0.141775
254;0.613979;0.608939;0.185898
255;0.656970;0.623850;0.200753
256;0.782356;0.640482;0.250932
257;0.719829;0.783787;0.313300
258;0.877738;0.705503;0.323166
259;0.665839;0.592461;0.089822
260;0.288514;0.579488;0.211140
261;0.264372;0.554745;0.286781
262;0.194144;0.557506;0.196247
263;-0.004564;0.471827;0.090022
264;-0.219223;0.387859;-0.018069
265;-0.373744;0.377260;-0.090877
266;-0.651415;0.345229;-0.133511
267;-0.989494;0.041853;0.026726
268;-1.048395;-0.080154;-0.136213
269;-1.072060;-0.110468;-0.354340
270;-1.113142;-0.236158;-0.380358
271;-1.106988;-0.055005;-0.357065
272;-0.988256;0.066599;-0.409033
273;-1.024966;-0.154513;-0.304501
274;-0.931596;0.014069;-0.288718
275;-0.739330;0.311073;-0.197879
276;-0.539838;0.497393;-0.072889
277;-0.345212;0.548191;-0.093784
278;-0.044161;0.803380;-0.201260
279;0.221124;0.829252;-0.220724
280;0.451576;0.823929;-0.000980
281;0.597175;0.656381;0.194885
282;0.620857;0.565221;0.348578
283;0.804299;0.676166;0.299780
284;0.900397;0.634266;0.178029
285;0.817268;0.608245;0.164846
286;0.832516;0.739399;0.317411
287;1.072748;0.758213;0.435840
288;0.552229;0.746275;0.295313
289;0.198264;0.775286;0.122817
290;-0.029171;0.723267;0.024906
291;-0.238770;0.505096;-0.021094
292;-0.380904;0.327583;-0.096649
293;-0.480265;0.216052;-0.114360
294;-0.563695;0.139264;-0.096184
295;-0.703831;0.039016;-0.109871
296;-0.817810;-0.022717;-0.197700
297;-0.957719;-0.119399;-0.325455
298;-1.064012;-0.285161;-0.364244
299;-1.066195;-0.251716;-0.342202
300;-0.923762;-0.024566;-0.275029
301;-0.903813;-0.117870;-0.202121
302;-0.913552;-0.249761;-0.200983
303;-0.784581;0.027453;-0.277049
304;-0.545870;0.363367;-0.142815
305;-0.307232;0.539162;-0.109375
306;-0.073446;0.526783;-0.159842
307;0.012646;0.650790;-0.124428
308;0.231720;0.628953;-0.011634
309;0.415201;0.669848;0.163187
310;0.601566;0.586616;0.270810
311;0.658553;0.676084;0.390850
312;0.763515;0.625093;0.409406
313;0.771368;0.559983;0.409806
314;0.633681;0.658458;0.479576
315;0.746799;0.628106;0.455872
316;0.579930;0.463364;0.268843
317;0.119179;0.496431;0.279335
318;0.135535;0.514073;0.235806
319;0.096325;0.434850;0.084392
320;-0.041339;0.307313;0.026469
321;-0.142074;0.194757;-0.014863
322;-0.313629;0.083306;-0.000944
323;-0.518051;0.050722;-0.024967
324;-0.651881;0.088223;-0.136336
325;-0.731952;0.024659;-0.312406
326;-0.870372;-0.122039;-0.402924
327;-0.990534;-0.250849;-0.403369
328;-1.170008;-0.214861;-0.329951
329;-1.121087;-0.199604;-0.307208
330;-0.883544;-0.234130;-0.183155
331;-0.664652;0.053939;-0.241956
332;-0.543512;0.226818;-0.186023
333;-0.386668;0.295659;-0.079950
334;-0.284393;0.418797;-0.158596
335;-0.165972;0.418967;-0.206703
336;-0.014004;0.611742;-0.056912
337;0.220887;0.570843;0.132175
338;0.464456;0.563633;0.206153
339;0.606377;0.573436;0.287748
340;0.626971;0.558433;0.346593
341;0.676966;0.611242;0.299079
342;0.763777;0.576606;0.245654
343;0.694851;0.789346;0.324012
344;0.896078;0.763353;0.206472
345;0.603299;0.659572;0.043803
346;0.182230;0.614426;0.103547
347;0.072674;0.512806;0.198373
348;-0.003344;0.429074;0.227827
349;-0.079168;0.310596;0.170536
350;-0.087649;0.255898;0.043547
351;-0.320346;0.233672;-0.029727
352;-0.674383;0.123030;-0.105768
353;-0.847140;0.008657;-0.239024
354;-0.980331;-0.067078;-0.336958
355;-1.120058;-0.098866;-0.374684
356;-1.179183;-0.182463;-0.321193
357;-1.149541;-0.071698;-0.296051
358;-0.987429;0.072216;-0.310732
359;-0.894515;-0.062427;-0.261303
360;-0.799367;0.108588;-0.236768
361;-0.574066;0.268904;-0.154363
362;-0.417448;0.460972;-0.054318
363;-0.170118;0.523218;-0.084546
364;0.046329;0.598243;-0.137331
365;0.208512;0.627502;-0.067991
366;0.499357;0.616125;0.115210
367;0.653416;0.577927;0.215848
368;0.596664;0.557936;0.106131
369;0.640040;0.563940;0.094757
370;0.766086;0.560695;0.153074
371;0.748302;0.671392;0.292358
372;0.837260;0.732603;0.433464
373;0.769846;0.532967;0.348915
374;0.367155;0.573080;0.258005
375;0.297374;0.522756;0.231419
376;0.232195;0.521678;0.190520
377;0.104150;0.448395;0.150183
378;-0.052621;0.393229;0.014921
379;-0.317443;0.286124;-0.046247
380;-0.616559;0.180880;0.007837
381;-0.758568;0.117658;0.015283
382;-0.786795;0.074622;-0.312968
383;-0.976817;-0.014381;-0.615806
384;-1.106198;-0.143349;-0.627532
385;-1.155713;-0.110063;-0.492653
386;-1.064358;0.011263;-0.515120
387;-0.987548;-0.121133;-0.457365
388;-0.900672;0.077623;-0.353202
389;-0.722161;0.294892;-0.259251
390;-0.546887;0.466735;-0.104993
391;-0.243188;0.649233;-0.130084
392;0.002885;0.662183;-0.207185
393;0.176115;0.753934;-0.112220
394;0.465775;0.834010;0.018509
395;0.671085;0.645973;0.334998
396;0.599252;0.504007;0.437167
397;0.584635;0.489572;0.347979
398;0.695959;0.520000;0.233607
399;0.800466;0.552266;0.277348
400;0.774219;0.732654;0.382004
401;0.864004;0.680345;0.422394
402;0.644888;0.723770;0.284099
403;0.283041;0.713558;0.243384
404;0.081934;0.668911;0.110941
405;0.003829;0.523060;-0.014807
406;-0.148592;0.356185;-0.084214
407;-0.391264;0.219529;-0.065315
408;-0.542385;0.162872;-0.062417
409;-0.692327;0.082453;-0.077731
410;-0.841250;-0.038657;-0.195381
411;-0.978744;-0.090553;-0.326818
412;-1.098934;-0.166512;-0.364824
413;-1.155825;-0.258609;-0.320156
414;-1.202265;-0.141907;-0.359898
415;-1.085072;-0.083509;-0.353632
416;-0.966670;-0.094821;-0.172479
417;-0.755442;0.218683;-0.179044
418;-0.590622;0.468803;-0.143976
419;-0.344999;0.548126;-0.096398
420;-0.156714;0.568627;-0.161065
421;0.012685;0.699339;-0.145828
422;0.388772;0.700954;-0.053261
423;0.621750;0.645379;0.134463
424;0.806395;0.531328;0.237089
425;0.846680;0.572560;0.229665
426;0.832228;0.612507;0.257638
427;0.773306;0.534079;0.213799
428;0.692613;0.669223;0.161574
429;0.817078;0.709560;0.290305
430;0.548611;0.575604;0.255962
431;0.212715;0.611945;0.258766
432;0.097464;0.529288;0.221780
433;0.032401;0.451322;0.073173
434;-0.053757;0.315432;-0.051992
435;-0.188737;0.213630;-0.059505
436;-0.276577;0.178229;-0.037193
437;-0.475425;0.175407;0.005387
438;-0.637544;0.114413;-0.077342
439;-0.846694;-0.044992;-0.254454
440;-1.026566;-0.172186;-0.216685
441;-1.185694;-0.299410;-0.174591
442;-1.307805;-0.253207;-0.052692
443;-1.160165;-0.149233;-0.008138
444;-1.002997;-0.175435;0.022223
445;-0.888934;0.091882;-0.057117
446;-0.686678;0.256725;-0.091438
447;-0.437002;0.464810;-0.106741
448;-0.206521;0.550671;-0.265381
449;-0.091782;0.543839;-0.259151
450;0.127643;0.833067;-0.122889
451;0.571106;0.710696;0.029482
452;0.545734;0.532827;0.101007
453;0.593186;0.549701;0.153776
454;0.817279;0.636607;0.214382
455;0.876419;0.579487;0.155888
456;0.765140;0.620740;0.116531
457;0.888724;0.796295;0.275522
458;0.788007;0.620319;0.170987
459;0.303461;0.623897;0.081408
460;0.097423;0.539650;0.104047
461;0.041105;0.470291;0.052546
462;0.004093;0.321184;-0.002090
463;-0.050162;0.253015;0.017473
464;-0.180941;0.207240;0.015201
465;-0.330086;0.142845;-0.004610
466;-0.518378;0.078709;-0.049655
467;-0.759696;-0.017879;-0.057041
468;-0.950806;-0.036136;-0.059180
469;-1.031040;-0.114079;-0.161723
470;-1.088975;-0.203297;-0.275615
471;-1.144006;-0.060391;-0.301576
472;-1.040273;-0.145550;-0.076337
473;-0.965533;-0.230215;0.014583
474;-0.850116;0.064323;-0.176698
475;-0.622730;0.276098;-0.165233
476;-0.390197;0.478721;-0.078638
477;-0.132295;0.536672;-0.168076
478;0.056375;0.664153;-0.212118
479;0.374843;0.624535;-0.159975
480;0.605231;0.630587;-0.030462
481;0.590539;0.512251;-0.055399
482;0.561637;0.494943;-0.023358
483;0.675678;0.607622;0.056544
484;0.873710;0.589939;0.100068
485;0.806272;0.600801;0.173632
486;0.702336;0.670207;0.177140
487;0.642587;0.522029;0.112433
488;0.303503;0.493470;0.134829
489;0.105293;0.446424;0.216804
490;0.033927;0.429392;0.084802
491;-0.036779;0.287803;-0.003254
492;-0.120537;0.158992;-0.019798
493;-0.232477;0.114802;-0.022892
494;-0.360595;0.091794;-0.104685
495;-0.583396;-0.070974;-0.070404
496;-0.655256;-0.142305;-0.016812
497;-0.815025;-0.086933;-0.233430
498;-1.047511;-0.144047;-0.402368
499;-1.123385;-0.121679;-0.286261
500;-1.045058;-0.006870;-0.171666
501;-0.951707;-0.239053;-0.100152
502;-0.807661;-0.128470;-0.131487
503;-0.566325;0.209602;-0.132269
504;-0.318432;0.343971;-0.005131
505;-0.123685;0.453193;-0.094263
506;-0.054501;0.442539;-0.221910
507;0.083080;0.465830;-0.156646
508;0.333898;0.567550;0.017370
509;0.645820;0.527597;0.168371
510;0.676230;0.501708;0.161182
511;0.681211;0.606381;0.127662
512;0.759510;0.640834;0.214434
513;0.823637;0.634603;0.207631
514;0.782878;0.782614;0.339064
515;0.705187;0.599544;0.273548
516;0.288381;0.519673;0.075144
517;0.143278;0.441633;0.138211
518;0.147100;0.482281;0.132251
519;-0.010965;0.378531;0.025295
520;-0.224461;0.216763;-0.065215
521;-0.377470;0.156945;-0.124258
522;-0.524799;0.107639;-0.114287
523;-0.702138;-0.025143;-0.107989
524;-0.885006;-0.159288;-0.152972
525;-0.942449;-0.194748;-0.295553
526;-0.942100;-0.189295;-0.399610
527;-0.980335;-0.098600;-0.303088
528;-0.885215;0.032863;-0.292408
529;-0.824745;-0.125814;-0.293564
530;-0.767172;-0.072653;-0.215723
531;-0.617561;0.184748;-0.184312
532;-0.429438;0.345814;-0.131470
533;-0.212262;0.451377;-0.075205
534;0.070372;0.539581;-0.140531
535;0.239020;0.531088;-0.173952
536;0.334049;0.473466;-0.047590
537;0.437254;0.449399;0.104581
538;0.499667;0.387536;0.208374
539;0.540488;0.445033;0.235656
540;0.627465;0.528537;0.203069
541;0.711507;0.462390;0.125841
542;0.729973;0.612725;0.181237
543;0.952059;0.616533;0.332676
544;0.717603;0.539960;0.248921
545;0.202015;0.519065;0.177137
546;0.145900;0.544534;0.067373
547;0.108874;0.498326;-0.065136
548;-0.030057;0.352929;-0.067417
549;-0.217249;0.174387;-0.060509
550;-0.339526;0.094027;-0.062764
551;-0.453658;0.037530;-0.094007
552;-0.590287;-0.029263;-0.159174
553;-0.728470;-0.087002;-0.227991
554;-0.957902;-0.117679;-0.227677
555;-1.091392;-0.232360;-0.093691
556;-1.086282;-0.144162;-0.106364
557;-0.953508;-0.065731;-0.169276
558;-0.919148;-0.232477;-0.128419
559;-0.794296;-0.035193;-0.054719
560;-0.565129;0.162331;0.002928
561;-0.448791;0.262305;0.018410
562;-0.346483;0.423147;-0.050056
563;-0.002278;0.590229;-0.151250
564;0.257869;0.617776;-0.155627
565;0.439101;0.552333;-0.056348
566;0.567350;0.481312;0.093681
567;0.668550;0.519666;0.135455
568;0.739245;0.606199;0.152502
569;0.776545;0.549164;0.155176
570;0.706486;0.640137;0.151107
571;0.774194;0.667301;0.220522
572;0.674130;0.463860;0.118520
573;0.299452;0.590280;0.196555
574;0.227120;0.544080;0.120638
575;0.162448;0.465020;0.005051
576;0.046210;0.345004;-0.058674
577;-0.141320;0.260643;-0.031006
578;-0.305021;0.258411;-0.020837
579;-0.504429;0.116423;0.026484
580;-0.613049;0.015743;-0.001676
581;-0.673446;-0.020984;-0.096058
582;-0.877045;-0.104695;-0.169602
583;-1.080547;-0.200424;-0.145102
584;-1.205051;-0.224985;-0.106814
585;-1.195164;-0.139958;-0.164015
586;-1.131032;-0.225441;-0.107134
587;-0.979854;-0.041469;-0.140721
588;-0.701744;0.248913;-0.215542
589;-0.474235;0.389413;-0.152248
590;-0.202495;0.491646;-0.211874
591;-0.021922;0.645196;-0.240676
592;0.150950;0.565921;-0.160783
593;0.310318;0.745060;0.027189
594;0.487284;0.627018;0.128314
595;0.613391;0.598941;0.244393
596;0.794904;0.668171;0.304642
597;0.884568;0.624143;0.280285
598;0.848873;0.636121;0.226367
599;0.724750;0.718961;0.281836
600;0.776178;0.653378;0.194157
601;0.317293;0.619336;0.168077
602;0.142209;0.553151;0.113456
603;0.104606;0.552341;-0.053393
604;0.047974;0.440848;-0.006712
605;-0.095156;0.302151;-0.003438
606;-0.270247;0.211911;-0.067401
607;-0.447421;0.143255;-0.101486
608;-0.641496;0.096815;-0.119250
609;-0.764587;-0.014057;-0.141258
610;-1.033087;-0.213372;-0.186811
611;-1.184643;-0.315154;-0.273087
612;-1.073330;-0.291052;-0.184380
613;-1.012615;-0.063806;-0.211138
614;-0.893211;0.048273;-0.327598
615;-0.869693;-0.053303;-0.229892
616;-0.767420;0.075957;-0.201740
617;-0.579305;0.280216;-0.111520
618;-0.456197;0.512595;-0.044673
619;-0.192387;0.530062;-0.097922
620;-0.022964;0.697581;-0.076410
621;0.196888;0.723164;0.032620
622;0.402811;0.721674;0.098513
623;0.623693;0.612217;0.178228
624;0.725185;0.627106;0.190793
625;0.886757;0.643041;0.202804
626;0.963945;0.623685;0.213009
627;0.867326;0.710254;0.258240
628;0.878724;0.885447;0.302485
629;0.638254;0.698925;0.084675
630;0.246002;0.670626;-0.039902
631;-0.009899;0.593333;0.079754
632;-0.117682;0.537055;0.114283
633;-0.194425;0.401603;0.026891
634;-0.334346;0.211124;-0.010635
635;-0.466184;0.117929;-0.015174
636;-0.549382;0.040621;0.025124
637;-0.708747;-0.057636;-0.020285
638;-0.846593;-0.139867;-0.123279
639;-0.965752;-0.127842;-0.199940
640;-1.124229;-0.213633;-0.225781
641;-1.186112;-0.300260;-0.289859
642;-1.157337;-0.095903;-0.265795
643;-0.949836;0.062351;-0.111476
644;-0.713352;0.078114;0.060212
645;-0.546722;0.301088;-0.155710
646;-0.398780;0.441683;-0.231363
647;-0.208834;0.463585;-0.094672
648;-0.004580;0.565486;-0.104731
649;0.201102;0.578094;-0.116423
650;0.353332;0.630595;-0.067867
651;0.507717;0.531477;0.029541
652;0.634015;0.559139;0.124464
653;0.683307;0.605470;0.177180
654;0.816008;0.573087;0.202388
655;0.836549;0.563573;0.241059
656;0.678685;0.677819;0.245692
657;0.701308;0.720039;0.309973
658;0.543820;0.534384;0.093592
659;0.135890;0.516101;0.092576
660;0.114596;0.465168;0.234703
661;0.089028;0.507745;0.141007
662;-0.017950;0.396986;-0.007072
663;-0.183675;0.275240;-0.109380
664;-0.389065;0.183763;-0.135764
665;-0.567577;0.121913;-0.114234
666;-0.719352;-0.013843;-0.085540
667;-0.825293;-0.107501;-0.181846
668;-0.911987;-0.138943;-0.292230
669;-0.947742;-0.161174;-0.286847
670;-1.010975;-0.177026;-0.329944
671;-1.110008;-0.049498;-0.340677
672;-0.998486;-0.010459;-0.244717
673;-0.830711;-0.081840;-0.054126
674;-0.594799;0.117442;-0.087104
675;-0.264291;0.295489;-0.104586
676;-0.102921;0.275914;-0.033415
677;-0.108230;0.387070;-0.027426
678;0.007819;0.452027;-0.099532
679;0.190620;0.558470;-0.162698
680;0.277959;0.562190;-0.073587
681;0.394464;0.457711;0.038955
682;0.594109;0.560141;0.077759
683;0.836049;0.688207;0.174173
684;0.864090;0.630428;0.262743
685;0.717882;0.710838;0.285302
686;0.772141;0.742487;0.308784
687;0.553839;0.501702;0.102310
688;0.330971;0.520326;0.169577
689;0.301681;0.549962;0.199803
690;0.176166;0.565262;0.059352
691;0.009945;0.437357;-0.087990
692;-0.190817;0.311233;-0.125678
693;-0.354720;0.216809;-0.064509
694;-0.553899;0.077176;0.043398
695;-0.763561;-0.061506;0.090748
696;-0.917492;-0.122637;0.049553
697;-0.942939;-0.123670;-0.126051
698;-0.965358;-0.171645;-0.235327
699;-1.072098;-0.202831;-0.324946
700;-1.127282;-0.050000;-0.381780
701;-0.987692;-0.070072;-0.135551
702;-0.925568;-0.060539;0.075788
703;-0.762346;0.186154;-0.021976
704;-0.482240;0.407142;-0.055137
705;-0.252310;0.522906;-0.040779
706;-0.065100;0.510988;-0.061043
707;0.029816;0.569221;-0.040155
708;0.249672;0.698986;-0.037973
709;0.511132;0.696172;-0.036224
710;0.591819;0.622517;0.024056
711;0.726520;0.682858;0.128934
712;0.873167;0.727526;0.264876
713;0.877717;0.644788;0.267281
714;0.750657;0.744487;0.325797
715;0.780286;0.790566;0.410070
716;0.602153;0.611153;0.236192
717;0.213304;0.619262;0.099647
718;0.067740;0.615164;0.112596
719;-0.070655;0.591361;0.044204
720;-0.277114;0.401332;-0.017222
721;-0.490588;0.181960;-0.031217
722;-0.634122;0.055940;-0.031705
723;-0.684980;-0.023303;-0.061273
724;-0.733461;-0.065821;-0.177296
725;-0.803722;-0.154188;-0.288675
726;-1.004513;-0.188992;-0.268668
727;-1.124887;-0.263129;-0.197925
728;-1.127030;-0.212257;-0.211448
729;-1.060837;-0.035905;-0.301177
730;-0.875457;-0.095776;-0.162849
731;-0.815483;0.056507;-0.044098
732;-0.590227;0.358731;-0.074393
733;-0.374138;0.558142;-0.057702
734;-0.227750;0.623134;-0.060438
735;-0.008891;0.724483;-0.171455
736;0.229551;0.790182;-0.226106
737;0.542523;0.777655;-0.109723
738;0.843498;0.657497;0.044704
739;0.919835;0.572581;0.138878
740;0.866982;0.490118;0.143866
741;0.765187;0.451717;0.182161
742;0.723974;0.479000;0.253468
743;0.580694;0.699255;0.398083
744;0.560026;0.668768;0.408497
745;0.162333;0.590730;0.203183
746;-0.139429;0.521145;0.045991
747;-0.153891;0.363294;-0.015936
748;0.030253;0.238791;-0.001016
749;0.001927;0.118951;-0.051915
750;-0.143820;0.016833;-0.087361
751;-0.333289;-0.055969;-0.116465
752;-0.447744;-0.043899;-0.146473
753;-0.589165;-0.071118;-0.200671
754;-0.719019;-0.132010;-0.293729
755;-0.889703;-0.256188;-0.373931
756;-0.917363;-0.259186;-0.361974
757;-0.815385;-0.001016;-0.352574
758;-0.808875;-0.113439;-0.332690
759;-0.829126;-0.212185;-0.198575
760;-0.705861;0.078293;-0.213637
761;-0.506264;0.165351;-0.179880
762;-0.334942;0.317675;-0.179258
763;-0.054106;0.377337;-0.230700
764;-0.007851;0.453585;-0.167937
765;0.090067;0.452594;0.065424
766;0.382277;0.510322;0.120700
767;0.415179;0.463509;0.153824
768;0.455841;0.464217;0.134811
769;0.625899;0.585404;0.105960
770;0.706206;0.547276;0.096516
771;0.663496;0.727448;0.266648
772;0.847188;0.718205;0.343480
773;0.609731;0.537382;0.117480
774;0.176215;0.500857;0.291314
775;0.338116;0.536909;0.313708
776;0.226997;0.534631;0.008702
777;0.135056;0.353698;-0.065405
778;-0.020471;0.195205;-0.040117
779;-0.158744;0.173248;-0.044239
780;-0.278671;0.174823;-0.055472
781;-0.470053;0.051375;-0.075074
782;-0.629135;0.003970;-0.121455
783;-0.881786;0.035849;-0.147434
784;-1.217839;-0.129218;-0.054430
785;-1.373630;-0.227438;-0.140918
786;-1.269360;-0.005994;-0.375452
787;-0.985891;-0.020777;-0.207066
788;-0.855321;-0.224450;-0.063291
789;-0.718818;0.016336;-0.101899
790;-0.431696;0.402544;-0.133279
791;-0.233277;0.445944;-0.033221
792;-0.170623;0.516368;0.026439
793;-0.023445;0.609136;-0.123173
794;0.139024;0.675549;-0.219285
795;0.384665;0.667910;-0.112827
796;0.652933;0.603131;0.020321
797;0.736834;0.541905;0.054780
798;0.738574;0.501085;0.133568
799;0.820958;0.528100;0.173419
800;0.768593;0.489678;0.178653
801;0.691388;0.639969;0.241542
802;0.694192;0.672724;0.227789
803;0.487511;0.622620;0.033778
804;0.149797;0.566953;-0.011730
805;-0.063890;0.476411;0.144532
806;-0.060095;0.430731;0.175097
807;-0.143765;0.329361;0.050909
808;-0.354783;0.225024;-0.031695
809;-0.509120;0.160968;-0.049634
810;-0.619511;0.055161;-0.080905
811;-0.681104;-0.090931;-0.058401
812;-0.718909;-0.143393;-0.133676
813;-0.869254;-0.217982;-0.221232
814;-0.981769;-0.269616;-0.231862
815;-1.096704;-0.103668;-0.277377
816;-1.054999;0.029592;-0.374458
817;-0.910719;-0.113366;-0.349449
818;-0.830887;0.043908;-0.304165
819;-0.663294;0.286502;-0.220154
820;-0.554107;0.451045;-0.088978
821;-0.362651;0.578563;-0.133803
822;-0.073676;0.714243;-0.218741
823;0.233978;0.734239;-0.141441
824;0.548190;0.677240;0.003821
825;0.652541;0.627079;0.088949
826;0.637249;0.520274;0.148777
827;0.546901;0.475242;0.256788
828;0.695649;0.557878;0.286718
829;0.796950;0.641713;0.237046
830;0.760012;0.803630;0.323344
831;0.849756;0.650146;0.200322
832;0.589079;0.730658;0.007936
833;0.377738;0.679229;0.256215
834;0.024835;0.527476;0.316021
835;-0.111794;0.435252;0.097651
836;-0.167717;0.361721;-0.154912
837;-0.335143;0.249473;-0.208227
838;-0.449775;0.202006;-0.143598
839;-0.605705;0.137029;-0.148801
840;-0.794092;-0.040205;-0.232058
841;-0.940336;-0.165408;-0.341397
842;-1.012878;-0.198948;-0.435683
843;-1.058580;-0.206604;-0.404143
844;-1.075005;-0.039942;-0.394170
845;-0.979234;-0.090290;-0.287470
846;-0.990585;-0.064738;-0.160144
847;-0.843953;0.229855;-0.231715
848;-0.607836;0.516939;-0.321800
849;-0.396863;0.637475;-0.255856
850;-0.199541;0.651175;-0.020412
851;0.236251;0.714001;0.036333
852;0.607316;0.668273;0.029098
853;0.673817;0.571856;0.021213
854;0.714270;0.563583;0.063837
855;0.668211;0.601841;0.186267
856;0.706375;0.653695;0.211563
857;0.735620;0.695261;0.136477
858;0.695892;0.818915;0.154091
859;0.802107;0.780791;0.145488
860;0.441118;0.619784;-0.025752
861;-0.020153;0.424068;0.282693
862;-0.043330;0.432199;0.249374
863;-0.076938;0.378175;0.036490
864;-0.159659;0.219593;-0.066250
865;-0.231368;0.098058;-0.095527
866;-0.370350;0.041528;-0.083340
867;-0.569982;-0.024842;-0.077763
868;-0.786318;-0.063783;-0.121102
869;-1.045880;-0.110320;-0.233663
870;-1.170780;-0.249134;-0.226635
871;-1.161309;-0.459174;-0.249372
872;-1.136769;-0.192112;-0.257539
873;-0.827027;0.222862;-0.256680
874;-0.448619;0.160466;-0.281511
875;-0.520099;0.206004;-0.211102
876;-0.319967;0.375476;-0.103371
877;-0.055497;0.448702;0.003350
878;-0.056568;0.386486;0.079908
879;0.000365;0.429288;-0.039307
880;0.253530;0.522000;-0.085372
881;0.534852;0.506392;0.082805
882;0.669037;0.363258;0.152656
883;0.661707;0.370889;0.106087
884;0.754186;0.493163;0.150026
885;0.763714;0.510298;0.239103
886;0.546096;0.552709;0.174617
887;0.568709;0.707121;0.278054
888;0.638251;0.569360;0.097441
889;0.237889;0.521136;-0.074513
890;0.078586;0.436260;0.075609
891;0.074154;0.430624;0.127874
892;0.013069;0.325711;-0.022965
893;-0.118487;0.207031;-0.104086
894;-0.297607;0.120736;-0.077392
895;-0.460139;0.040598;-0.037209
896;-0.622314;-0.058992;-0.017878
897;-0.764975;-0.149963;-0.100268
898;-0.888517;-0.154012;-0.178888
899;-0.961286;-0.190113;-0.207350
900;-1.040847;-0.140603;-0.229851
901;-1.033622;0.069388;-0.284394
902;-1.020778;-0.102757;-0.168775
903;-0.919095;-0.198406;0.012398
904;-0.658491;0.233605;-0.139454
905;-0.364423;0.478388;-0.212309
906;-0.181789;0.483231;-0.228000
907;-0.092072;0.623248;-0.184239
908;0.129587;0.612401;-0.074267
909;0.376553;0.586995;0.046335
910;0.553013;0.501285;0.203527
911;0.588278;0.369316;0.165115
912;0.668257;0.478555;0.126069
913;0.775476;0.668748;0.208424
914;0.811984;0.549557;0.218402
915;0.781229;0.656242;0.190591
916;1.050329;0.748132;0.357773
917;0.701953;0.619267;0.170032
918;0.105623;0.559499;0.196706
919;-0.015377;0.523340;0.282143
920;-0.074043;0.517660;0.043105
921;-0.223996;0.327549;-0.156922
922;-0.392627;0.158801;-0.166983
923;-0.426020;0.068978;-0.098782
924;-0.474018;0.011609;-0.093467
925;-0.601195;-0.062065;-0.145546
926;-0.767715;-0.095309;-0.228698
927;-0.919911;-0.134086;-0.275670
928;-0.987629;-0.195362;-0.343086
929;-1.086910;-0.055347;-0.394625
930;-0.958824;0.059607;-0.320896
931;-0.814510;-0.195463;-0.155634
932;-0.858443;-0.097000;-0.109641
933;-0.726972;0.365689;-0.116089
934;-0.420595;0.499762;-0.032924
935;-0.266260;0.508000;0.025236
936;-0.057136;0.616933;-0.041695
937;0.345053;0.690496;-0.130840
938;0.471540;0.585012;-0.106958
939;0.618024;0.519351;-0.041939
940;0.651998;0.477856;0.056245
941;0.677029;0.497431;0.122420
942;0.741400;0.578929;0.125977
943;0.714563;0.527591;0.067874
944;0.638636;0.733020;0.163147
945;0.727658;0.670288;0.089353
946;0.471273;0.441481;-0.099337
947;0.103259;0.423761;0.049340
948;0.122027;0.449772;0.227999
949;0.075016;0.477134;0.108558
950;-0.081951;0.313296;-0.067174
951;-0.284453;0.110696;-0.082604
952;-0.433772;0.031048;-0.008856
953;-0.498033;-0.017431;0.034804
954;-0.569114;-0.065145;-0.044056
955;-0.783021;-0.143425;-0.178016
956;-0.962746;-0.180152;-0.189248
957;-1.075395;-0.273128;-0.121374
958;-1.172949;-0.201884;-0.062045
959;-1.081773;-0.036195;-0.135561
960;-0.904120;-0.170841;-0.094717
961;-0.805770;0.053256;-0.096329
962;-0.578698;0.446774;-0.102451
963;-0.310305;0.591169;-0.140697
964;-0.111856;0.588379;-0.248894
965;0.091779;0.585932;-0.149262
966;0.301307;0.536593;0.048704
967;0.466047;0.524843;0.165522
968;0.585476;0.515694;0.128390
969;0.723732;0.574805;0.082254
970;0.793651;0.616391;0.105401
971;0.803874;0.615627;0.164910
972;0.716092;0.588698;0.188078
973;0.699433;0.692543;0.256619
974;0.647791;0.521096;0.159196
975;0.268456;0.521300;0.053956
976;0.095317;0.509849;0.082843
977;0.025834;0.524486;0.025607
978;-0.025057;0.456934;-0.067323
979;-0.123622;0.299318;-0.088829
980;-0.326629;0.185351;-0.027534
981;-0.496061;0.114383;-0.012117
982;-0.664274;0.028676;0.024264
983;-0.813707;-0.112684;-0.014942
984;-0.930753;-0.231924;-0.102639
985;-1.070182;-0.298648;-0.123911
986;-1.124640;-0.320700;-0.102436
987;-1.148354;-0.071371;-0.119492
988;-0.903668;0.029635;-0.187992
989;-0.782479;-0.040162;-0.183921
990;-0.659673;0.200086;-0.163610
991;-0.405468;0.336753;-0.079394
992;-0.268125;0.426930;0.002670
993;0.002113;0.530766;-0.268456
994;0.117810;0.522597;-0.357252
995;0.261131;0.552038;-0.141600
996;0.440885;0.443640;0.000238
997;0.554477;0.434401;0.061637
998;0.583696;0.428031;0.095863
999;0.581768;0.538168;0.090421
1000;0.677478;0.538734;0.029573
1001;0.615537;0.644979;-0.042732
1002;0.660247;0.712513;0.103786
1003;0.704625;0.503938;0.039134
1004;0.367928;0.496657;0.066297
1005;0.154901;0.443919;0.187199
1006;0.134369;0.461103;0.113744
1007;0.043734;0.364066;-0.020900
1008;-0.136648;0.206131;-0.067104
1009;-0.282268;0.122823;-0.069000
1010;-0.427833;0.064306;-0.071665
1011;-0.574319;-0.019539;-0.078027
1012;-0.691714;-0.091372;-0.166772
1013;-0.931573;-0.156791;-0.250337
1014;-1.080834;-0.262101;-0.096058
1015;-0.998955;-0.287477;-0.002792
1016;-0.878543;-0.079325;-0.082097
1017;-0.755873;-0.023799;-0.191033
1018;-0.778321;-0.138146;-0.148259
1019;-0.698621;0.052031;-0.171437
1020;-0.539352;0.266476;-0.116724
1021;-0.346433;0.431642;0.012712
1022;0.042865;0.548779;-0.205128
1023;0.111472;0.495755;-0.460137
1024;0.139519;0.401351;-0.270544
1025;0.330374;0.490711;0.016039
1026;0.578201;0.462495;0.206075
1027;0.627247;0.451588;0.187800
1028;0.635398;0.567032;0.075217
1029;0.710060;0.556953;0.016922
1030;0.673616;0.655369;0.034981
1031;0.794557;0.744902;0.165519
1032;0.750423;0.618133;0.070834
1033;0.330238;0.551441;0.081470
1034;0.115321;0.464985;0.173624
1035;0.065206;0.421306;0.092165
1036;0.000327;0.315435;-0.094840
1037;-0.139502;0.200073;-0.133221
1038;-0.283708;0.138454;-0.081528
1039;-0.419869;0.092279;-0.073305
1040;-0.598940;0.029488;-0.061644
1041;-0.731732;-0.098072;-0.119981
1042;-0.901240;-0.205345;-0.139862
1043;-1.023746;-0.238616;-0.193495
1044;-1.114776;-0.134696;-0.301959
1045;-0.939969;0.024229;-0.272818
1046;-0.809957;-0.180734;-0.097086
1047;-0.815519;-0.140708;-0.030101
1048;-0.588848;0.144910;-0.082110
1049;-0.283774;0.270491;-0.077284
1050;-0.163148;0.293531;0.019283
1051;-0.055949;0.389009;-0.101338
1052;0.048790;0.352567;-0.164129
1053;0.222226;0.494622;-0.088528
1054;0.353269;0.412222;0.023612
1055;0.586581;0.522699;0.202876
1056;0.726380;0.588988;0.244172
1057;0.761277;0.532666;0.187585
1058;0.709702;0.548134;0.132003
1059;0.745837;0.649203;0.246156
1060;0.796336;0.462000;0.103236
1061;0.458354;0.365723;-0.015615
1062;0.341520;0.372126;0.105023
1063;0.315202;0.446887;0.117584
1064;0.166333;0.435712;0.029584
1065;-0.018729;0.307725;-0.022838
1066;-0.240162;0.218155;-0.013594
1067;-0.412253;0.136221;-0.032636
1068;-0.584615;0.028473;-0.027667
1069;-0.705236;-0.095156;-0.013982
1070;-0.847765;-0.114806;-0.029629
1071;-0.903577;-0.165183;-0.075541
1072;-0.861043;-0.212946;-0.229568
1073;-0.918622;0.018534;-0.283050
1074;-0.918516;-0.050101;-0.222424
1075;-0.976477;-0.238002;-0.103172
1076;-0.847763;-0.009610;-0.134168
1077;-0.552626;0.225730;-0.152637
1078;-0.313131;0.321772;-0.172694
1079;-0.149282;0.456267;-0.205597
1080;0.053347;0.495041;-0.196870
1081;0.213073;0.553177;-0.252188
1082;0.336460;0.492887;-0.112319
1083;0.468149;0.436185;0.062439
1084;0.629503;0.478820;0.177763
1085;0.702490;0.560247;0.225417
1086;0.808344;0.558339;0.188287
1087;0.781093;0.619513;0.135106
1088;0.756307;0.677419;0.223620
1089;0.661579;0.535506;0.105309
1090;0.334729;0.480303;-0.013975
1091;0.155102;0.433732;0.101698
1092;0.072874;0.437026;0.129385
1093;0.028863;0.350888;-0.102426
1094;-0.109534;0.209081;-0.185832
1095;-0.257817;0.109384;-0.058887
1096;-0.348149;0.059055;-0.004413
1097;-0.515302;-0.030414;0.027376
1098;-0.671404;-0.084543;-0.033494
1099;-0.861659;-0.107854;-0.120482
1100;-0.954438;-0.198462;-0.177973
1101;-1.060193;-0.063169;-0.113895
1102;-0.863227;0.047080;-0.052262
1103;-0.758507;-0.236273;-0.079044
1104;-0.758521;-0.311443;-0.161959
1105;-0.598501;-0.005367;-0.204780
1106;-0.313243;0.154755;-0.096761
1107;-0.231287;0.194830;-0.058852
1108;-0.243853;0.258118;-0.087929
1109;-0.138110;0.458602;-0.173461
1110;-0.003225;0.507078;-0.184548
1111;0.195278;0.591939;-0.138137
1112;0.447352;0.588923;-0.061055
1113;0.656138;0.647578;0.065547
1114;0.823315;0.648061;0.170352
1115;0.831135;0.538354;0.161191
1116;0.792534;0.691308;0.290024
1117;0.933530;0.646178;0.287343
1118;0.619184;0.529951;0.008402
1119;0.273243;0.470749;0.020860
1120;0.199299;0.393086;0.193789
1121;0.122500;0.364993;0.170138
1122;-0.006123;0.316836;-0.026817
1123;-0.171339;0.242936;-0.116752
1124;-0.356801;0.199082;-0.089000
1125;-0.589290;0.132300;-0.020267
1126;-0.738251;-0.013084;-0.031945
1127;-0.856682;-0.141444;-0.120806
1128;-0.952347;-0.188283;-0.202115
1129;-0.977462;-0.246762;-0.173037
1130;-1.018909;-0.084787;-0.143128
1131;-0.930886;-0.037571;-0.176029
1132;-0.890261;-0.175229;-0.142905
1133;-0.810959;0.067603;-0.113926
1134;-0.527879;0.271270;-0.089016
1135;-0.345039;0.436789;-0.123374
1136;-0.163259;0.420544;-0.189873
1137;-0.058809;0.460911;-0.211859
1138;0.109926;0.518181;-0.132222
1139;0.362068;0.595054;-0.048254
1140;0.538724;0.512176;0.066005
1141;0.550705;0.473152;0.122596
1142;0.598045;0.542117;0.176484
1143;0.703788;0.597330;0.130287
1144;0.596052;0.556707;0.108283
1145;0.661203;0.688257;0.237970
1146;0.862129;0.529641;0.129866
1147;0.597038;0.576415;0.020335
1148;0.709533;0.736404;0.236371
1149;0.280055;0.720586;0.216534
1150;-0.177028;0.542657;0.038322
1151;-0.384953;0.346568;-0.130091
1152;-0.494102;0.224670;-0.145996
1153;-0.569486;0.123118;-0.061948
1154;-0.642282;0.036249;-0.041525
1155;-0.787106;-0.097900;-0.092764
1156;-0.942738;-0.140077;-0.149832
1157;-1.048370;-0.222131;-0.148652
1158;-1.060773;-0.270977;-0.207395
1159;-1.019532;-0.075210;-0.273405
1160;-0.872661;-0.078495;-0.173666
1161;-0.875217;-0.178720;-0.090482
1162;-0.810167;0.094484;-0.131389
1163;-0.569209;0.368227;-0.091164
1164;-0.375035;0.535707;-0.031366
1165;-0.182294;0.560630;-0.107364
1166;0.042519;0.696989;-0.181306
1167;0.382543;0.696337;-0.079792
1168;0.807535;0.760550;0.252457
1169;0.802571;0.525228;0.492984
1170;0.653436;0.469302;0.380589
1171;0.727171;0.566477;0.364268
1172;0.719902;0.512232;0.338874
1173;0.515025;0.635900;0.355991
1174;0.557932;0.655705;0.352129
1175;0.421189;0.427290;0.180796
1176;0.074006;0.361962;0.144759
1177;0.054049;0.372740;0.156038
1178;0.073428;0.432898;0.078430
1179;-0.016698;0.341887;-0.026328
1180;-0.181957;0.173417;-0.081557
1181;-0.337647;0.099203;-0.058606
1182;-0.445585;0.045452;-0.009640
1183;-0.563646;-0.056388;-0.062815
1184;-0.666575;-0.128713;-0.209171
1185;-0.786078;-0.088233;-0.412874
1186;-0.841294;-0.095563;-0.529992
1187;-0.885969;-0.202221;-0.467956
1188;-0.921941;-0.043619;-0.394193
1189;-0.889990;-0.038493;-0.296353
1190;-0.885764;-0.096464;-0.223376
1191;-0.755789;0.132705;-0.270738
1192;-0.559013;0.321845;-0.252064
1193;-0.368082;0.577818;-0.151887
1194;-0.028157;0.627369;-0.137495
1195;0.213955;0.659041;-0.166250
1196;0.414149;0.658029;-0.083632
1197;0.489957;0.564635;-0.061263
1198;0.528227;0.491016;0.139430
1199;0.653076;0.552412;0.334467
1200;0.777524;0.597050;0.386970
1201;0.719708;0.589644;0.309907
1202;0.709158;0.672869;0.364054
1203;0.772805;0.634511;0.347033
1204;0.530109;0.523535;0.149195
1205;0.266840;0.489443;0.251417
1206;0.080615;0.468980;0.246951
1207;0.037171;0.442794;0.011211
1208;-0.099570;0.344410;-0.140113
1209;-0.248189;0.192565;-0.181258
1210;-0.325635;0.127522;-0.156705
1211;-0.479250;0.052470;-0.091058
1212;-0.607760;-0.020120;-0.146497
1213;-0.747697;-0.109546;-0.234775
1214;-0.826689;-0.129871;-0.279161
1215;-0.890543;-0.222070;-0.261913
1216;-1.014552;-0.099448;-0.198744
1217;-0.955122;-0.058772;-0.148278
1218;-0.872975;-0.253768;-0.112222
1219;-0.761204;-0.081712;-0.168526
1220;-0.555535;0.151616;-0.104031
1221;-0.420985;0.336663;0.022388
1222;-0.294216;0.387259;0.022610
1223;-0.166967;0.480554;-0.065832
1224;0.050939;0.556123;-0.047614
1225;0.336353;0.572121;0.100953
1226;0.601670;0.550180;0.250488
1227;0.666261;0.461860;0.171194
1228;0.741566;0.560541;0.107155
1229;0.894061;0.589543;0.160668
1230;0.865436;0.531397;0.182660
1231;0.762242;0.679986;0.301187
1232;0.761371;0.603357;0.284667
1233;0.390039;0.524715;0.183480
1234;0.108520;0.490579;0.276154
1235;0.045568;0.545201;0.200849
1236;-0.010179;0.453116;-0.008255
1237;-0.162247;0.278226;-0.112602
1238;-0.340712;0.145304;-0.065212
1239;-0.441530;0.072738;-0.009297
1240;-0.562797;0.016558;-0.087986
1241;-0.734826;-0.129637;-0.179584
1242;-0.943071;-0.191302;-0.136386
1243;-1.081424;-0.225048;-0.085466
1244;-1.134477;-0.284348;-0.028899
1245;-1.063423;-0.126083;-0.121618
1246;-0.886891;-0.052767;-0.198547
1247;-0.884589;-0.125078;-0.086107
1248;-0.785998;0.062638;-0.000213
1249;-0.522323;0.274252;-0.009604
1250;-0.381836;0.499304;-0.026916
1251;-0.176417;0.568343;-0.125413
1252;0.057143;0.567033;-0.211023
1253;0.227768;0.709695;-0.171436
1254;0.556574;0.598950;0.014144
1255;0.739966;0.580174;0.234912
1256;0.696215;0.550341;0.292181
1257;0.762917;0.592866;0.245741
1258;0.718085;0.554968;0.149083
1259;0.637108;0.546630;0.209372
1260;0.602513;0.769102;0.318337
1261;0.656620;0.557098;0.199150
1262;0.306523;0.550400;0.124789
1263;0.128477;0.493021;0.175681
1264;0.040585;0.492365;0.147961
1265;-0.015283;0.420655;0.030132
1266;-0.152897;0.254534;-0.060046
1267;-0.371081;0.144416;-0.020159
1268;-0.490635;0.053588;0.011951
1269;-0.637732;-0.027871;0.019203
1270;-0.705613;-0.096740;-0.088263
1271;-0.861765;-0.172482;-0.168570
1272;-0.994513;-0.279081;-0.147284
1273;-1.007276;-0.330345;-0.124486
1274;-0.863123;-0.093623;-0.151272
1275;-0.711735;-0.123433;-0.116105
1276;-0.797227;-0.230376;0.023372
1277;-0.655018;-0.008231;-0.112392
1278;-0.493033;0.126092;-0.148626
1279;-0.381897;0.224088;-0.129265
1280;-0.290752;0.324739;-0.203207
1281;-0.139589;0.418360;-0.179295
1282;0.123430;0.615330;-0.127020
1283;0.379405;0.569538;0.008261
1284;0.498706;0.510593;0.118986
1285;0.638767;0.562747;0.189799
1286;0.641042;0.566771;0.284570
1287;0.706319;0.515603;0.224223
1288;0.630070;0.726680;0.253026
1289;0.871664;0.714984;0.310116
1290;0.709020;0.538302;0.056389
1291;0.324173;0.532997;0.129542
1292;0.256054;0.455619;0.243195
1293;0.159360;0.473329;0.159637
1294;0.049180;0.383713;-0.076967
1295;-0.157362;0.214274;-0.132261
1296;-0.346212;0.108798;-0.017806
1297;-0.466916;0.031537;0.026442
1298;-0.633151;-0.086589;0.009778
1299;-0.786375;-0.172418;-0.038147
1300;-0.901343;-0.164157;-0.111874
1301;-0.962620;-0.184146;-0.138967
1302;-0.962735;-0.090277;-0.177981
1303;-0.914895;-0.068267;-0.250558
1304;-0.976127;-0.208972;-0.122702
1305;-0.880345;-0.044654;-0.049067
1306;-0.643123;0.135746;-0.078273
1307;-0.448950;0.258798;-0.067012
1308;-0.257007;0.355678;-0.109946
1309;-0.058821;0.378892;-0.109927
1310;0.100754;0.446666;-0.046802
1311;0.293395;0.485504;0.027134
1312;0.441423;0.479185;0.069757
1313;0.526023;0.540131;0.096619
1314;0.630039;0.591735;0.110576
1315;0.697990;0.603801;0.080724
1316;0.697199;0.718943;0.083696
1317;0.807033;0.762605;0.191428
1318;0.860012;0.556226;0.093800
1319;0.459527;0.535792;0.131645
1320;0.264998;0.512615;0.286265
1321;0.148826;0.525112;0.256242
1322;0.066343;0.416566;0.060324
1323;-0.128369;0.251601;-0.094643
1324;-0.322391;0.196727;-0.127109
1325;-0.466720;0.113606;-0.095123
1326;-0.662274;-0.032647;-0.029641
1327;-0.713201;-0.116861;-0.037149
1328;-0.839553;-0.193166;-0.139217
1329;-0.977451;-0.294565;-0.139509
1330;-1.032450;-0.237111;-0.092533
1331;-0.906054;-0.088501;-0.148601
1332;-0.800685;-0.159869;-0.219425
1333;-0.742404;-0.150325;-0.156460
1334;-0.546132;0.111756;-0.152643
1335;-0.335086;0.218999;-0.160182
1336;-0.159201;0.255139;-0.138383
1337;-0.055492;0.310468;-0.126055
1338;0.070367;0.283962;-0.061164
1339;0.249966;0.381797;-0.067072
1340;0.340560;0.311851;-0.024023
1341;0.451682;0.383462;0.118732
1342;0.582105;0.468136;0.213141
1343;0.595134;0.546695;0.204622
1344;0.662659;0.569191;0.153526
1345;0.545109;0.690799;0.135023
1346;0.559024;0.674964;0.296446
1347;0.525893;0.372710;0.144487
1348;0.161273;0.366895;0.136794
1349;0.050311;0.311336;0.258166
1350;0.071967;0.263406;0.192863
1351;0.084398;0.215632;-0.014347
1352;-0.026021;0.092832;-0.119617
1353;-0.239506;-0.029356;-0.074676
1354;-0.385420;-0.082587;-0.036267
1355;-0.468196;-0.113377;-0.088091
1356;-0.572688;-0.210207;-0.161715
1357;-0.751698;-0.296101;-0.139126
1358;-0.825047;-0.361338;-0.108577
1359;-0.828796;-0.309982;-0.094374
1360;-0.885849;0.040337;-0.002484
1361;-0.710991;0.068037;-0.049469
1362;-0.679961;-0.200761;-0.061303
1363;-0.529599;0.055658;-0.091342
1364;-0.244915;0.220294;-0.158241
1365;-0.138280;0.299654;-0.035080
1366;-0.038785;0.290109;-0.008981
1367;0.099470;0.321984;-0.008189
1368;0.309969;0.467667;0.041823
1369;0.394911;0.358384;0.123126
1370;0.508119;0.341983;0.133673
1371;0.603082;0.438993;0.128633
1372;0.670765;0.513918;0.154548
1373;0.656906;0.479315;0.167158
1374;0.412944;0.633220;0.254112
1375;0.610413;0.684047;0.274008
1376;0.420611;0.543141;-0.038254
1377;0.105896;0.386170;0.106281
1378;0.089322;0.332169;0.156964
1379;0.058969;0.315557;0.043774
1380;0.016603;0.206257;-0.100064
1381;-0.123462;0.075039;-0.128820
1382;-0.334540;-0.040195;-0.092364
1383;-0.463320;-0.073676;-0.074021
1384;-0.552162;-0.129020;-0.123126
1385;-0.649411;-0.222812;-0.213024
1386;-0.780204;-0.213423;-0.291288
1387;-0.801996;-0.194898;-0.262050
1388;-0.817953;-0.106680;-0.160071
1389;-0.844852;0.103476;-0.144771
1390;-0.834544;-0.132340;-0.144436
1391;-0.811729;-0.236918;-0.105702
1392;-0.665321;0.111449;-0.116747
1393;-0.285344;0.314679;0.000844
1394;-0.060419;0.393749;0.067965
1395;0.107552;0.422923;-0.120714
1396;0.130155;0.452488;-0.253167
1397;0.167753;0.334131;-0.042208
1398;0.324518;0.337664;0.146070
1399;0.498746;0.349538;0.118825
1400;0.580644;0.428038;0.051880
1401;0.629001;0.466153;0.064842
1402;0.684940;0.492343;0.067737
1403;0.636213;0.636312;0.087139
1404;0.675819;0.783773;0.233151
1405;0.746150;0.554244;0.108662
1406;0.296003;0.451104;0.014317
1407;0.061218;0.354496;0.237070
1408;0.050924;0.297347;0.261606
1409;0.017984;0.296364;0.029834
1410;-0.040519;0.202728;-0.144959
1411;-0.166888;0.114036;-0.109710
1412;-0.407761;0.075394;0.026214
1413;-0.622621;0.027970;0.057569
1414;-0.757172;-0.088787;-0.028978
1415;-0.858800;-0.170290;-0.150696
1416;-0.976271;-0.233360;-0.215466
1417;-1.005381;-0.292578;-0.177956
1418;-0.921306;-0.052923;-0.144031
1419;-0.721169;-0.000425;-0.137405
1420;-0.733295;-0.104301;-0.029764
1421;-0.726519;0.076464;-0.064446
1422;-0.525558;0.258172;-0.063307
1423;-0.322360;0.390009;-0.040958
1424;-0.074093;0.420208;-0.108621
1425;0.138252;0.409670;-0.066829
1426;0.309175;0.443092;0.066538
1427;0.544363;0.518837;0.156870
1428;0.585272;0.433866;0.048488
1429;0.576015;0.467773;0.048587
1430;0.579507;0.540382;0.112781
1431;0.654627;0.468331;0.047441
1432;0.603409;0.640989;0.099996
1433;0.603608;0.705108;0.221703
1434;0.596333;0.475855;0.061725
1435;0.187810;0.408258;0.051715
1436;0.013810;0.295770;0.179068
1437;0.001086;0.321790;0.149984
1438;0.007753;0.272906;0.006731
1439;-0.066143;0.123527;-0.102786
1440;-0.220071;0.002538;-0.103319
1441;-0.342961;-0.033081;-0.040154
1442;-0.457564;-0.076529;-0.006153
1443;-0.581800;-0.156002;-0.041636
1444;-0.759594;-0.236001;-0.041990
1445;-0.939308;-0.301954;-0.001561
1446;-1.020744;-0.308363;-0.001179
1447;-1.002721;-0.012606;-0.074275
1448;-0.724337;0.050380;-0.148875
1449;-0.696412;-0.117626;-0.133563
1450;-0.551144;0.068064;-0.133720
1451;-0.375428;0.321242;-0.045797
1452;-0.142588;0.331627;0.024337
1453;-0.016851;0.424730;-0.067275
1454;0.069609;0.381842;-0.156092
1455;0.261335;0.445832;-0.103459
1456;0.468824;0.518848;0.030546
1457;0.601822;0.461076;0.152966
1458;0.698105;0.524637;0.215057
1459;0.793743;0.566573;0.196891
1460;0.835639;0.497167;0.138065
1461;0.627429;0.667716;0.180525
1462;0.625660;0.723060;0.220024
1463;0.522794;0.530537;-0.014308
1464;0.004132;0.443708;0.027110
1465;-0.158461;0.331708;0.088820
1466;-0.107130;0.315886;0.072404
1467;-0.082778;0.213703;-0.073926
1468;-0.201735;0.099792;-0.145022
1469;-0.361911;-0.011777;-0.095723
1470;-0.493669;-0.074791;-0.043100
1471;-0.611758;-0.141353;-0.037448
1472;-0.686711;-0.187528;-0.093468
1473;-0.775136;-0.214308;-0.184546
1474;-0.890825;-0.280157;-0.232407
1475;-0.971199;-0.213153;-0.183962
1476;-0.803936;-0.030828;-0.163212
1477;-0.709222;-0.051662;-0.088180
1478;-0.742735;0.000031;-0.016478
1479;-0.607626;0.275622;-0.042392
1480;-0.360955;0.394577;-0.063551
1481;-0.143091;0.480265;-0.126491
1482;0.071934;0.446371;-0.155285
1483;0.285951;0.443420;-0.109227
1484;0.458125;0.503331;0.012082
1485;0.544878;0.434329;0.066699
1486;0.584304;0.391411;0.048752
1487;0.675349;0.480863;0.113600
1488;0.708394;0.466653;0.134922
1489;0.719450;0.392238;0.088278
1490;0.566136;0.556633;0.109255
1491;0.565849;0.693142;0.227971
1492;0.536117;0.516806;-0.006537
1493;0.066496;0.402087;0.004272
1494;-0.144485;0.306354;0.148269
1495;-0.193518;0.285480;0.172875
1496;-0.139820;0.159815;0.021909
1497;-0.129721;0.022133;-0.154426
1498;-0.174135;-0.068142;-0.159729
1499;-0.252095;-0.103836;-0.091248
1500;-0.389769;-0.167374;-0.012936
1501;-0.512575;-0.231619;0.000374
1502;-0.670942;-0.213281;-0.047109
1503;-0.787103;-0.205509;-0.071749
1504;-0.841158;-0.187708;-0.112715
1505;-0.863940;0.046817;-0.109745
1506;-0.730227;-0.023928;-0.090875
1507;-0.776880;-0.190906;-0.074925
1508;-0.655862;0.002948;-0.161615
1509;-0.379148;0.285483;-0.118250
1510;-0.159013;0.396316;-0.059337
1511;-0.063231;0.319356;-0.056064
1512;0.055503;0.374507;-0.124064
1513;0.248422;0.451005;-0.086774
1514;0.523346;0.437139;0.028540
1515;0.659454;0.461553;0.111727
1516;0.635497;0.462635;0.114444
1517;0.652872;0.556399;0.114328
1518;0.630156;0.573144;0.126765
1519;0.580225;0.699579;0.281676
1520;0.709389;0.719975;0.427308
1521;0.529218;0.495419;0.076634
1522;0.174605;0.482537;0.019986
1523;0.026815;0.388584;0.168717
1524;-0.043731;0.317969;0.179847
1525;-0.165816;0.190207;-0.008273
1526;-0.342045;0.020034;-0.109319
1527;-0.511201;-0.109327;-0.069574
1528;-0.592904;-0.151160;-0.007729
1529;-0.613510;-0.186682;-0.068924
1530;-0.638245;-0.205406;-0.218781
1531;-0.762589;-0.230613;-0.246210
1532;-0.905226;-0.259860;-0.151111
1533;-1.010758;-0.150067;-0.054859
1534;-0.898710;0.063694;-0.152720
1535;-0.775547;-0.001196;-0.180735
1536;-0.683672;0.045516;-0.082173
1537;-0.456076;0.361333;-0.144307
1538;-0.217392;0.480386;-0.081984
1539;-0.045413;0.422619;-0.025690
1540;0.076014;0.431907;-0.080666
1541;0.239817;0.467541;-0.130697
1542;0.402688;0.458881;-0.062845
1543;0.510232;0.435403;0.054214
1544;0.647614;0.366121;0.168296
1545;0.708178;0.446456;0.166776
1546;0.699057;0.520305;0.140272
1547;0.618640;0.461798;0.103572
1548;0.452072;0.602840;0.199646
1549;0.535553;0.582723;0.192357
1550;0.400991;0.416529;-0.004721
1551;0.044160;0.332029;0.004693
1552;-0.018979;0.266425;0.086676
1553;0.067227;0.274188;0.054177
1554;0.010665;0.172081;-0.078045
1555;-0.117531;0.053047;-0.137993
1556;-0.273902;-0.022584;-0.104461
1557;-0.391855;-0.050973;-0.046075
1558;-0.505938;-0.111095;-0.056973
1559;-0.581812;-0.144208;-0.135243
1560;-0.630628;-0.161351;-0.222330
1561;-0.650677;-0.188845;-0.254613
1562;-0.598100;-0.015894;-0.231628
1563;-0.408834;0.108830;-0.220529
1564;-0.458396;-0.152336;-0.111932
1565;-0.710927;-0.268503;0.008434
1566;-0.657681;-0.076804;-0.160657
1567;-0.439531;0.154463;-0.253764
1568;-0.144914;0.183129;-0.249017
1569;0.086324;0.215562;-0.191903
1570;0.052608;0.180829;-0.194631
1571;0.196432;0.226326;-0.051129
1572;0.362180;0.229415;0.285666
1573;0.271803;0.244377;0.146670
1574;0.374401;0.224476;0.036276
1575;0.376395;0.285854;0.147327
1576;0.458277;0.273864;0.203509
1577;0.318887;0.478457;0.221171
1578;0.388878;0.554852;0.258725
1579;0.527365;0.270575;0.087830
1580;0.210037;0.170432;0.042589
1581;0.062918;0.133790;0.328293
1582;0.281157;0.233720;0.451983
1583;0.022749;0.294685;-0.047467
1584;0.102458;0.120131;-0.211604
1585;-0.109668;0.055027;0.050813
1586;-0.095829;-0.000917;-0.144731
1587;-0.205940;0.010486;-0.294224
1588;-0.274512;-0.084850;-0.272040
1589;-0.286977;-0.155333;-0.193542
1590;-0.304123;-0.103868;-0.213342
1591;-0.241720;-0.171005;-0.270458
1592;-0.340646;-0.174949;-0.141273
1593;-0.365763;0.072701;-0.025527
1594;-0.209366;-0.082690;-0.222285
1595;-0.244197;-0.162889;-0.206056
1596;-0.118346;-0.131662;-0.112915
1597;-0.041235;-0.041826;0.024978
1598;-0.065718;-0.013922;0.075793
1599;0.058877;-0.005358;0.050140
1600;0.142287;0.079952;0.025828
1601;0.123607;0.124715;0.052683
1602;0.091369;0.210837;0.087461
1603;0.295597;0.111595;0.047062
1604;0.117595;0.130567;0.078332
1605;0.170563;0.093397;-0.045109
1606;0.133530;0.070937;0.010776
1607;0.038821;0.009668;-0.046174
1608;-0.031806;-0.029873;0.008790
1609;-0.126595;0.079902;0.070534
1610;0.004514;0.088033;-0.044383
1611;0.105231;-0.058946;-0.164364
1612;-0.011451;-0.056195;-0.054375
1613;-0.031226;-0.064367;0.076090
1614;-0.010564;-0.043966;0.044397
1615;-0.061079;-0.019240;0.024114
1616;-0.019985;-0.001541;-0.027345
1617;0.051585;0.003628;-0.080374
1618;0.027888;-0.013708;-0.027935
1619;-0.002731;-0.019317;0.037910
1620;-0.008541;0.006973;-0.021406
1621;-0.018408;0.004946;-0.038992
1622;-0.010161;-0.021119;-0.048845
1623;-0.013286;-0.015031;-0.028776
1624;-0.012693;-0.013224;-0.004524
1625;-0.013152;0.000065;0.028680
1626;-0.008053;0.011618;-0.001167
1627;0.025836;0.009969;-0.040006
1628;0.024674;-0.011650;0.015024
1629;0.018784;-0.007137;0.045396
1630;0.011070;0.008108;0.014200
1631;0.026778;0.002247;0.010068
1632;0.018618;0.029655;0.021089
1633;0.037512;0.003805;-0.032883
1634;0.026006;-0.003988;-0.016045
1635;0.015628;-0.001920;0.012157
1636;0.017546;0.007788;-0.019326
1637;0.015885;0.009024;-0.018166
1638;0.006661;0.005256;-0.024185
1639;-0.004893;-0.009373;-0.004650
1640;-0.013140;0.005315;0.015645
1641;-0.014858;-0.001150;-0.055516
1642;0.041484;-0.003594;0.000891
1643;-0.013427;-0.013160;0.028154
1644;0.002243;-0.012045;-0.052202
1645;0.008856;-0.002510;0.028535
1646;-0.011831;-0.005571;0.003997
1647;0.005399;-0.025257;-0.018734
1648;-0.003299;-0.023621;0.009773
1649;0.011474;0.023746;0.000386
1650;0.015108;0.011170;-0.030476
1651;0.017238;0.000770;0.008846
1652;0.014269;0.013182;-0.007026
1653;0.030307;0.009608;-0.017723
1654;0.018430;-0.015774;0.019004
1655;-0.005151;-0.003806;0.015391
1656;0.011919;-0.005590;-0.011717
1657;0.003601;0.011852;-0.005006
1658;0.000776;-0.010667;0.001202
1659;-0.017717;-0.013503;0.006958
1660;0.002369;-0.003672;-0.005792
1661;-0.012422;0.002196;-0.001356
1662;0.020070;-0.011886;-0.048233
1663;0.018946;-0.015644;0.052029
1664;-0.013173;-0.000705;0.008969
1665;0.000382;0.004309;-0.033391
1666;0.019344;0.000734;-0.016574
1667;0.001516;-0.013863;0.006484
1668;0.015161;-0.022880;0.024029
